#---------- Tue Nov 29 16:11:53 PST 2022 ----------
#Format: Task Counter Number,Did Simulation Succeed,Last Step Size Used,Number of Simulations Attempted
16,true,0.01,1
22,true,0.01,1
27,true,0.01,1
34,true,0.01,1
41,true,0.01,1
49,true,0.01,1
55,true,0.01,1
64,true,0.01,1
75,true,0.01,1
81,true,0.01,1
89,true,0.01,1
97,true,0.01,1
105,true,0.01,1
113,true,0.01,1
121,true,0.01,1
129,true,0.01,1
137,true,0.01,1
145,true,0.01,1
154,true,0.01,1
162,false,0.01,1
173,true,0.01,1
183,true,0.01,1
192,true,0.01,1
202,true,0.01,1
212,true,0.01,1
223,true,0.01,1
235,true,0.01,1
244,true,0.01,1
256,true,0.01,1
264,true,0.01,1
272,true,0.01,1
285,true,0.01,1
297,true,0.01,1
307,true,0.01,1
317,true,0.01,1
330,false,0.01,1
340,true,0.01,1
350,true,0.01,1
361,true,0.01,1
368,true,0.01,1
381,true,0.01,1
391,true,0.01,1
397,true,0.01,1
407,false,0.01,1
421,false,0.01,1
430,false,0.01,1
440,true,0.01,1
450,true,0.01,1
461,true,0.01,1
465,false,0.01,1
478,true,0.01,1
486,true,0.01,1
496,true,0.01,1
509,true,0.01,1
518,true,0.01,1
527,true,0.01,1
536,true,0.01,1
545,true,0.01,1
554,true,0.01,1
564,true,0.01,1
574,false,0.01,1
584,false,0.01,1
595,true,0.01,1
605,true,0.01,1
614,true,0.01,1
622,true,0.01,1
631,true,0.01,1
641,true,0.01,1
651,false,0.01,1
658,true,0.01,1
672,false,0.01,1
678,false,0.01,1
689,true,0.01,1
702,true,0.01,1
710,false,0.01,1
723,true,0.01,1
733,true,0.01,1
743,true,0.01,1
753,false,0.01,1
765,true,0.01,1
775,true,0.01,1
789,true,0.01,1
799,true,0.01,1
809,true,0.01,1
819,true,0.01,1
824,true,0.01,1
832,true,0.01,1
847,true,0.01,1
854,true,0.01,1
870,true,0.01,1
879,true,0.01,1
890,true,0.01,1
900,true,0.01,1
910,true,0.01,1
920,true,0.01,1
930,true,0.01,1
940,true,0.01,1
950,true,0.01,1
960,true,0.01,1
970,true,0.01,1
982,true,0.01,1
993,true,0.01,1
1000,true,0.01,1
1012,true,0.01,1
1021,true,0.01,1
1031,true,0.01,1
1040,true,0.01,1
1050,true,0.01,1
1060,false,0.01,1
1067,true,0.01,1
1080,true,0.01,1
1086,false,0.01,1
1097,false,0.01,1
1113,false,0.01,1
1123,false,0.01,1
1132,false,0.01,1
1144,true,0.01,1
1154,true,0.01,1
1163,true,0.01,1
1173,true,0.01,1
1182,true,0.01,1
1191,true,0.01,1
1200,true,0.01,1
1209,true,0.01,1
1218,true,0.01,1
1227,true,0.01,1
1236,true,0.01,1
1245,true,0.01,1
1254,true,0.01,1
1262,true,0.01,1
1273,true,0.01,1
1277,true,0.01,1
1284,true,0.01,1
1298,true,0.01,1
1308,false,0.01,1
1318,true,0.01,1
1327,true,0.01,1
1335,true,0.01,1
1344,true,0.01,1
1353,true,0.01,1
1359,true,0.01,1
1369,true,0.01,1
1377,true,0.01,1
1387,true,0.01,1
1396,true,0.01,1
1404,true,0.01,1
1413,true,0.01,1
1422,true,0.01,1
1431,true,0.01,1
1439,false,0.01,1
1452,true,0.01,1
1460,false,0.01,1
1469,false,0.01,1
1477,false,0.01,1
1487,false,0.01,1
1497,false,0.01,1
1506,false,0.01,1
1515,false,0.01,1
1529,false,0.01,1
1536,false,0.01,1
1539,true,0.01,1
1548,true,0.01,1
1557,true,0.01,1
1566,false,0.01,1
1576,true,0.01,1
1585,true,0.01,1
1594,true,0.01,1
1603,true,0.01,1
1612,true,0.01,1
1621,true,0.01,1
1629,true,0.01,1
1645,false,0.01,1
1650,false,0.01,1
1663,false,0.01,1
1669,false,0.01,1
1680,false,0.01,1
1691,false,0.01,1
1701,false,0.01,1
1710,false,0.01,1
1719,false,0.01,1
1728,false,0.01,1
1737,false,0.01,1
1750,false,0.01,1
1756,false,0.01,1
1765,true,0.01,1
1777,false,0.01,1
1787,false,0.01,1
1797,false,0.01,1
1803,false,0.01,1
1813,false,0.01,1
1819,false,0.01,1
1835,false,0.01,1
1844,false,0.01,1
1851,false,0.01,1
1854,true,0.01,1
1864,false,0.01,1
1873,false,0.01,1
1883,false,0.01,1
1890,true,0.01,1
1898,false,0.01,1
1906,false,0.01,1
1915,false,0.01,1
1922,false,0.01,1
1932,false,0.01,1
1938,false,0.01,1
1946,false,0.01,1
1955,false,0.01,1
1962,false,0.01,1
1974,false,0.01,1
1980,false,0.01,1
1991,false,0.01,1
1997,false,0.01,1
2005,false,0.01,1
2013,false,0.01,1
2021,false,0.01,1
2028,false,0.01,1
2035,false,0.01,1
2042,false,0.01,1
2049,false,0.01,1
2056,false,0.01,1
2063,false,0.01,1
2068,false,0.01,1
2075,false,0.01,1
2082,false,0.01,1
2087,false,0.01,1
2094,false,0.01,1
2101,false,0.01,1
2108,false,0.01,1
2117,false,0.01,1
2125,false,0.01,1
2132,false,0.01,1
2140,false,0.01,1
2147,false,0.01,1
2153,false,0.01,1
2161,true,0.01,1
2167,false,0.01,1
2174,false,0.01,1
2181,false,0.01,1
2188,true,0.01,1
2195,true,0.01,1
2202,true,0.01,1
2209,true,0.01,1
2215,true,0.01,1
2221,true,0.01,1
2228,true,0.01,1
2236,true,0.01,1
2243,true,0.01,1
2252,false,0.01,1
2258,true,0.01,1
2265,true,0.01,1
2271,true,0.01,1
2276,true,0.01,1
2283,true,0.01,1
2290,true,0.01,1
2297,true,0.01,1
2307,true,0.01,1
2312,true,0.01,1
2319,true,0.01,1
2326,true,0.01,1
2332,true,0.01,1
2340,true,0.01,1
2347,true,0.01,1
2354,true,0.01,1
2361,true,0.01,1
2367,true,0.01,1
2373,true,0.01,1
2380,true,0.01,1
2387,true,0.01,1
2394,true,0.01,1
2404,true,0.01,1
2409,true,0.01,1
2416,true,0.01,1
2425,true,0.01,1
2431,true,0.01,1
2437,true,0.01,1
2444,true,0.01,1
2451,true,0.01,1
2459,true,0.01,1
2466,true,0.01,1
2477,false,0.01,1
2483,true,0.01,1
2490,true,0.01,1
2497,true,0.01,1
2502,true,0.01,1
2513,true,0.01,1
2520,true,0.01,1
2527,false,0.01,1
2534,true,0.01,1
2541,true,0.01,1
2548,true,0.01,1
2555,true,0.01,1
2562,true,0.01,1
2569,true,0.01,1
2575,true,0.01,1
2582,true,0.01,1
2589,true,0.01,1
2596,false,0.01,1
2604,false,0.01,1
2612,true,0.01,1
2618,false,0.01,1
2625,false,0.01,1
2631,true,0.01,1
2637,true,0.01,1
2645,false,0.01,1
2653,false,0.01,1
2660,true,0.01,1
2668,true,0.01,1
2675,true,0.01,1
2682,true,0.01,1
2692,true,0.01,1
2697,true,0.01,1
2704,true,0.01,1
2711,true,0.01,1
2719,true,0.01,1
2726,true,0.01,1
2732,true,0.01,1
2740,true,0.01,1
2747,true,0.01,1
2754,true,0.01,1
2761,false,0.01,1
2768,true,0.01,1
2776,true,0.01,1
2781,true,0.01,1
2788,false,0.01,1
2795,true,0.01,1
2802,true,0.01,1
2807,true,0.01,1
2815,false,0.01,1
2822,true,0.01,1
2827,true,0.01,1
2836,false,0.01,1
2844,false,0.01,1
2852,false,0.01,1
2858,false,0.01,1
2864,true,0.01,1
2870,false,0.01,1
2876,false,0.01,1
2882,true,0.01,1
2888,false,0.01,1
2894,true,0.01,1
2902,true,0.01,1
2908,true,0.01,1
2914,false,0.01,1
2920,true,0.01,1
2924,true,0.01,1
2930,true,0.01,1
2937,true,0.01,1
2942,true,0.01,1
2948,true,0.01,1
2954,true,0.01,1
2960,true,0.01,1
2965,true,0.01,1
2971,true,0.01,1
2979,true,0.01,1
2985,true,0.01,1
2991,true,0.01,1
2996,true,0.01,1
3002,true,0.01,1
3008,true,0.01,1
3013,false,0.01,1
3019,true,0.01,1
3025,true,0.01,1
3030,true,0.01,1
3036,true,0.01,1
3042,true,0.01,1
3048,true,0.01,1
3054,true,0.01,1
3060,true,0.01,1
3066,true,0.01,1
3072,true,0.01,1
3078,true,0.01,1
3085,false,0.01,1
3090,true,0.01,1
3096,true,0.01,1
3102,false,0.01,1
3107,true,0.01,1
3113,false,0.01,1
3121,false,0.01,1
3127,true,0.01,1
3133,true,0.01,1
3139,true,0.01,1
3144,true,0.01,1
3150,true,0.01,1
3156,true,0.01,1
3162,true,0.01,1
3168,true,0.01,1
3174,false,0.01,1
3180,true,0.01,1
3185,false,0.01,1
3191,true,0.01,1
3197,true,0.01,1
3205,true,0.01,1
3211,true,0.01,1
3216,true,0.01,1
3222,true,0.01,1
3228,false,0.01,1
3236,true,0.01,1
3242,true,0.01,1
3248,false,0.01,1
3254,false,0.01,1
3260,true,0.01,1
#---------- Tue Nov 29 18:56:47 PST 2022 ----------
#Format: Task Counter Number,Did Simulation Succeed,Last Step Size Used,Number of Simulations Attempted
4483,true,0.01,1
4495,true,0.01,1
4503,true,0.01,1
4512,true,0.01,1
4521,true,0.01,1
4531,true,0.01,1
4541,false,0.01,1
4554,true,0.01,1
4565,true,0.01,1
4574,true,0.01,1
4587,true,0.01,1
4595,true,0.01,1
4605,true,0.01,1
4615,true,0.01,1
4625,true,0.01,1
4635,true,0.01,1
4647,true,0.01,1
4657,true,0.01,1
4667,true,0.01,1
4678,true,0.01,1
4686,true,0.01,1
4697,true,0.01,1
4706,true,0.01,1
4717,true,0.01,1
4727,true,0.01,1
4740,true,0.01,1
4749,true,0.01,1
4759,true,0.01,1
4769,true,0.01,1
4781,false,0.01,1
4792,true,0.01,1
4802,true,0.01,1
4812,true,0.01,1
4820,true,0.01,1
4832,true,0.01,1
4842,true,0.01,1
4852,true,0.01,1
4863,true,0.01,1
4873,true,0.01,1
4882,true,0.01,1
4892,true,0.01,1
4902,true,0.01,1
4913,true,0.01,1
4924,true,0.01,1
4934,false,0.01,1
4943,true,0.01,1
4954,true,0.01,1
4965,true,0.01,1
4974,true,0.01,1
4983,true,0.01,1
4992,true,0.01,1
5003,true,0.01,1
5013,true,0.01,1
5023,false,0.01,1
5033,true,0.01,1
5046,false,0.01,1
5051,true,0.01,1
5062,true,0.01,1
5070,true,0.01,1
5079,true,0.01,1
5087,true,0.01,1
5096,true,0.01,1
5103,true,0.01,1
5112,true,0.01,1
5122,false,0.01,1
5128,true,0.01,1
5135,true,0.01,1
5145,true,0.01,1
5151,true,0.01,1
5159,false,0.01,1
5165,true,0.01,1
5172,true,0.01,1
5177,false,0.01,1
5184,true,0.01,1
5192,true,0.01,1
5200,true,0.01,1
5208,true,0.01,1
5216,true,0.01,1
5224,true,0.01,1
5232,true,0.01,1
5238,true,0.01,1
5247,true,0.01,1
5256,true,0.01,1
5266,true,0.01,1
5273,true,0.01,1
5281,true,0.01,1
5289,true,0.01,1
5297,true,0.01,1
5305,true,0.01,1
5312,true,0.01,1
5322,true,0.01,1
5327,true,0.01,1
5335,true,0.01,1
5343,true,0.01,1
5351,false,0.01,1
5359,true,0.01,1
5368,true,0.01,1
5376,true,0.01,1
5384,false,0.01,1
5390,true,0.01,1
5398,true,0.01,1
5406,true,0.01,1
5412,true,0.01,1
5421,true,0.01,1
5430,true,0.01,1
5436,true,0.01,1
5444,false,0.01,1
5452,true,0.01,1
5460,true,0.01,1
5468,true,0.01,1
5476,true,0.01,1
5484,true,0.01,1
5489,true,0.01,1
5497,true,0.01,1
5505,true,0.01,1
5513,false,0.01,1
5522,true,0.01,1
5531,true,0.01,1
5539,true,0.01,1
5546,true,0.01,1
5555,true,0.01,1
5563,true,0.01,1
5571,true,0.01,1
5579,true,0.01,1
5587,true,0.01,1
5595,true,0.01,1
5601,true,0.01,1
5608,false,0.01,1
5616,true,0.01,1
5625,true,0.01,1
5635,true,0.01,1
5644,true,0.01,1
5657,true,0.01,1
5666,true,0.01,1
5675,false,0.01,1
5684,true,0.01,1
5691,true,0.01,1
5697,true,0.01,1
5706,true,0.01,1
5714,false,0.01,1
5722,true,0.01,1
5730,false,0.01,1
5738,true,0.01,1
5746,true,0.01,1
5752,true,0.01,1
5760,true,0.01,1
5768,false,0.01,1
5776,false,0.01,1
5784,false,0.01,1
5791,true,0.01,1
5800,true,0.01,1
5808,true,0.01,1
5814,true,0.01,1
5822,false,0.01,1
5830,false,0.01,1
5839,false,0.01,1
5846,false,0.01,1
5853,true,0.01,1
5861,true,0.01,1
5875,false,0.01,1
5881,true,0.01,1
5888,true,0.01,1
5902,true,0.01,1
5908,true,0.01,1
5915,false,0.01,1
5922,true,0.01,1
5933,true,0.01,1
5944,true,0.01,1
5949,true,0.01,1
5959,true,0.01,1
5969,true,0.01,1
5980,true,0.01,1
5985,true,0.01,1
5995,true,0.01,1
6006,true,0.01,1
6014,true,0.01,1
6021,true,0.01,1
6029,false,0.01,1
6037,false,0.01,1
6044,true,0.01,1
6053,true,0.01,1
6061,true,0.01,1
6066,true,0.01,1
6074,true,0.01,1
6083,false,0.01,1
6092,false,0.01,1
6099,false,0.01,1
6104,true,0.01,1
6117,false,0.01,1
6121,true,0.01,1
6134,true,0.01,1
6140,true,0.01,1
6152,true,0.01,1
6159,true,0.01,1
6168,true,0.01,1
6176,true,0.01,1
6184,true,0.01,1
6194,true,0.01,1
6201,true,0.01,1
6211,true,0.01,1
6219,true,0.01,1
6227,false,0.01,1
6235,false,0.01,1
6243,false,0.01,1
6249,false,0.01,1
6260,false,0.01,1
6266,true,0.01,1
6274,true,0.01,1
6282,true,0.01,1
6290,false,0.01,1
6295,true,0.01,1
6303,false,0.01,1
6310,true,0.01,1
6320,false,0.01,1
6329,false,0.01,1
6339,true,0.01,1
6345,false,0.01,1
6353,false,0.01,1
6361,false,0.01,1
6366,true,0.01,1
6371,false,0.01,1
6379,false,0.01,1
6387,false,0.01,1
6389,false,0.01,1
6397,false,0.01,1
6405,false,0.01,1
6412,false,0.01,1
6419,true,0.01,1
6425,false,0.01,1
6433,false,0.01,1
6441,false,0.01,1
6449,false,0.01,1
6457,false,0.01,1
6465,false,0.01,1
6474,false,0.01,1
6484,false,0.01,1
6488,false,0.01,1
6496,false,0.01,1
6504,false,0.01,1
6511,false,0.01,1
6519,false,0.01,1
6529,false,0.01,1
6538,false,0.01,1
6544,true,0.01,1
6552,true,0.01,1
6560,false,0.01,1
6568,true,0.01,1
6576,true,0.01,1
6584,true,0.01,1
6592,true,0.01,1
6597,true,0.01,1
6605,true,0.01,1
6613,true,0.01,1
6621,true,0.01,1
6629,true,0.01,1
6637,true,0.01,1
6644,true,0.01,1
6652,true,0.01,1
6660,true,0.01,1
6668,true,0.01,1
6677,true,0.01,1
6687,true,0.01,1
6692,true,0.01,1
6700,true,0.01,1
6705,true,0.01,1
6713,true,0.01,1
6721,true,0.01,1
6729,true,0.01,1
6738,true,0.01,1
6746,true,0.01,1
6753,true,0.01,1
6762,true,0.01,1
6769,true,0.01,1
6777,true,0.01,1
6780,true,0.01,1
6790,true,0.01,1
6800,true,0.01,1
6808,true,0.01,1
6815,true,0.01,1
6826,true,0.01,1
6833,true,0.01,1
6843,true,0.01,1
6850,true,0.01,1
6857,true,0.01,1
6865,true,0.01,1
6873,true,0.01,1
6881,true,0.01,1
6889,true,0.01,1
6897,true,0.01,1
6905,true,0.01,1
6914,true,0.01,1
6922,true,0.01,1
6927,true,0.01,1
6936,true,0.01,1
6945,true,0.01,1
6955,true,0.01,1
6962,true,0.01,1
6969,true,0.01,1
6978,true,0.01,1
6984,true,0.01,1
6992,true,0.01,1
7002,true,0.01,1
7009,true,0.01,1
7017,true,0.01,1
7025,true,0.01,1
7032,true,0.01,1
7042,true,0.01,1
7050,true,0.01,1
7057,true,0.01,1
7069,true,0.01,1
7074,true,0.01,1
7086,true,0.01,1
7091,true,0.01,1
7099,true,0.01,1
7105,true,0.01,1
7112,true,0.01,1
7125,true,0.01,1
7132,true,0.01,1
7140,true,0.01,1
7148,true,0.01,1
7156,true,0.01,1
7164,true,0.01,1
7171,true,0.01,1
7180,true,0.01,1
7186,true,0.01,1
7195,true,0.01,1
7203,true,0.01,1
7210,false,0.01,1
7218,false,0.01,1
7226,false,0.01,1
7234,false,0.01,1
7242,false,0.01,1
7250,true,0.01,1
7258,true,0.01,1
7266,true,0.01,1
7274,true,0.01,1
7282,true,0.01,1
7290,true,0.01,1
7298,true,0.01,1
7306,true,0.01,1
7314,true,0.01,1
7322,true,0.01,1
7330,true,0.01,1
7335,true,0.01,1
7347,true,0.01,1
7352,true,0.01,1
7360,true,0.01,1
7367,true,0.01,1
7373,true,0.01,1
7384,true,0.01,1
7392,true,0.01,1
7401,true,0.01,1
7406,true,0.01,1
7417,true,0.01,1
7422,true,0.01,1
7432,true,0.01,1
7439,true,0.01,1
7447,true,0.01,1
7455,true,0.01,1
7463,true,0.01,1
7471,true,0.01,1
7479,true,0.01,1
7486,true,0.01,1
7495,true,0.01,1
7503,true,0.01,1
7511,true,0.01,1
7519,true,0.01,1
7527,true,0.01,1
7535,true,0.01,1
7543,true,0.01,1
7550,true,0.01,1
7557,true,0.01,1
7566,true,0.01,1
7576,true,0.01,1
7583,true,0.01,1
7591,true,0.01,1
7599,true,0.01,1
7605,true,0.01,1
7613,true,0.01,1
7621,false,0.01,1
7629,false,0.01,1
7637,true,0.01,1
7645,true,0.01,1
7653,true,0.01,1
7660,true,0.01,1
7665,true,0.01,1
7674,true,0.01,1
7685,true,0.01,1
7691,true,0.01,1
7699,false,0.01,1
7707,true,0.01,1
7715,true,0.01,1
7723,true,0.01,1
7731,true,0.01,1
7740,true,0.01,1
7746,false,0.01,1
7756,true,0.01,1
7765,true,0.01,1
7774,true,0.01,1
7783,false,0.01,1
7792,true,0.01,1
7798,true,0.01,1
7806,true,0.01,1
7813,true,0.01,1
7823,true,0.01,1
7832,true,0.01,1
7841,true,0.01,1
7848,true,0.01,1
7856,true,0.01,1
7864,false,0.01,1
7872,false,0.01,1
7879,true,0.01,1
7888,true,0.01,1
7894,true,0.01,1
7900,false,0.01,1
7910,true,0.01,1
7919,true,0.01,1
7925,true,0.01,1
7933,true,0.01,1
7941,false,0.01,1
7950,true,0.01,1
7958,true,0.01,1
7966,true,0.01,1
7974,true,0.01,1
7982,false,0.01,1
7991,false,0.01,1
8001,true,0.01,1
8007,false,0.01,1
8015,true,0.01,1
8023,false,0.01,1
8031,false,0.01,1
8039,false,0.01,1
8047,true,0.01,1
8054,false,0.01,1
8062,false,0.01,1
8070,false,0.01,1
8078,false,0.01,1
8085,false,0.01,1
8093,false,0.01,1
8101,false,0.01,1
8109,true,0.01,1
8117,false,0.01,1
8125,false,0.01,1
8133,false,0.01,1
8141,false,0.01,1
8147,false,0.01,1
8157,true,0.01,1
8164,true,0.01,1
8172,true,0.01,1
8181,true,0.01,1
8192,true,0.01,1
8198,false,0.01,1
8206,false,0.01,1
8214,false,0.01,1
8221,true,0.01,1
8233,false,0.01,1
8241,false,0.01,1
8249,true,0.01,1
8257,true,0.01,1
8265,false,0.01,1
8272,false,0.01,1
8280,false,0.01,1
8289,false,0.01,1
8298,false,0.01,1
8306,false,0.01,1
8314,false,0.01,1
8322,false,0.01,1
8330,false,0.01,1
8338,false,0.01,1
8346,false,0.01,1
8354,false,0.01,1
8362,false,0.01,1
8370,true,0.01,1
8378,false,0.01,1
8386,false,0.01,1
8394,false,0.01,1
8402,false,0.01,1
8410,false,0.01,1
8417,false,0.01,1
8426,false,0.01,1
8436,false,0.01,1
8442,true,0.01,1
8451,true,0.01,1
8458,false,0.01,1
8465,false,0.01,1
8471,true,0.01,1
8478,true,0.01,1
8484,false,0.01,1
8490,true,0.01,1
8497,true,0.01,1
8504,false,0.01,1
8511,false,0.01,1
8518,false,0.01,1
8525,false,0.01,1
8532,false,0.01,1
8539,false,0.01,1
8546,false,0.01,1
8553,false,0.01,1
8561,false,0.01,1
8567,false,0.01,1
8574,false,0.01,1
8582,false,0.01,1
8589,false,0.01,1
8596,false,0.01,1
8604,false,0.01,1
8611,false,0.01,1
8617,false,0.01,1
8625,false,0.01,1
8631,true,0.01,1
8638,false,0.01,1
8645,false,0.01,1
8652,false,0.01,1
8658,true,0.01,1
8665,false,0.01,1
8672,false,0.01,1
8679,false,0.01,1
8684,false,0.01,1
8690,false,0.01,1
8697,false,0.01,1
8704,true,0.01,1
8711,false,0.01,1
8718,false,0.01,1
8725,false,0.01,1
8732,false,0.01,1
8740,true,0.01,1
8747,false,0.01,1
8754,true,0.01,1
8760,true,0.01,1
8765,true,0.01,1
8772,true,0.01,1
8779,true,0.01,1
8785,true,0.01,1
8791,true,0.01,1
8798,true,0.01,1
8805,true,0.01,1
8812,true,0.01,1
8818,true,0.01,1
8825,true,0.01,1
8831,true,0.01,1
8839,true,0.01,1
8846,true,0.01,1
8852,true,0.01,1
8859,true,0.01,1
8865,true,0.01,1
8872,true,0.01,1
8879,true,0.01,1
8886,true,0.01,1
8891,true,0.01,1
8898,true,0.01,1
8905,true,0.01,1
8911,true,0.01,1
8918,true,0.01,1
8925,true,0.01,1
8932,true,0.01,1
8939,true,0.01,1
8948,true,0.01,1
8955,true,0.01,1
8962,true,0.01,1
8969,true,0.01,1
8978,true,0.01,1
8986,true,0.01,1
8991,true,0.01,1
9000,true,0.01,1
9008,true,0.01,1
9015,true,0.01,1
9023,true,0.01,1
9030,true,0.01,1
9037,true,0.01,1
9043,true,0.01,1
9050,true,0.01,1
9058,true,0.01,1
9065,false,0.01,1
9076,true,0.01,1
9081,true,0.01,1
9088,true,0.01,1
9095,true,0.01,1
9102,true,0.01,1
9108,true,0.01,1
9115,true,0.01,1
9122,true,0.01,1
9128,true,0.01,1
9137,true,0.01,1
9146,true,0.01,1
9153,false,0.01,1
9160,false,0.01,1
9167,true,0.01,1
9174,true,0.01,1
9181,true,0.01,1
9189,true,0.01,1
9195,false,0.01,1
9202,true,0.01,1
9209,true,0.01,1
9216,true,0.01,1
9223,true,0.01,1
9230,true,0.01,1
9237,true,0.01,1
9244,true,0.01,1
9250,true,0.01,1
9257,true,0.01,1
9264,true,0.01,1
9270,true,0.01,1
9278,true,0.01,1
9285,true,0.01,1
9292,true,0.01,1
9299,true,0.01,1
9306,true,0.01,1
9314,true,0.01,1
9321,false,0.01,1
9328,true,0.01,1
9335,true,0.01,1
9342,true,0.01,1
9349,false,0.01,1
9356,true,0.01,1
9363,true,0.01,1
9368,true,0.01,1
9375,true,0.01,1
9382,true,0.01,1
9389,true,0.01,1
9398,false,0.01,1
9405,false,0.01,1
9412,false,0.01,1
9419,true,0.01,1
9429,false,0.01,1
9435,true,0.01,1
9442,true,0.01,1
9451,true,0.01,1
9460,true,0.01,1
9471,true,0.01,1
9480,true,0.01,1
9489,true,0.01,1
9498,true,0.01,1
9509,true,0.01,1
9519,true,0.01,1
9529,true,0.01,1
9539,true,0.01,1
9549,false,0.01,1
9559,true,0.01,1
9569,true,0.01,1
9584,true,0.01,1
9594,true,0.01,1
9604,true,0.01,1
9614,true,0.01,1
9626,true,0.01,1
9635,true,0.01,1
9642,true,0.01,1
9652,true,0.01,1
9661,true,0.01,1
9671,true,0.01,1
9680,true,0.01,1
9690,true,0.01,1
9702,true,0.01,1
9710,true,0.01,1
9723,true,0.01,1
9731,true,0.01,1
9746,true,0.01,1
9752,true,0.01,1
9761,true,0.01,1
9770,true,0.01,1
9779,true,0.01,1
9787,true,0.01,1
9798,true,0.01,1
9803,true,0.01,1
9817,false,0.01,1
9823,true,0.01,1
9835,false,0.01,1
9845,true,0.01,1
9855,true,0.01,1
9862,true,0.01,1
9871,true,0.01,1
9882,true,0.01,1
9892,true,0.01,1
9902,true,0.01,1
9914,true,0.01,1
9928,true,0.01,1
9936,true,0.01,1
9944,false,0.01,1
9957,true,0.01,1
9969,false,0.01,1
9975,true,0.01,1
9982,false,0.01,1
9992,true,0.01,1
10008,true,0.01,1
10018,true,0.01,1
10031,true,0.01,1
10043,true,0.01,1
10050,false,0.01,1
10056,true,0.01,1
10068,false,0.01,1
10075,true,0.01,1
10088,false,0.01,1
10097,false,0.01,1
10108,true,0.01,1
10118,true,0.01,1
10131,false,0.01,1
10140,false,0.01,1
10146,true,0.01,1
10158,false,0.01,1
10165,false,0.01,1
10178,false,0.01,1
10191,true,0.01,1
10201,true,0.01,1
10212,false,0.01,1
10220,false,0.01,1
10226,false,0.01,1
10241,false,0.01,1
10245,false,0.01,1
10257,false,0.01,1
10263,false,0.01,1
10273,false,0.01,1
10285,false,0.01,1
10292,false,0.01,1
10304,false,0.01,1
10310,false,0.01,1
10321,false,0.01,1
10331,false,0.01,1
10341,true,0.01,1
10351,true,0.01,1
10362,false,0.01,1
10371,false,0.01,1
10385,false,0.01,1
10394,false,0.01,1
10402,false,0.01,1
10410,false,0.01,1
10418,true,0.01,1
10432,true,0.01,1
10442,true,0.01,1
10451,false,0.01,1
10458,false,0.01,1
10474,false,0.01,1
10484,false,0.01,1
10491,false,0.01,1
10500,false,0.01,1
10507,false,0.01,1
10520,false,0.01,1
10527,false,0.01,1
10534,false,0.01,1
10545,false,0.01,1
10551,false,0.01,1
10566,true,0.01,1
10575,true,0.01,1
10584,true,0.01,1
10593,true,0.01,1
10602,true,0.01,1
10611,true,0.01,1
10620,true,0.01,1
10629,true,0.01,1
10643,false,0.01,1
10653,false,0.01,1
10659,false,0.01,1
10672,false,0.01,1
10678,false,0.01,1
10688,false,0.01,1
10697,false,0.01,1
10705,false,0.01,1
10710,true,0.01,1
10720,false,0.01,1
10728,false,0.01,1
10739,false,0.01,1
10748,false,0.01,1
10759,false,0.01,1
10765,true,0.01,1
10774,false,0.01,1
10783,false,0.01,1
10792,false,0.01,1
10801,true,0.01,1
10809,true,0.01,1
10817,false,0.01,1
10825,false,0.01,1
10833,false,0.01,1
10840,false,0.01,1
10847,true,0.01,1
10855,true,0.01,1
10867,false,0.01,1
10871,false,0.01,1
10879,false,0.01,1
10887,false,0.01,1
10895,false,0.01,1
10903,false,0.01,1
10914,false,0.01,1
10922,false,0.01,1
10930,false,0.01,1
10938,true,0.01,1
10945,true,0.01,1
10956,true,0.01,1
10962,false,0.01,1
10969,true,0.01,1
10977,true,0.01,1
10985,true,0.01,1
10992,true,0.01,1
11000,false,0.01,1
11006,true,0.01,1
11013,true,0.01,1
11021,false,0.01,1
11029,true,0.01,1
11037,true,0.01,1
11045,true,0.01,1
11053,true,0.01,1
11061,true,0.01,1
11069,true,0.01,1
11080,true,0.01,1
11089,true,0.01,1
11097,true,0.01,1
11105,true,0.01,1
11113,true,0.01,1
11121,true,0.01,1
11129,true,0.01,1
11139,true,0.01,1
11147,true,0.01,1
11158,true,0.01,1
11168,true,0.01,1
11178,false,0.01,1
11189,false,0.01,1
11196,true,0.01,1
11208,true,0.01,1
11219,true,0.01,1
11229,true,0.01,1
11239,true,0.01,1
11249,true,0.01,1
11259,true,0.01,1
11269,true,0.01,1
11280,true,0.01,1
11290,true,0.01,1
11300,true,0.01,1
11310,true,0.01,1
11320,true,0.01,1
11330,true,0.01,1
11340,false,0.01,1
11350,true,0.01,1
11360,true,0.01,1
11370,true,0.01,1
11378,true,0.01,1
11388,true,0.01,1
11399,true,0.01,1
11409,true,0.01,1
11418,true,0.01,1
11428,true,0.01,1
11439,true,0.01,1
11450,false,0.01,1
11460,true,0.01,1
11471,true,0.01,1
11481,true,0.01,1
11491,true,0.01,1
11502,true,0.01,1
11513,true,0.01,1
11522,true,0.01,1
11534,true,0.01,1
11544,true,0.01,1
11553,true,0.01,1
11564,true,0.01,1
11574,true,0.01,1
#---------- Wed Nov 30 00:21:48 PST 2022 ----------
#Format: Task Counter Number,Did Simulation Succeed,Last Step Size Used,Number of Simulations Attempted
16233,true,0.01,1
16243,true,0.01,1
16253,true,0.01,1
16264,true,0.01,1
16274,true,0.01,1
16284,true,0.01,1
16292,true,0.01,1
16306,true,0.01,1
16316,true,0.01,1
16325,true,0.01,1
16335,true,0.01,1
16346,true,0.01,1
16360,true,0.01,1
16367,true,0.01,1
16377,true,0.01,1
16387,true,0.01,1
16394,true,0.01,1
16404,true,0.01,1
16413,true,0.01,1
16423,true,0.01,1
16432,true,0.01,1
16442,true,0.01,1
16452,true,0.01,1
16462,true,0.01,1
16473,true,0.01,1
16483,true,0.01,1
16493,true,0.01,1
16503,true,0.01,1
16513,true,0.01,1
16523,true,0.01,1
16533,true,0.01,1
16544,true,0.01,1
16558,true,0.01,1
16567,true,0.01,1
16576,true,0.01,1
16586,true,0.01,1
16595,true,0.01,1
16603,true,0.01,1
16608,true,0.01,1
16619,true,0.01,1
16630,false,0.01,1
16639,false,0.01,1
16650,true,0.01,1
16660,true,0.01,1
16671,true,0.01,1
16678,true,0.01,1
16691,false,0.01,1
16703,false,0.01,1
16712,false,0.01,1
16722,true,0.01,1
16732,true,0.01,1
16742,true,0.01,1
16752,true,0.01,1
16762,true,0.01,1
16771,false,0.01,1
16780,false,0.01,1
16785,false,0.01,1
16794,true,0.01,1
16803,true,0.01,1
16818,false,0.01,1
16825,true,0.01,1
16833,true,0.01,1
16839,true,0.01,1
16855,false,0.01,1
16860,true,0.01,1
16866,true,0.01,1
16881,false,0.01,1
16890,false,0.01,1
16899,false,0.01,1
16908,false,0.01,1
16918,true,0.01,1
16927,true,0.01,1
16936,false,0.01,1
16946,false,0.01,1
16954,false,0.01,1
16960,true,0.01,1
16970,true,0.01,1
16978,true,0.01,1
16988,true,0.01,1
16996,true,0.01,1
17006,true,0.01,1
17015,false,0.01,1
17022,false,0.01,1
17028,false,0.01,1
17039,true,0.01,1
17048,true,0.01,1
17060,false,0.01,1
17067,false,0.01,1
17079,false,0.01,1
17083,false,0.01,1
17099,false,0.01,1
17108,false,0.01,1
17115,false,0.01,1
17121,false,0.01,1
17131,false,0.01,1
17140,true,0.01,1
17147,true,0.01,1
17158,true,0.01,1
17167,true,0.01,1
17175,false,0.01,1
17187,false,0.01,1
17190,true,0.01,1
17201,true,0.01,1
17210,true,0.01,1
17219,true,0.01,1
17228,true,0.01,1
17237,true,0.01,1
17245,true,0.01,1
17251,false,0.01,1
17259,false,0.01,1
17269,false,0.01,1
17279,false,0.01,1
17288,false,0.01,1
17297,false,0.01,1
17300,false,0.01,1
17315,false,0.01,1
17318,true,0.01,1
17329,false,0.01,1
17341,false,0.01,1
17350,false,0.01,1
17355,false,0.01,1
17369,false,0.01,1
17378,false,0.01,1
17386,false,0.01,1
17393,false,0.01,1
17405,false,0.01,1
17411,false,0.01,1
17423,false,0.01,1
17429,false,0.01,1
17434,true,0.01,1
17446,false,0.01,1
17454,false,0.01,1
17462,true,0.01,1
17470,true,0.01,1
17478,true,0.01,1
17486,false,0.01,1
17494,false,0.01,1
17502,true,0.01,1
17509,true,0.01,1
17518,true,0.01,1
17526,true,0.01,1
17534,true,0.01,1
17544,true,0.01,1
17551,false,0.01,1
17558,true,0.01,1
17567,true,0.01,1
17576,true,0.01,1
17583,true,0.01,1
17590,true,0.01,1
17598,true,0.01,1
17606,false,0.01,1
17616,true,0.01,1
17625,true,0.01,1
17632,true,0.01,1
17640,true,0.01,1
17648,true,0.01,1
17656,true,0.01,1
17664,true,0.01,1
17672,true,0.01,1
17680,true,0.01,1
17688,true,0.01,1
17692,true,0.01,1
17700,true,0.01,1
17708,true,0.01,1
17716,true,0.01,1
17724,true,0.01,1
17732,true,0.01,1
17741,false,0.01,1
17748,true,0.01,1
17757,true,0.01,1
17767,false,0.01,1
17776,false,0.01,1
17785,false,0.01,1
17792,true,0.01,1
17801,true,0.01,1
17810,true,0.01,1
17818,true,0.01,1
17824,true,0.01,1
17832,true,0.01,1
17839,true,0.01,1
17847,true,0.01,1
17854,true,0.01,1
17862,true,0.01,1
17870,true,0.01,1
17880,true,0.01,1
17885,true,0.01,1
17893,true,0.01,1
17901,false,0.01,1
17909,true,0.01,1
17917,true,0.01,1
17924,true,0.01,1
17931,true,0.01,1
17938,true,0.01,1
17946,false,0.01,1
17953,true,0.01,1
17960,true,0.01,1
17967,true,0.01,1
17973,false,0.01,1
17982,false,0.01,1
17988,true,0.01,1
17997,true,0.01,1
18003,true,0.01,1
18012,true,0.01,1
18017,true,0.01,1
18025,true,0.01,1
18033,true,0.01,1
18040,true,0.01,1
18047,true,0.01,1
18054,true,0.01,1
18061,true,0.01,1
18068,true,0.01,1
18076,true,0.01,1
18083,true,0.01,1
18089,true,0.01,1
18096,true,0.01,1
18103,true,0.01,1
18110,true,0.01,1
18117,true,0.01,1
18124,true,0.01,1
18131,true,0.01,1
18138,true,0.01,1
18145,false,0.01,1
18152,false,0.01,1
18159,true,0.01,1
18166,true,0.01,1
18173,true,0.01,1
18181,true,0.01,1
18188,true,0.01,1
18195,true,0.01,1
18202,true,0.01,1
18209,true,0.01,1
18217,true,0.01,1
18223,true,0.01,1
18230,true,0.01,1
18238,true,0.01,1
18245,false,0.01,1
18251,true,0.01,1
18258,true,0.01,1
18264,true,0.01,1
18271,true,0.01,1
18281,false,0.01,1
18284,true,0.01,1
18293,true,0.01,1
18302,true,0.01,1
18310,true,0.01,1
18317,false,0.01,1
18325,true,0.01,1
18332,true,0.01,1
18339,true,0.01,1
18346,true,0.01,1
18353,false,0.01,1
18364,true,0.01,1
18369,true,0.01,1
18376,true,0.01,1
18383,true,0.01,1
18390,true,0.01,1
18396,true,0.01,1
18403,true,0.01,1
18410,true,0.01,1
18417,true,0.01,1
18423,true,0.01,1
18430,true,0.01,1
18437,true,0.01,1
18445,true,0.01,1
18452,true,0.01,1
18459,true,0.01,1
18467,true,0.01,1
18475,true,0.01,1
18481,true,0.01,1
18489,true,0.01,1
18496,false,0.01,1
18504,true,0.01,1
18511,true,0.01,1
18518,true,0.01,1
18525,true,0.01,1
18532,false,0.01,1
18541,false,0.01,1
18549,true,0.01,1
18557,true,0.01,1
18563,false,0.01,1
18570,true,0.01,1
18576,true,0.01,1
18582,true,0.01,1
18588,true,0.01,1
18592,true,0.01,1
18598,true,0.01,1
18604,true,0.01,1
18611,true,0.01,1
18617,true,0.01,1
18623,true,0.01,1
18631,true,0.01,1
18637,true,0.01,1
18643,true,0.01,1
18649,true,0.01,1
18655,true,0.01,1
18661,true,0.01,1
18667,true,0.01,1
18674,true,0.01,1
18680,true,0.01,1
18686,true,0.01,1
18694,true,0.01,1
18700,true,0.01,1
18706,true,0.01,1
18712,false,0.01,1
18718,true,0.01,1
18723,true,0.01,1
18729,true,0.01,1
18736,true,0.01,1
18742,true,0.01,1
18749,false,0.01,1
18753,true,0.01,1
18759,true,0.01,1
18763,true,0.01,1
18769,true,0.01,1
18775,false,0.01,1
18781,true,0.01,1
18787,true,0.01,1
18793,true,0.01,1
18799,true,0.01,1
18805,true,0.01,1
18811,true,0.01,1
18818,true,0.01,1
18823,true,0.01,1
18829,true,0.01,1
18836,true,0.01,1
18841,true,0.01,1
18847,true,0.01,1
18855,true,0.01,1
18861,true,0.01,1
18866,true,0.01,1
18873,true,0.01,1
18880,false,0.01,1
18886,true,0.01,1
18892,true,0.01,1
18897,true,0.01,1
18902,true,0.01,1
18908,false,0.01,1
18913,true,0.01,1
18916,true,0.01,1
18922,true,0.01,1
18927,true,0.01,1
18932,true,0.01,1
18937,true,0.01,1
18942,true,0.01,1
18947,true,0.01,1
18952,true,0.01,1
18957,false,0.01,1
18964,false,0.01,1
18967,true,0.01,1
18973,false,0.01,1
18976,true,0.01,1
18981,false,0.01,1
18987,true,0.01,1
18988,true,0.01,1
18994,true,0.01,1
19002,true,0.01,1
19009,false,0.01,1
19013,true,0.01,1
19019,false,0.01,1
19024,true,0.01,1
19027,false,0.01,1
19031,true,0.01,1
19037,false,0.01,1
19042,true,0.01,1
19048,true,0.01,1
19051,true,0.01,1
19057,true,0.01,1
19060,true,0.01,1
19065,true,0.01,1
19069,true,0.01,1
19074,true,0.01,1
19078,true,0.01,1
19083,true,0.01,1
19087,true,0.01,1
19093,true,0.01,1
19097,true,0.01,1
19102,true,0.01,1
19104,true,0.01,1
19110,true,0.01,1
19113,true,0.01,1
19118,false,0.01,1
19123,true,0.01,1
19128,true,0.01,1
19131,true,0.01,1
19136,true,0.01,1
19143,true,0.01,1
19148,true,0.01,1
19153,true,0.01,1
19158,true,0.01,1
19163,true,0.01,1
19168,true,0.01,1
19173,true,0.01,1
19177,true,0.01,1
19182,true,0.01,1
19187,true,0.01,1
19192,true,0.01,1
19197,false,0.01,1
19200,true,0.01,1
19205,false,0.01,1
#---------- Wed Nov 30 06:12:34 PST 2022 ----------
#Format: Task Counter Number,Did Simulation Succeed,Last Step Size Used,Number of Simulations Attempted
22549,false,0.01,1
22562,false,0.01,1
22571,false,0.01,1
22581,true,0.01,1
22591,true,0.01,1
22601,true,0.01,1
22614,true,0.01,1
22627,true,0.01,1
22639,true,0.01,1
22649,true,0.01,1
22659,true,0.01,1
22667,true,0.01,1
22679,true,0.01,1
22687,false,0.01,1
22697,true,0.01,1
22707,true,0.01,1
22717,true,0.01,1
22727,true,0.01,1
22737,true,0.01,1
22746,true,0.01,1
22754,true,0.01,1
22767,false,0.01,1
22776,false,0.01,1
22783,true,0.01,1
22793,true,0.01,1
22803,false,0.01,1
22815,true,0.01,1
22821,true,0.01,1
22835,true,0.01,1
22844,true,0.01,1
22854,true,0.01,1
22865,true,0.01,1
22877,true,0.01,1
22885,true,0.01,1
22898,true,0.01,1
22912,true,0.01,1
22915,false,0.01,1
22931,false,0.01,1
22939,false,0.01,1
22945,true,0.01,1
22959,true,0.01,1
22966,false,0.01,1
22974,false,0.01,1
22983,false,0.01,1
22993,false,0.01,1
23010,false,0.01,1
23014,true,0.01,1
23028,false,0.01,1
23033,true,0.01,1
23048,false,0.01,1
23055,false,0.01,1
23062,true,0.01,1
23079,true,0.01,1
23089,true,0.01,1
23099,true,0.01,1
23109,true,0.01,1
23119,false,0.01,1
23129,true,0.01,1
23139,true,0.01,1
23149,true,0.01,1
23164,true,0.01,1
23172,false,0.01,1
23178,true,0.01,1
23190,false,0.01,1
23197,true,0.01,1
23210,false,0.01,1
23219,false,0.01,1
23230,true,0.01,1
23240,true,0.01,1
23254,false,0.01,1
23264,false,0.01,1
23271,false,0.01,1
23278,false,0.01,1
23289,false,0.01,1
23295,true,0.01,1
23306,true,0.01,1
23322,true,0.01,1
23332,false,0.01,1
23340,false,0.01,1
23347,true,0.01,1
23364,true,0.01,1
23374,true,0.01,1
23385,false,0.01,1
23394,false,0.01,1
23406,false,0.01,1
23414,false,0.01,1
23424,false,0.01,1
23431,false,0.01,1
23446,true,0.01,1
23456,true,0.01,1
23466,true,0.01,1
23477,true,0.01,1
23488,false,0.01,1
23493,false,0.01,1
23507,false,0.01,1
23513,true,0.01,1
23525,false,0.01,1
23534,false,0.01,1
23543,false,0.01,1
23553,true,0.01,1
23562,true,0.01,1
23571,true,0.01,1
23586,false,0.01,1
23593,false,0.01,1
23602,false,0.01,1
23610,false,0.01,1
23622,false,0.01,1
23627,true,0.01,1
23641,false,0.01,1
23646,false,0.01,1
23656,false,0.01,1
23665,false,0.01,1
23674,false,0.01,1
23684,false,0.01,1
23693,false,0.01,1
23702,false,0.01,1
23711,false,0.01,1
23721,false,0.01,1
23724,true,0.01,1
23736,false,0.01,1
23749,false,0.01,1
23754,false,0.01,1
23764,false,0.01,1
23778,true,0.01,1
23788,true,0.01,1
23798,true,0.01,1
23808,false,0.01,1
23818,false,0.01,1
23828,false,0.01,1
23837,false,0.01,1
23845,false,0.01,1
23857,false,0.01,1
23866,false,0.01,1
23873,false,0.01,1
23885,false,0.01,1
23892,false,0.01,1
23900,false,0.01,1
23911,false,0.01,1
23918,false,0.01,1
23928,false,0.01,1
23936,false,0.01,1
23945,false,0.01,1
23955,false,0.01,1
23962,false,0.01,1
23973,false,0.01,1
23979,false,0.01,1
23989,false,0.01,1
23999,false,0.01,1
24011,false,0.01,1
24019,false,0.01,1
24027,false,0.01,1
24036,false,0.01,1
24046,false,0.01,1
24056,false,0.01,1
24066,false,0.01,1
24075,false,0.01,1
24080,true,0.01,1
24092,true,0.01,1
24101,true,0.01,1
24112,false,0.01,1
24122,false,0.01,1
24129,false,0.01,1
24135,true,0.01,1
24145,true,0.01,1
24155,true,0.01,1
24165,true,0.01,1
24175,true,0.01,1
24185,true,0.01,1
24201,true,0.01,1
24211,true,0.01,1
24220,true,0.01,1
24230,true,0.01,1
24242,true,0.01,1
24251,true,0.01,1
24261,true,0.01,1
24271,true,0.01,1
24282,true,0.01,1
24292,true,0.01,1
24302,false,0.01,1
24308,true,0.01,1
24319,false,0.01,1
24331,true,0.01,1
24341,true,0.01,1
24350,true,0.01,1
24359,true,0.01,1
24369,true,0.01,1
24379,true,0.01,1
24391,true,0.01,1
24401,true,0.01,1
24411,true,0.01,1
24420,true,0.01,1
24430,true,0.01,1
24440,true,0.01,1
24450,true,0.01,1
24460,true,0.01,1
24470,false,0.01,1
24480,false,0.01,1
24490,true,0.01,1
24500,true,0.01,1
24515,true,0.01,1
24525,true,0.01,1
24535,true,0.01,1
24546,true,0.01,1
24556,true,0.01,1
24566,true,0.01,1
24578,true,0.01,1
24590,false,0.01,1
24598,false,0.01,1
24609,true,0.01,1
24619,true,0.01,1
24629,true,0.01,1
24643,true,0.01,1
24651,true,0.01,1
24665,true,0.01,1
24675,true,0.01,1
24685,true,0.01,1
24694,true,0.01,1
24705,false,0.01,1
24715,true,0.01,1
24726,true,0.01,1
24734,true,0.01,1
24750,true,0.01,1
24760,true,0.01,1
24772,true,0.01,1
24782,true,0.01,1
24792,true,0.01,1
24800,true,0.01,1
24813,true,0.01,1
24826,true,0.01,1
24836,true,0.01,1
24847,true,0.01,1
24856,true,0.01,1
24864,true,0.01,1
24873,true,0.01,1
24884,true,0.01,1
24893,true,0.01,1
24900,true,0.01,1
24911,true,0.01,1
24921,true,0.01,1
24931,true,0.01,1
24941,true,0.01,1
24950,true,0.01,1
24962,false,0.01,1
24975,true,0.01,1
24985,true,0.01,1
24995,true,0.01,1
25005,true,0.01,1
25014,true,0.01,1
25024,true,0.01,1
25034,false,0.01,1
25046,true,0.01,1
25058,false,0.01,1
25061,true,0.01,1
25073,true,0.01,1
25085,false,0.01,1
25089,true,0.01,1
25097,true,0.01,1
25112,true,0.01,1
25122,true,0.01,1
25131,true,0.01,1
25140,true,0.01,1
25149,true,0.01,1
25159,true,0.01,1
25171,true,0.01,1
25181,true,0.01,1
25191,true,0.01,1
25201,true,0.01,1
25211,true,0.01,1
25227,true,0.01,1
25237,true,0.01,1
25247,true,0.01,1
25259,true,0.01,1
25269,true,0.01,1
25279,true,0.01,1
25289,true,0.01,1
25299,true,0.01,1
25310,false,0.01,1
25315,true,0.01,1
25326,true,0.01,1
25338,true,0.01,1
25348,true,0.01,1
25358,false,0.01,1
25366,true,0.01,1
25375,true,0.01,1
25385,true,0.01,1
25394,true,0.01,1
25404,true,0.01,1
25415,true,0.01,1
25425,true,0.01,1
25435,true,0.01,1
25445,true,0.01,1
25458,false,0.01,1
25465,true,0.01,1
25478,false,0.01,1
25485,false,0.01,1
25497,true,0.01,1
25507,true,0.01,1
25517,false,0.01,1
25527,false,0.01,1
25543,false,0.01,1
25546,true,0.01,1
25559,false,0.01,1
25567,true,0.01,1
25577,false,0.01,1
25589,true,0.01,1
25599,true,0.01,1
25610,false,0.01,1
25619,true,0.01,1
25630,true,0.01,1
25640,true,0.01,1
25650,true,0.01,1
25662,true,0.01,1
25669,true,0.01,1
25684,false,0.01,1
25690,true,0.01,1
25702,false,0.01,1
25709,true,0.01,1
25719,false,0.01,1
25731,true,0.01,1
25741,true,0.01,1
25754,true,0.01,1
25762,false,0.01,1
25777,false,0.01,1
25780,true,0.01,1
25793,false,0.01,1
25802,false,0.01,1
25809,true,0.01,1
25818,true,0.01,1
25828,true,0.01,1
25838,true,0.01,1
25848,true,0.01,1
25858,true,0.01,1
25868,true,0.01,1
25884,true,0.01,1
25894,true,0.01,1
25906,true,0.01,1
25914,true,0.01,1
25923,true,0.01,1
25938,true,0.01,1
25948,true,0.01,1
25957,true,0.01,1
25967,true,0.01,1
25980,false,0.01,1
25989,false,0.01,1
26000,false,0.01,1
26012,false,0.01,1
26024,false,0.01,1
26037,false,0.01,1
26044,false,0.01,1
26050,true,0.01,1
26064,false,0.01,1
26073,false,0.01,1
26076,true,0.01,1
26085,true,0.01,1
26099,false,0.01,1
26107,false,0.01,1
26112,true,0.01,1
26120,true,0.01,1
26136,true,0.01,1
26148,true,0.01,1
26159,false,0.01,1
26171,false,0.01,1
26178,false,0.01,1
26184,true,0.01,1
26198,false,0.01,1
26205,false,0.01,1
26211,true,0.01,1
26224,false,0.01,1
26233,false,0.01,1
26242,false,0.01,1
26250,true,0.01,1
26259,true,0.01,1
26268,true,0.01,1
26276,true,0.01,1
26288,true,0.01,1
26295,true,0.01,1
26306,true,0.01,1
26314,true,0.01,1
26322,true,0.01,1
26331,true,0.01,1
26341,true,0.01,1
26352,true,0.01,1
26363,true,0.01,1
26373,true,0.01,1
26382,true,0.01,1
26393,true,0.01,1
26403,true,0.01,1
26413,true,0.01,1
26423,true,0.01,1
26433,true,0.01,1
26443,true,0.01,1
26452,true,0.01,1
26462,true,0.01,1
26472,true,0.01,1
26482,true,0.01,1
26492,true,0.01,1
26502,true,0.01,1
26512,true,0.01,1
26522,true,0.01,1
26531,true,0.01,1
26537,true,0.01,1
26549,true,0.01,1
26555,true,0.01,1
26567,true,0.01,1
26576,true,0.01,1
26586,true,0.01,1
26596,true,0.01,1
26606,true,0.01,1
26616,true,0.01,1
26626,true,0.01,1
26635,true,0.01,1
26645,true,0.01,1
26655,true,0.01,1
26665,true,0.01,1
26675,true,0.01,1
26685,true,0.01,1
26694,true,0.01,1
26704,true,0.01,1
26714,true,0.01,1
26723,true,0.01,1
26730,true,0.01,1
26741,false,0.01,1
26749,true,0.01,1
26758,false,0.01,1
26768,true,0.01,1
26784,true,0.01,1
26795,false,0.01,1
26806,true,0.01,1
26817,true,0.01,1
26826,true,0.01,1
26836,true,0.01,1
26847,true,0.01,1
26856,true,0.01,1
26866,true,0.01,1
26875,true,0.01,1
26885,true,0.01,1
26898,false,0.01,1
26906,true,0.01,1
26915,true,0.01,1
26923,true,0.01,1
26932,true,0.01,1
26941,true,0.01,1
26948,true,0.01,1
26956,true,0.01,1
26961,true,0.01,1
26971,true,0.01,1
26979,true,0.01,1
26986,true,0.01,1
26994,true,0.01,1
26999,true,0.01,1
27009,true,0.01,1
27020,true,0.01,1
27030,true,0.01,1
27035,true,0.01,1
27043,true,0.01,1
27048,true,0.01,1
27053,true,0.01,1
27061,true,0.01,1
27069,true,0.01,1
27077,true,0.01,1
27085,true,0.01,1
27093,true,0.01,1
27101,true,0.01,1
27109,true,0.01,1
27117,true,0.01,1
27123,true,0.01,1
27131,true,0.01,1
27139,true,0.01,1
27147,true,0.01,1
27155,true,0.01,1
27163,true,0.01,1
27171,true,0.01,1
27179,true,0.01,1
27187,true,0.01,1
27196,true,0.01,1
27207,true,0.01,1
27211,true,0.01,1
27223,true,0.01,1
27228,true,0.01,1
27236,true,0.01,1
27247,true,0.01,1
27252,true,0.01,1
27263,true,0.01,1
27272,true,0.01,1
27281,true,0.01,1
27291,true,0.01,1
27296,true,0.01,1
27304,true,0.01,1
27312,true,0.01,1
27320,true,0.01,1
27328,true,0.01,1
27336,true,0.01,1
27344,true,0.01,1
27352,true,0.01,1
27360,true,0.01,1
27366,true,0.01,1
27377,true,0.01,1
27386,false,0.01,1
27395,true,0.01,1
27405,true,0.01,1
27415,true,0.01,1
27425,true,0.01,1
27438,true,0.01,1
27451,true,0.01,1
27457,true,0.01,1
27468,true,0.01,1
27481,true,0.01,1
27488,true,0.01,1
27500,true,0.01,1
27506,true,0.01,1
27518,true,0.01,1
27527,true,0.01,1
27535,true,0.01,1
27543,true,0.01,1
27553,true,0.01,1
27567,true,0.01,1
27574,true,0.01,1
27585,true,0.01,1
27593,true,0.01,1
27607,true,0.01,1
27616,true,0.01,1
27624,true,0.01,1
27634,true,0.01,1
27644,true,0.01,1
27654,false,0.01,1
27661,true,0.01,1
27672,false,0.01,1
27686,true,0.01,1
27694,true,0.01,1
27702,true,0.01,1
27712,false,0.01,1
27722,false,0.01,1
27733,true,0.01,1
27743,true,0.01,1
27750,true,0.01,1
27761,true,0.01,1
27771,false,0.01,1
27781,false,0.01,1
27792,true,0.01,1
27802,true,0.01,1
27812,true,0.01,1
27821,true,0.01,1
27831,true,0.01,1
27839,true,0.01,1
27847,true,0.01,1
27859,true,0.01,1
27869,true,0.01,1
27880,false,0.01,1
27887,true,0.01,1
27899,true,0.01,1
27909,true,0.01,1
27920,true,0.01,1
27928,true,0.01,1
27934,true,0.01,1
27950,false,0.01,1
27954,true,0.01,1
27964,true,0.01,1
27976,false,0.01,1
27989,false,0.01,1
27998,false,0.01,1
28008,true,0.01,1
28018,true,0.01,1
28028,true,0.01,1
28037,false,0.01,1
28048,true,0.01,1
28063,true,0.01,1
28070,false,0.01,1
28083,true,0.01,1
28092,true,0.01,1
28101,true,0.01,1
28112,false,0.01,1
28119,true,0.01,1
28133,false,0.01,1
28139,true,0.01,1
28153,true,0.01,1
28162,true,0.01,1
28168,false,0.01,1
28180,true,0.01,1
28191,false,0.01,1
28201,false,0.01,1
28212,false,0.01,1
28218,false,0.01,1
28233,true,0.01,1
28243,true,0.01,1
28253,true,0.01,1
28263,true,0.01,1
28272,false,0.01,1
28281,true,0.01,1
28295,false,0.01,1
28302,false,0.01,1
28311,false,0.01,1
28321,false,0.01,1
28332,true,0.01,1
28342,true,0.01,1
28352,false,0.01,1
28362,false,0.01,1
28376,false,0.01,1
28382,false,0.01,1
28393,false,0.01,1
28401,false,0.01,1
28410,false,0.01,1
28423,true,0.01,1
28434,true,0.01,1
28446,true,0.01,1
28454,true,0.01,1
28463,true,0.01,1
28475,true,0.01,1
28483,true,0.01,1
28490,true,0.01,1
28502,true,0.01,1
28511,true,0.01,1
28521,true,0.01,1
28531,true,0.01,1
28541,true,0.01,1
28553,true,0.01,1
28563,true,0.01,1
28573,true,0.01,1
28581,true,0.01,1
28592,true,0.01,1
28599,true,0.01,1
28610,true,0.01,1
28620,true,0.01,1
28629,true,0.01,1
28638,true,0.01,1
28647,true,0.01,1
28656,true,0.01,1
28665,true,0.01,1
28675,true,0.01,1
28686,true,0.01,1
28694,false,0.01,1
28701,true,0.01,1
28714,true,0.01,1
28720,true,0.01,1
28734,true,0.01,1
28737,true,0.01,1
28753,true,0.01,1
28759,true,0.01,1
28768,true,0.01,1
28775,true,0.01,1
28786,true,0.01,1
28793,true,0.01,1
28806,true,0.01,1
28815,true,0.01,1
28824,true,0.01,1
28833,true,0.01,1
28842,false,0.01,1
28849,true,0.01,1
28856,true,0.01,1
28870,true,0.01,1
28878,true,0.01,1
28887,true,0.01,1
28894,true,0.01,1
28901,true,0.01,1
28913,true,0.01,1
28920,true,0.01,1
28930,true,0.01,1
28940,true,0.01,1
28950,true,0.01,1
28955,false,0.01,1
28962,true,0.01,1
28972,true,0.01,1
28981,true,0.01,1
28989,true,0.01,1
29002,true,0.01,1
29009,true,0.01,1
29021,true,0.01,1
29029,true,0.01,1
29036,true,0.01,1
29050,true,0.01,1
29059,true,0.01,1
29068,true,0.01,1
29077,true,0.01,1
29088,false,0.01,1
29098,false,0.01,1
29108,true,0.01,1
29118,true,0.01,1
29129,true,0.01,1
29139,false,0.01,1
29148,false,0.01,1
29158,true,0.01,1
29170,false,0.01,1
29177,true,0.01,1
29190,true,0.01,1
29193,true,0.01,1
29205,false,0.01,1
29216,true,0.01,1
29231,true,0.01,1
29238,true,0.01,1
29245,true,0.01,1
29256,true,0.01,1
29267,true,0.01,1
29276,true,0.01,1
29286,true,0.01,1
29296,true,0.01,1
29306,true,0.01,1
29319,true,0.01,1
29329,true,0.01,1
29339,true,0.01,1
29349,true,0.01,1
29359,true,0.01,1
29369,true,0.01,1
29380,true,0.01,1
29391,true,0.01,1
29402,true,0.01,1
29414,false,0.01,1
29422,false,0.01,1
29429,true,0.01,1
29439,false,0.01,1
29449,false,0.01,1
29456,true,0.01,1
29465,true,0.01,1
29475,true,0.01,1
29487,true,0.01,1
29496,true,0.01,1
29505,true,0.01,1
29514,true,0.01,1
29525,true,0.01,1
29536,true,0.01,1
29546,true,0.01,1
29555,true,0.01,1
29566,true,0.01,1
29576,true,0.01,1
29586,true,0.01,1
29596,true,0.01,1
29608,false,0.01,1
29616,false,0.01,1
29630,true,0.01,1
29636,true,0.01,1
29647,false,0.01,1
29657,true,0.01,1
29669,true,0.01,1
29682,true,0.01,1
29693,true,0.01,1
29706,true,0.01,1
29715,true,0.01,1
29722,true,0.01,1
29733,false,0.01,1
29741,true,0.01,1
29750,true,0.01,1
29759,true,0.01,1
29769,false,0.01,1
29778,true,0.01,1
29788,false,0.01,1
29799,true,0.01,1
29812,false,0.01,1
29825,false,0.01,1
29834,false,0.01,1
29841,false,0.01,1
29848,true,0.01,1
29860,false,0.01,1
29870,false,0.01,1
29881,true,0.01,1
29891,false,0.01,1
29901,true,0.01,1
29909,true,0.01,1
29925,true,0.01,1
29935,true,0.01,1
29951,false,0.01,1
29960,false,0.01,1
29970,true,0.01,1
29980,true,0.01,1
29990,true,0.01,1
30005,false,0.01,1
30015,true,0.01,1
30027,true,0.01,1
30035,true,0.01,1
30046,true,0.01,1
30055,true,0.01,1
30067,false,0.01,1
30073,true,0.01,1
30089,true,0.01,1
30097,true,0.01,1
30107,true,0.01,1
30117,true,0.01,1
30127,true,0.01,1
30137,false,0.01,1
30145,false,0.01,1
30152,true,0.01,1
30167,false,0.01,1
30176,false,0.01,1
30181,true,0.01,1
30193,false,0.01,1
30201,false,0.01,1
30207,true,0.01,1
30218,false,0.01,1
30230,false,0.01,1
30236,false,0.01,1
30244,true,0.01,1
30255,false,0.01,1
30265,false,0.01,1
30275,false,0.01,1
30285,true,0.01,1
30295,true,0.01,1
30305,true,0.01,1
30317,true,0.01,1
30329,false,0.01,1
30337,false,0.01,1
30345,false,0.01,1
30353,true,0.01,1
30363,false,0.01,1
30373,false,0.01,1
30383,false,0.01,1
30393,true,0.01,1
30403,true,0.01,1
30417,false,0.01,1
30423,true,0.01,1
30431,true,0.01,1
30446,false,0.01,1
30455,false,0.01,1
30461,false,0.01,1
30473,false,0.01,1
30479,false,0.01,1
30490,false,0.01,1
30497,false,0.01,1
30509,false,0.01,1
30519,true,0.01,1
30529,true,0.01,1
30539,false,0.01,1
30549,false,0.01,1
30563,false,0.01,1
30569,false,0.01,1
30579,false,0.01,1
30586,false,0.01,1
30599,false,0.01,1
30609,true,0.01,1
30619,true,0.01,1
30631,true,0.01,1
30640,false,0.01,1
30650,true,0.01,1
30664,false,0.01,1
30673,false,0.01,1
30683,false,0.01,1
30693,true,0.01,1
30703,true,0.01,1
30713,true,0.01,1
30723,true,0.01,1
30733,true,0.01,1
30743,true,0.01,1
30753,true,0.01,1
30763,true,0.01,1
30773,false,0.01,1
30783,true,0.01,1
30790,true,0.01,1
30801,true,0.01,1
30809,true,0.01,1
30822,true,0.01,1
30833,true,0.01,1
30843,true,0.01,1
30853,true,0.01,1
30865,true,0.01,1
30878,true,0.01,1
30888,false,0.01,1
30894,true,0.01,1
30905,true,0.01,1
30917,false,0.01,1
30927,true,0.01,1
30937,true,0.01,1
30947,true,0.01,1
30957,true,0.01,1
30967,true,0.01,1
30978,true,0.01,1
30987,true,0.01,1
30998,true,0.01,1
31008,true,0.01,1
31018,true,0.01,1
31028,false,0.01,1
31038,true,0.01,1
31048,true,0.01,1
31058,true,0.01,1
31068,false,0.01,1
31078,true,0.01,1
31088,true,0.01,1
31099,true,0.01,1
31113,false,0.01,1
31119,false,0.01,1
31129,true,0.01,1
31138,true,0.01,1
31148,true,0.01,1
31158,true,0.01,1
31170,true,0.01,1
31180,true,0.01,1
31190,true,0.01,1
31201,true,0.01,1
31211,true,0.01,1
31221,true,0.01,1
31231,true,0.01,1
31240,true,0.01,1
31250,true,0.01,1
31260,true,0.01,1
31271,true,0.01,1
31281,false,0.01,1
31293,false,0.01,1
31304,true,0.01,1
31313,false,0.01,1
31324,true,0.01,1
31335,true,0.01,1
31345,true,0.01,1
31355,true,0.01,1
31367,false,0.01,1
31370,true,0.01,1
31384,false,0.01,1
31392,false,0.01,1
31405,true,0.01,1
31416,true,0.01,1
31425,true,0.01,1
31433,false,0.01,1
31442,true,0.01,1
31454,true,0.01,1
31463,true,0.01,1
31473,true,0.01,1
31483,true,0.01,1
31493,false,0.01,1
31501,true,0.01,1
31511,true,0.01,1
31521,true,0.01,1
31531,true,0.01,1
31541,true,0.01,1
31551,true,0.01,1
31562,true,0.01,1
31572,true,0.01,1
31582,false,0.01,1
31592,false,0.01,1
31600,false,0.01,1
31606,true,0.01,1
31618,false,0.01,1
31624,true,0.01,1
31635,true,0.01,1
31648,true,0.01,1
31658,true,0.01,1
31671,true,0.01,1
31682,true,0.01,1
31692,true,0.01,1
31705,true,0.01,1
31715,true,0.01,1
31720,true,0.01,1
31734,true,0.01,1
31745,true,0.01,1
31756,true,0.01,1
31765,true,0.01,1
31773,true,0.01,1
31780,true,0.01,1
31792,true,0.01,1
31799,true,0.01,1
31814,true,0.01,1
31823,true,0.01,1
31828,true,0.01,1
31834,false,0.01,1
31843,false,0.01,1
31851,true,0.01,1
31862,false,0.01,1
31870,false,0.01,1
31879,false,0.01,1
31887,true,0.01,1
31898,false,0.01,1
31905,true,0.01,1
31916,true,0.01,1
31924,true,0.01,1
31935,true,0.01,1
31943,false,0.01,1
31957,true,0.01,1
31966,true,0.01,1
31972,true,0.01,1
31978,true,0.01,1
31990,true,0.01,1
32001,false,0.01,1
32006,true,0.01,1
32021,false,0.01,1
32028,false,0.01,1
32037,true,0.01,1
32046,true,0.01,1
32052,true,0.01,1
32059,true,0.01,1
32073,true,0.01,1
32079,false,0.01,1
32095,false,0.01,1
32097,true,0.01,1
32108,true,0.01,1
32122,false,0.01,1
32123,false,0.01,1
32131,false,0.01,1
32138,true,0.01,1
32146,true,0.01,1
32152,true,0.01,1
32163,true,0.01,1
32174,true,0.01,1
32183,true,0.01,1
32190,true,0.01,1
32198,true,0.01,1
32203,true,0.01,1
32217,true,0.01,1
32221,true,0.01,1
32236,true,0.01,1
32244,true,0.01,1
32254,true,0.01,1
32260,true,0.01,1
32267,true,0.01,1
32279,true,0.01,1
32285,true,0.01,1
32298,true,0.01,1
32307,true,0.01,1
32314,true,0.01,1
32321,false,0.01,1
32328,false,0.01,1
32338,false,0.01,1
32339,false,0.01,1
32348,true,0.01,1
32365,false,0.01,1
32370,true,0.01,1
32377,true,0.01,1
32388,false,0.01,1
32397,true,0.01,1
32404,false,0.01,1
32413,true,0.01,1
32423,true,0.01,1
32431,true,0.01,1
32437,true,0.01,1
32449,true,0.01,1
32455,true,0.01,1
32469,true,0.01,1
32474,true,0.01,1
32489,false,0.01,1
32497,false,0.01,1
32502,true,0.01,1
32508,true,0.01,1
32518,true,0.01,1
32530,true,0.01,1
32537,true,0.01,1
32549,true,0.01,1
32553,true,0.01,1
32563,false,0.01,1
32572,false,0.01,1
32581,false,0.01,1
32585,true,0.01,1
32591,true,0.01,1
32608,false,0.01,1
32615,false,0.01,1
32625,false,0.01,1
32628,true,0.01,1
32639,true,0.01,1
32649,false,0.01,1
32656,true,0.01,1
32668,false,0.01,1
32671,true,0.01,1
32687,false,0.01,1
32691,true,0.01,1
32697,true,0.01,1
32712,false,0.01,1
32718,true,0.01,1
32724,true,0.01,1
32734,true,0.01,1
32747,true,0.01,1
32754,true,0.01,1
#---------- Wed Nov 30 17:31:01 PST 2022 ----------
#Format: Task Counter Number,Did Simulation Succeed,Last Step Size Used,Number of Simulations Attempted
43782,false,0.01,1
43796,true,0.01,1
43805,false,0.01,1
43815,true,0.01,1
43825,true,0.01,1
43835,true,0.01,1
43845,false,0.01,1
43852,true,0.01,1
43861,true,0.01,1
43871,true,0.01,1
43881,true,0.01,1
43889,true,0.01,1
43900,true,0.01,1
43909,true,0.01,1
43919,true,0.01,1
43929,true,0.01,1
43939,true,0.01,1
43949,true,0.01,1
43958,true,0.01,1
43969,true,0.01,1
43981,true,0.01,1
43991,true,0.01,1
44001,false,0.01,1
44011,false,0.01,1
44017,true,0.01,1
44029,false,0.01,1
44037,false,0.01,1
44045,true,0.01,1
44057,false,0.01,1
44062,true,0.01,1
44072,true,0.01,1
44082,true,0.01,1
44092,true,0.01,1
44102,true,0.01,1
44114,true,0.01,1
44124,true,0.01,1
44133,true,0.01,1
44143,true,0.01,1
44153,true,0.01,1
44164,false,0.01,1
44173,true,0.01,1
44183,true,0.01,1
44194,true,0.01,1
44199,true,0.01,1
44210,true,0.01,1
44217,true,0.01,1
44228,false,0.01,1
44236,false,0.01,1
44245,false,0.01,1
44255,false,0.01,1
44264,false,0.01,1
44270,true,0.01,1
44281,false,0.01,1
44284,true,0.01,1
44298,false,0.01,1
44301,true,0.01,1
44310,true,0.01,1
44319,true,0.01,1
44330,true,0.01,1
44339,true,0.01,1
44348,true,0.01,1
44357,true,0.01,1
44367,true,0.01,1
44376,true,0.01,1
44385,true,0.01,1
44393,true,0.01,1
44402,true,0.01,1
44411,true,0.01,1
44420,true,0.01,1
44429,true,0.01,1
44437,true,0.01,1
44443,true,0.01,1
44451,true,0.01,1
44463,true,0.01,1
44471,false,0.01,1
44477,true,0.01,1
44486,true,0.01,1
44497,false,0.01,1
44504,true,0.01,1
44516,false,0.01,1
44518,true,0.01,1
44528,true,0.01,1
44540,true,0.01,1
44548,true,0.01,1
44553,true,0.01,1
44564,true,0.01,1
44570,false,0.01,1
44578,false,0.01,1
44584,true,0.01,1
44592,true,0.01,1
44596,true,0.01,1
44607,true,0.01,1
44614,true,0.01,1
44624,false,0.01,1
44631,true,0.01,1
44640,true,0.01,1
44647,true,0.01,1
44655,true,0.01,1
44663,true,0.01,1
44671,true,0.01,1
44679,true,0.01,1
44684,true,0.01,1
44692,true,0.01,1
44700,true,0.01,1
44708,true,0.01,1
44715,true,0.01,1
44723,false,0.01,1
44729,true,0.01,1
44737,true,0.01,1
44744,true,0.01,1
44753,true,0.01,1
44763,true,0.01,1
44770,true,0.01,1
44779,true,0.01,1
44789,true,0.01,1
44799,true,0.01,1
44805,true,0.01,1
44813,false,0.01,1
44821,false,0.01,1
44827,true,0.01,1
44835,true,0.01,1
44842,true,0.01,1
44849,true,0.01,1
44861,true,0.01,1
44869,true,0.01,1
44877,true,0.01,1
44883,true,0.01,1
44891,true,0.01,1
44899,true,0.01,1
44907,true,0.01,1
44915,true,0.01,1
44923,true,0.01,1
44929,true,0.01,1
44938,true,0.01,1
44946,true,0.01,1
44954,true,0.01,1
44964,true,0.01,1
44973,true,0.01,1
44982,true,0.01,1
44991,true,0.01,1
45001,false,0.01,1
45010,false,0.01,1
45019,false,0.01,1
45027,false,0.01,1
45037,false,0.01,1
45043,true,0.01,1
45051,true,0.01,1
45059,true,0.01,1
45068,true,0.01,1
45076,true,0.01,1
45083,false,0.01,1
45089,true,0.01,1
45097,true,0.01,1
45103,true,0.01,1
45111,true,0.01,1
45117,true,0.01,1
45125,false,0.01,1
45133,false,0.01,1
45141,true,0.01,1
45149,true,0.01,1
45157,true,0.01,1
45165,true,0.01,1
45172,true,0.01,1
45181,true,0.01,1
45190,true,0.01,1
45198,false,0.01,1
45204,true,0.01,1
45214,true,0.01,1
45221,true,0.01,1
45233,true,0.01,1
45239,false,0.01,1
45249,true,0.01,1
45254,false,0.01,1
45262,false,0.01,1
45270,false,0.01,1
45275,true,0.01,1
45287,true,0.01,1
45295,true,0.01,1
45304,true,0.01,1
45313,false,0.01,1
45318,false,0.01,1
45326,false,0.01,1
45333,false,0.01,1
45341,true,0.01,1
45349,true,0.01,1
45356,true,0.01,1
45360,true,0.01,1
45370,true,0.01,1
45378,true,0.01,1
45388,true,0.01,1
45396,true,0.01,1
45406,true,0.01,1
45415,true,0.01,1
45421,true,0.01,1
45429,true,0.01,1
45437,true,0.01,1
45446,false,0.01,1
45451,false,0.01,1
45458,false,0.01,1
45467,true,0.01,1
45477,false,0.01,1
45479,true,0.01,1
45494,true,0.01,1
45499,true,0.01,1
45508,true,0.01,1
45517,true,0.01,1
45528,true,0.01,1
45536,false,0.01,1
45542,true,0.01,1
45554,true,0.01,1
45557,false,0.01,1
45566,false,0.01,1
45573,true,0.01,1
45581,true,0.01,1
45589,true,0.01,1
45595,true,0.01,1
45606,true,0.01,1
45612,true,0.01,1
45621,true,0.01,1
45632,true,0.01,1
45642,true,0.01,1
45647,false,0.01,1
45655,true,0.01,1
45663,true,0.01,1
45670,true,0.01,1
45678,true,0.01,1
45685,false,0.01,1
45691,false,0.01,1
45700,true,0.01,1
45709,true,0.01,1
45713,true,0.01,1
45728,false,0.01,1
45733,true,0.01,1
45744,true,0.01,1
45748,false,0.01,1
45756,false,0.01,1
45763,true,0.01,1
45768,true,0.01,1
45776,true,0.01,1
45785,true,0.01,1
45796,true,0.01,1
45800,false,0.01,1
45808,false,0.01,1
45816,true,0.01,1
45824,true,0.01,1
45830,true,0.01,1
45841,true,0.01,1
45846,true,0.01,1
45856,true,0.01,1
45866,true,0.01,1
45875,true,0.01,1
45882,true,0.01,1
45890,false,0.01,1
45898,false,0.01,1
45906,false,0.01,1
45913,true,0.01,1
45921,true,0.01,1
45928,true,0.01,1
45935,true,0.01,1
45943,true,0.01,1
45951,true,0.01,1
45960,true,0.01,1
45967,true,0.01,1
45975,true,0.01,1
45983,true,0.01,1
45991,true,0.01,1
46002,true,0.01,1
46013,true,0.01,1
46020,true,0.01,1
46025,true,0.01,1
46034,true,0.01,1
46042,true,0.01,1
46050,true,0.01,1
46058,true,0.01,1
46065,true,0.01,1
46071,true,0.01,1
46079,true,0.01,1
46087,true,0.01,1
46095,true,0.01,1
46101,true,0.01,1
46108,false,0.01,1
46116,false,0.01,1
46124,true,0.01,1
46131,true,0.01,1
46137,true,0.01,1
46144,true,0.01,1
46151,true,0.01,1
46157,true,0.01,1
46164,true,0.01,1
46171,true,0.01,1
46177,true,0.01,1
46184,true,0.01,1
46191,true,0.01,1
46199,true,0.01,1
46206,true,0.01,1
46215,true,0.01,1
46223,true,0.01,1
46230,true,0.01,1
46237,true,0.01,1
46244,true,0.01,1
46251,true,0.01,1
46258,true,0.01,1
46265,true,0.01,1
46272,true,0.01,1
46277,true,0.01,1
46284,true,0.01,1
46290,true,0.01,1
46296,true,0.01,1
46303,true,0.01,1
46310,true,0.01,1
46317,true,0.01,1
46323,true,0.01,1
46330,true,0.01,1
46337,true,0.01,1
46344,true,0.01,1
46349,true,0.01,1
46356,true,0.01,1
46363,true,0.01,1
46370,true,0.01,1
46377,false,0.01,1
46384,true,0.01,1
46390,true,0.01,1
46397,true,0.01,1
46404,true,0.01,1
46409,true,0.01,1
46416,false,0.01,1
46424,false,0.01,1
46429,true,0.01,1
46436,true,0.01,1
46441,true,0.01,1
46448,true,0.01,1
46455,true,0.01,1
46462,true,0.01,1
46469,true,0.01,1
46476,true,0.01,1
46483,true,0.01,1
46490,true,0.01,1
46497,true,0.01,1
46502,true,0.01,1
46509,true,0.01,1
46515,true,0.01,1
46522,true,0.01,1
46529,true,0.01,1
46536,true,0.01,1
46543,true,0.01,1
46550,true,0.01,1
46558,true,0.01,1
46564,true,0.01,1
46570,true,0.01,1
46577,false,0.01,1
46585,false,0.01,1
46591,true,0.01,1
46597,true,0.01,1
46603,false,0.01,1
46609,true,0.01,1
46615,true,0.01,1
46621,false,0.01,1
46628,true,0.01,1
46634,true,0.01,1
46640,true,0.01,1
46646,true,0.01,1
46652,true,0.01,1
46657,true,0.01,1
46663,true,0.01,1
46669,true,0.01,1
46675,true,0.01,1
46683,true,0.01,1
46689,true,0.01,1
46695,true,0.01,1
46699,true,0.01,1
46705,true,0.01,1
46711,true,0.01,1
46719,true,0.01,1
46725,true,0.01,1
46732,true,0.01,1
46736,true,0.01,1
46741,true,0.01,1
46746,true,0.01,1
46754,true,0.01,1
46760,true,0.01,1
46766,true,0.01,1
46770,true,0.01,1
46776,true,0.01,1
46782,true,0.01,1
46787,true,0.01,1
46793,true,0.01,1
46798,true,0.01,1
46804,true,0.01,1
46810,true,0.01,1
46816,true,0.01,1
46822,true,0.01,1
46828,true,0.01,1
46834,true,0.01,1
46840,true,0.01,1
46846,true,0.01,1
46852,true,0.01,1
46858,true,0.01,1
46863,true,0.01,1
46869,true,0.01,1
46875,true,0.01,1
46883,true,0.01,1
46887,true,0.01,1
46893,true,0.01,1
46899,true,0.01,1
46905,true,0.01,1
46911,true,0.01,1
46917,false,0.01,1
46923,true,0.01,1
46929,true,0.01,1
46932,true,0.01,1
46938,true,0.01,1
46942,true,0.01,1
46948,true,0.01,1
46953,true,0.01,1
46959,true,0.01,1
46965,true,0.01,1
46968,true,0.01,1
46974,true,0.01,1
46978,true,0.01,1
46983,true,0.01,1
46991,true,0.01,1
46995,true,0.01,1
47001,true,0.01,1
47007,true,0.01,1
47014,true,0.01,1
47021,true,0.01,1
47027,true,0.01,1
47033,true,0.01,1
47039,true,0.01,1
47045,true,0.01,1
47051,true,0.01,1
47058,true,0.01,1
47064,true,0.01,1
47070,true,0.01,1
47076,true,0.01,1
47082,true,0.01,1
47087,true,0.01,1
47093,true,0.01,1
47099,true,0.01,1
47105,true,0.01,1
47111,true,0.01,1
47117,true,0.01,1
47122,true,0.01,1
47128,true,0.01,1
47134,true,0.01,1
47140,true,0.01,1
47145,true,0.01,1
47151,true,0.01,1
47157,true,0.01,1
47163,true,0.01,1
47167,true,0.01,1
47173,true,0.01,1
47179,true,0.01,1
47186,true,0.01,1
47192,true,0.01,1
47197,true,0.01,1
47207,true,0.01,1
47213,true,0.01,1
47218,true,0.01,1
47223,true,0.01,1
47229,true,0.01,1
47235,true,0.01,1
47241,true,0.01,1
47248,true,0.01,1
47253,true,0.01,1
47259,true,0.01,1
47265,true,0.01,1
47271,true,0.01,1
47277,true,0.01,1
47281,true,0.01,1
47287,true,0.01,1
47293,true,0.01,1
47299,true,0.01,1
47305,true,0.01,1
47311,true,0.01,1
47317,true,0.01,1
47323,true,0.01,1
47329,true,0.01,1
47335,true,0.01,1
47341,true,0.01,1
47346,true,0.01,1
47352,true,0.01,1
47358,true,0.01,1
47364,true,0.01,1
47370,true,0.01,1
47376,true,0.01,1
47382,true,0.01,1
47388,true,0.01,1
47394,false,0.01,1
47400,true,0.01,1
47406,true,0.01,1
47412,true,0.01,1
47418,true,0.01,1
47424,true,0.01,1
47428,true,0.01,1
47433,true,0.01,1
47439,false,0.01,1
47447,true,0.01,1
47451,true,0.01,1
47457,true,0.01,1
47463,true,0.01,1
47469,true,0.01,1
47476,true,0.01,1
47481,true,0.01,1
47487,true,0.01,1
47493,true,0.01,1
47498,true,0.01,1
47504,true,0.01,1
47510,true,0.01,1
47516,true,0.01,1
47522,true,0.01,1
47528,true,0.01,1
47533,true,0.01,1
47539,true,0.01,1
47545,false,0.01,1
47552,true,0.01,1
47558,true,0.01,1
47564,true,0.01,1
47570,true,0.01,1
47576,true,0.01,1
47582,true,0.01,1
47590,true,0.01,1
47596,true,0.01,1
47602,true,0.01,1
47605,true,0.01,1
47613,true,0.01,1
47619,true,0.01,1
47623,true,0.01,1
47630,true,0.01,1
47634,false,0.01,1
47640,false,0.01,1
47646,true,0.01,1
47652,true,0.01,1
47659,true,0.01,1
47665,true,0.01,1
47671,true,0.01,1
47678,false,0.01,1
47684,true,0.01,1
47691,true,0.01,1
47697,true,0.01,1
47704,true,0.01,1
47710,true,0.01,1
47716,true,0.01,1
47722,true,0.01,1
47728,true,0.01,1
47733,true,0.01,1
47740,true,0.01,1
47746,true,0.01,1
47752,true,0.01,1
47758,true,0.01,1
47764,true,0.01,1
47770,true,0.01,1
47775,true,0.01,1
47780,true,0.01,1
47786,true,0.01,1
47792,true,0.01,1
47798,true,0.01,1
47804,true,0.01,1
47810,true,0.01,1
47816,true,0.01,1
47821,true,0.01,1
47827,true,0.01,1
47833,true,0.01,1
47839,true,0.01,1
47844,true,0.01,1
47849,true,0.01,1
47855,true,0.01,1
47861,true,0.01,1
47867,true,0.01,1
47873,true,0.01,1
47879,true,0.01,1
47885,true,0.01,1
47890,true,0.01,1
47896,true,0.01,1
47902,true,0.01,1
47909,true,0.01,1
47915,false,0.01,1
47921,true,0.01,1
47927,true,0.01,1
47932,true,0.01,1
47941,true,0.01,1
47947,true,0.01,1
47953,true,0.01,1
47959,false,0.01,1
47963,true,0.01,1
47969,false,0.01,1
47975,true,0.01,1
47981,true,0.01,1
47987,false,0.01,1
47996,true,0.01,1
48000,true,0.01,1
48006,true,0.01,1
48012,true,0.01,1
48019,true,0.01,1
48025,true,0.01,1
48031,true,0.01,1
48038,true,0.01,1
48043,true,0.01,1
48050,false,0.01,1
48055,true,0.01,1
48061,true,0.01,1
48066,false,0.01,1
48072,true,0.01,1
48078,true,0.01,1
48083,true,0.01,1
48089,true,0.01,1
48095,false,0.01,1
48104,true,0.01,1
48110,true,0.01,1
48114,false,0.01,1
48120,true,0.01,1
48126,true,0.01,1
48132,false,0.01,1
48138,true,0.01,1
48145,true,0.01,1
48149,true,0.01,1
48155,true,0.01,1
48161,false,0.01,1
48167,true,0.01,1
48173,true,0.01,1
48179,false,0.01,1
48184,true,0.01,1
48190,true,0.01,1
48196,true,0.01,1
48202,true,0.01,1
48208,true,0.01,1
48214,true,0.01,1
48220,false,0.01,1
48226,true,0.01,1
48233,false,0.01,1
48238,true,0.01,1
48245,true,0.01,1
48251,true,0.01,1
48258,true,0.01,1
48265,true,0.01,1
48271,true,0.01,1
48277,false,0.01,1
48283,true,0.01,1
48289,true,0.01,1
48295,false,0.01,1
48301,true,0.01,1
48307,true,0.01,1
48312,false,0.01,1
48318,true,0.01,1
48324,true,0.01,1
48330,true,0.01,1
48336,true,0.01,1
48342,true,0.01,1
48348,true,0.01,1
48354,true,0.01,1
48360,true,0.01,1
48366,false,0.01,1
48372,true,0.01,1
48377,false,0.01,1
48379,true,0.01,1
48385,false,0.01,1
48392,true,0.01,1
48398,true,0.01,1
48404,false,0.01,1
48409,true,0.01,1
48414,true,0.01,1
48421,true,0.01,1
48428,true,0.01,1
48433,true,0.01,1
48440,true,0.01,1
48446,true,0.01,1
48452,true,0.01,1
48457,true,0.01,1
48463,true,0.01,1
48469,true,0.01,1
48474,true,0.01,1
48480,true,0.01,1
48486,true,0.01,1
48491,true,0.01,1
48497,true,0.01,1
48503,true,0.01,1
48511,true,0.01,1
48515,true,0.01,1
48521,false,0.01,1
48529,false,0.01,1
48535,true,0.01,1
48541,true,0.01,1
48547,false,0.01,1
48553,true,0.01,1
48559,true,0.01,1
48563,true,0.01,1
48569,true,0.01,1
48575,true,0.01,1
48583,true,0.01,1
48589,true,0.01,1
48595,true,0.01,1
48601,true,0.01,1
48608,true,0.01,1
48614,true,0.01,1
48620,false,0.01,1
48625,true,0.01,1
48631,true,0.01,1
48638,false,0.01,1
48642,true,0.01,1
48648,true,0.01,1
48654,true,0.01,1
48662,true,0.01,1
48668,true,0.01,1
48673,true,0.01,1
48678,true,0.01,1
48684,true,0.01,1
48689,true,0.01,1
48695,true,0.01,1
48700,true,0.01,1
48705,true,0.01,1
48713,true,0.01,1
48719,true,0.01,1
48725,true,0.01,1
48731,true,0.01,1
48737,true,0.01,1
48743,true,0.01,1
48749,true,0.01,1
48755,false,0.01,1
48759,true,0.01,1
48765,true,0.01,1
48771,false,0.01,1
48777,false,0.01,1
48783,true,0.01,1
48788,true,0.01,1
48794,true,0.01,1
48800,true,0.01,1
48806,true,0.01,1
48812,true,0.01,1
48818,true,0.01,1
48824,true,0.01,1
48830,true,0.01,1
48836,true,0.01,1
48842,true,0.01,1
48847,true,0.01,1
48853,false,0.01,1
48859,true,0.01,1
48864,true,0.01,1
48870,false,0.01,1
48878,true,0.01,1
48884,true,0.01,1
48890,false,0.01,1
48894,true,0.01,1
48901,true,0.01,1
48908,false,0.01,1
48912,true,0.01,1
48919,true,0.01,1
48925,true,0.01,1
48931,false,0.01,1
48937,true,0.01,1
48943,false,0.01,1
48946,true,0.01,1
48951,true,0.01,1
48959,true,0.01,1
48964,true,0.01,1
48970,false,0.01,1
48975,true,0.01,1
48982,true,0.01,1
48988,true,0.01,1
48995,true,0.01,1
49000,true,0.01,1
49006,true,0.01,1
49013,true,0.01,1
49019,true,0.01,1
49024,true,0.01,1
49032,true,0.01,1
49038,true,0.01,1
49044,true,0.01,1
49048,true,0.01,1
49053,true,0.01,1
49059,true,0.01,1
49066,true,0.01,1
49074,true,0.01,1
49080,true,0.01,1
49085,true,0.01,1
49090,true,0.01,1
49096,false,0.01,1
49102,true,0.01,1
49108,true,0.01,1
49114,false,0.01,1
49120,true,0.01,1
49126,true,0.01,1
49132,false,0.01,1
49138,true,0.01,1
49144,true,0.01,1
49151,true,0.01,1
49159,false,0.01,1
49166,true,0.01,1
49172,true,0.01,1
49176,true,0.01,1
49184,true,0.01,1
49190,true,0.01,1
49195,true,0.01,1
49201,true,0.01,1
49207,true,0.01,1
49210,true,0.01,1
49217,true,0.01,1
49223,true,0.01,1
49232,true,0.01,1
49238,true,0.01,1
49244,true,0.01,1
49248,true,0.01,1
49254,false,0.01,1
49260,true,0.01,1
49265,true,0.01,1
49270,true,0.01,1
49276,true,0.01,1
49283,true,0.01,1
49289,true,0.01,1
49294,true,0.01,1
49301,true,0.01,1
49307,true,0.01,1
49313,true,0.01,1
49320,true,0.01,1
49326,true,0.01,1
49332,true,0.01,1
49338,true,0.01,1
49345,true,0.01,1
49351,true,0.01,1
49357,false,0.01,1
49362,true,0.01,1
49368,true,0.01,1
49373,true,0.01,1
49379,true,0.01,1
49387,true,0.01,1
49393,false,0.01,1
49399,true,0.01,1
49405,true,0.01,1
49409,true,0.01,1
49415,true,0.01,1
49420,true,0.01,1
49427,true,0.01,1
49433,true,0.01,1
49438,true,0.01,1
49444,true,0.01,1
49450,true,0.01,1
49456,true,0.01,1
49462,true,0.01,1
49468,true,0.01,1
49473,true,0.01,1
49479,true,0.01,1
49485,true,0.01,1
49489,true,0.01,1
49495,true,0.01,1
49501,true,0.01,1
49507,false,0.01,1
49513,true,0.01,1
49519,true,0.01,1
49525,false,0.01,1
49531,true,0.01,1
49537,true,0.01,1
49542,true,0.01,1
49548,true,0.01,1
49554,true,0.01,1
49560,true,0.01,1
49566,true,0.01,1
49572,false,0.01,1
49576,true,0.01,1
49581,false,0.01,1
49585,true,0.01,1
49590,false,0.01,1
49596,true,0.01,1
49607,true,0.01,1
49613,true,0.01,1
49623,true,0.01,1
49632,true,0.01,1
49641,true,0.01,1
49651,true,0.01,1
49656,false,0.01,1
49669,false,0.01,1
49680,true,0.01,1
49690,true,0.01,1
49704,true,0.01,1
49713,false,0.01,1
49720,true,0.01,1
49728,false,0.01,1
49738,true,0.01,1
49748,true,0.01,1
49757,true,0.01,1
49766,true,0.01,1
49776,true,0.01,1
49786,false,0.01,1
49798,true,0.01,1
49809,true,0.01,1
49819,true,0.01,1
49826,true,0.01,1
49842,true,0.01,1
49852,true,0.01,1
49869,true,0.01,1
49880,true,0.01,1
49893,true,0.01,1
49899,true,0.01,1
49912,false,0.01,1
49919,true,0.01,1
49931,false,0.01,1
49941,true,0.01,1
49951,true,0.01,1
49961,true,0.01,1
49974,false,0.01,1
49986,true,0.01,1
49996,true,0.01,1
50006,true,0.01,1
50016,true,0.01,1
50026,true,0.01,1
50036,true,0.01,1
50046,false,0.01,1
50056,false,0.01,1
50067,true,0.01,1
50077,true,0.01,1
50092,false,0.01,1
50099,true,0.01,1
50112,true,0.01,1
50123,true,0.01,1
50133,true,0.01,1
50141,false,0.01,1
50152,true,0.01,1
50165,false,0.01,1
50173,false,0.01,1
50182,false,0.01,1
50193,true,0.01,1
50203,true,0.01,1
50212,true,0.01,1
50222,false,0.01,1
50235,false,0.01,1
50241,true,0.01,1
50255,false,0.01,1
50261,true,0.01,1
50273,false,0.01,1
50283,true,0.01,1
50292,true,0.01,1
50299,false,0.01,1
50309,true,0.01,1
50321,false,0.01,1
50329,false,0.01,1
50340,true,0.01,1
50350,true,0.01,1
50360,true,0.01,1
50372,true,0.01,1
50383,true,0.01,1
50392,true,0.01,1
50403,true,0.01,1
50411,true,0.01,1
50425,true,0.01,1
50433,true,0.01,1
50442,true,0.01,1
50450,true,0.01,1
50462,true,0.01,1
50471,true,0.01,1
50480,true,0.01,1
50490,false,0.01,1
50500,true,0.01,1
50510,true,0.01,1
50520,true,0.01,1
50529,true,0.01,1
50538,true,0.01,1
50550,true,0.01,1
50558,true,0.01,1
50569,true,0.01,1
50582,false,0.01,1
50592,true,0.01,1
50602,true,0.01,1
50612,false,0.01,1
50628,true,0.01,1
50638,true,0.01,1
50647,true,0.01,1
50659,true,0.01,1
50668,true,0.01,1
50678,true,0.01,1
50689,true,0.01,1
50699,false,0.01,1
50707,false,0.01,1
50717,false,0.01,1
50727,true,0.01,1
50739,true,0.01,1
50749,true,0.01,1
50758,true,0.01,1
50767,true,0.01,1
50777,true,0.01,1
50787,false,0.01,1
50795,true,0.01,1
50806,false,0.01,1
50816,false,0.01,1
50824,false,0.01,1
50831,true,0.01,1
50843,false,0.01,1
50852,false,0.01,1
50863,true,0.01,1
50873,true,0.01,1
50883,false,0.01,1
50892,true,0.01,1
50902,true,0.01,1
50912,true,0.01,1
50922,true,0.01,1
50933,false,0.01,1
50943,true,0.01,1
50953,true,0.01,1
50964,true,0.01,1
50974,true,0.01,1
50983,true,0.01,1
50991,true,0.01,1
51000,true,0.01,1
51009,true,0.01,1
51018,true,0.01,1
51027,true,0.01,1
51034,true,0.01,1
51042,true,0.01,1
51052,true,0.01,1
51066,false,0.01,1
51077,false,0.01,1
51079,true,0.01,1
51090,true,0.01,1
51098,false,0.01,1
51113,false,0.01,1
51117,true,0.01,1
51125,true,0.01,1
51135,true,0.01,1
51144,true,0.01,1
51151,true,0.01,1
51162,true,0.01,1
51170,true,0.01,1
51183,true,0.01,1
51193,false,0.01,1
51204,true,0.01,1
51213,true,0.01,1
51221,true,0.01,1
51231,true,0.01,1
51239,true,0.01,1
51251,true,0.01,1
51257,true,0.01,1
51268,true,0.01,1
51275,false,0.01,1
51283,false,0.01,1
51291,true,0.01,1
51301,false,0.01,1
51311,false,0.01,1
51313,true,0.01,1
51322,true,0.01,1
51336,false,0.01,1
51347,false,0.01,1
51352,true,0.01,1
51360,true,0.01,1
51369,true,0.01,1
51375,true,0.01,1
51386,true,0.01,1
51398,true,0.01,1
51404,true,0.01,1
51417,true,0.01,1
51426,true,0.01,1
51435,true,0.01,1
51444,true,0.01,1
51453,true,0.01,1
51463,true,0.01,1
51473,true,0.01,1
51488,true,0.01,1
51492,true,0.01,1
51499,true,0.01,1
51514,true,0.01,1
51521,true,0.01,1
51529,true,0.01,1
51542,true,0.01,1
51548,true,0.01,1
51561,false,0.01,1
51567,true,0.01,1
51579,false,0.01,1
51588,false,0.01,1
51598,false,0.01,1
51600,true,0.01,1
51610,true,0.01,1
51619,true,0.01,1
51628,true,0.01,1
51639,true,0.01,1
51646,true,0.01,1
51658,true,0.01,1
51664,true,0.01,1
51674,true,0.01,1
51685,true,0.01,1
51694,true,0.01,1
51701,true,0.01,1
51708,true,0.01,1
51714,true,0.01,1
51723,true,0.01,1
51733,true,0.01,1
51745,true,0.01,1
51750,true,0.01,1
51763,true,0.01,1
51776,true,0.01,1
51786,false,0.01,1
51790,true,0.01,1
51805,false,0.01,1
51808,true,0.01,1
51823,false,0.01,1
51830,false,0.01,1
51839,true,0.01,1
51847,false,0.01,1
51858,false,0.01,1
51861,true,0.01,1
51873,true,0.01,1
51881,false,0.01,1
51894,false,0.01,1
51897,true,0.01,1
51906,true,0.01,1
51922,true,0.01,1
51930,true,0.01,1
51939,true,0.01,1
51948,false,0.01,1
51957,false,0.01,1
51967,true,0.01,1
51980,true,0.01,1
51987,true,0.01,1
51994,true,0.01,1
52005,true,0.01,1
52019,true,0.01,1
52027,false,0.01,1
52039,false,0.01,1
52042,true,0.01,1
52057,false,0.01,1
52061,true,0.01,1
52075,false,0.01,1
52077,true,0.01,1
52090,true,0.01,1
52101,false,0.01,1
52104,true,0.01,1
52113,true,0.01,1
52123,true,0.01,1
52133,true,0.01,1
52146,false,0.01,1
52153,true,0.01,1
52158,true,0.01,1
52165,true,0.01,1
52181,false,0.01,1
52190,false,0.01,1
52199,true,0.01,1
52207,true,0.01,1
52217,true,0.01,1
52224,true,0.01,1
52231,true,0.01,1
52238,true,0.01,1
52249,false,0.01,1
52260,true,0.01,1
52268,true,0.01,1
52280,false,0.01,1
52291,false,0.01,1
52295,true,0.01,1
52310,false,0.01,1
52311,true,0.01,1
52328,false,0.01,1
52337,true,0.01,1
52347,true,0.01,1
52354,true,0.01,1
52370,true,0.01,1
52376,true,0.01,1
52384,true,0.01,1
52391,true,0.01,1
52406,true,0.01,1
52413,false,0.01,1
52421,false,0.01,1
52426,true,0.01,1
52438,true,0.01,1
52449,false,0.01,1
52453,true,0.01,1
52464,true,0.01,1
52473,true,0.01,1
52479,true,0.01,1
52489,false,0.01,1
52497,true,0.01,1
52507,true,0.01,1
52515,true,0.01,1
52530,true,0.01,1
52538,true,0.01,1
52545,true,0.01,1
52559,true,0.01,1
52564,true,0.01,1
52576,true,0.01,1
52583,true,0.01,1
52591,true,0.01,1
52602,true,0.01,1
52609,true,0.01,1
52616,true,0.01,1
52631,true,0.01,1
52640,true,0.01,1
52647,true,0.01,1
52655,true,0.01,1
52662,true,0.01,1
52671,true,0.01,1
52678,false,0.01,1
52687,false,0.01,1
52698,true,0.01,1
52705,true,0.01,1
52716,true,0.01,1
52723,true,0.01,1
52735,true,0.01,1
52744,true,0.01,1
52750,true,0.01,1
52761,true,0.01,1
52774,true,0.01,1
52778,false,0.01,1
52785,true,0.01,1
52800,true,0.01,1
52805,false,0.01,1
52812,true,0.01,1
52821,true,0.01,1
52830,true,0.01,1
52839,true,0.01,1
52848,true,0.01,1
52857,true,0.01,1
52867,true,0.01,1
52875,true,0.01,1
52885,true,0.01,1
52893,false,0.01,1
52902,false,0.01,1
52911,false,0.01,1
52920,false,0.01,1
52929,false,0.01,1
52938,false,0.01,1
52947,false,0.01,1
52956,false,0.01,1
52965,false,0.01,1
52974,true,0.01,1
52983,true,0.01,1
52996,true,0.01,1
53003,true,0.01,1
53010,true,0.01,1
53023,true,0.01,1
53035,true,0.01,1
53044,true,0.01,1
53047,true,0.01,1
53057,true,0.01,1
53071,true,0.01,1
53076,true,0.01,1
53084,true,0.01,1
53095,true,0.01,1
53104,true,0.01,1
53115,true,0.01,1
53124,true,0.01,1
53132,true,0.01,1
53141,true,0.01,1
53151,true,0.01,1
53157,true,0.01,1
53164,false,0.01,1
53172,false,0.01,1
53180,true,0.01,1
53187,true,0.01,1
53193,true,0.01,1
53199,false,0.01,1
53205,true,0.01,1
53211,true,0.01,1
53216,true,0.01,1
53222,true,0.01,1
53228,false,0.01,1
53234,true,0.01,1
53240,true,0.01,1
53246,true,0.01,1
53254,false,0.01,1
53259,true,0.01,1
53266,true,0.01,1
53272,true,0.01,1
53279,true,0.01,1
53285,true,0.01,1
53291,true,0.01,1
53300,true,0.01,1
53306,true,0.01,1
53312,true,0.01,1
53318,true,0.01,1
53325,true,0.01,1
53331,true,0.01,1
53337,true,0.01,1
53343,true,0.01,1
53349,true,0.01,1
53355,true,0.01,1
53363,true,0.01,1
53369,true,0.01,1
53375,true,0.01,1
53381,true,0.01,1
53387,true,0.01,1
53393,true,0.01,1
53399,true,0.01,1
53403,true,0.01,1
53409,true,0.01,1
53415,true,0.01,1
53421,true,0.01,1
53427,true,0.01,1
53433,true,0.01,1
53439,true,0.01,1
53446,true,0.01,1
53452,true,0.01,1
53459,true,0.01,1
53465,true,0.01,1
53471,false,0.01,1
53475,true,0.01,1
53481,true,0.01,1
53486,true,0.01,1
53492,true,0.01,1
53498,false,0.01,1
53504,true,0.01,1
53510,true,0.01,1
53516,true,0.01,1
53524,true,0.01,1
53531,true,0.01,1
53537,true,0.01,1
53543,true,0.01,1
53549,true,0.01,1
53555,true,0.01,1
53561,true,0.01,1
53567,true,0.01,1
53573,true,0.01,1
53579,true,0.01,1
53585,true,0.01,1
53590,true,0.01,1
53597,true,0.01,1
53602,true,0.01,1
53608,true,0.01,1
53614,true,0.01,1
53620,true,0.01,1
53626,true,0.01,1
53632,true,0.01,1
53638,true,0.01,1
53644,true,0.01,1
53650,true,0.01,1
53657,true,0.01,1
53663,true,0.01,1
53668,true,0.01,1
53675,true,0.01,1
53681,true,0.01,1
53687,true,0.01,1
53692,true,0.01,1
53698,true,0.01,1
53704,true,0.01,1
53710,true,0.01,1
53716,true,0.01,1
53722,false,0.01,1
53727,true,0.01,1
53733,true,0.01,1
53737,true,0.01,1
53743,true,0.01,1
53749,true,0.01,1
53756,true,0.01,1
53762,true,0.01,1
53768,true,0.01,1
53776,true,0.01,1
53783,true,0.01,1
53789,true,0.01,1
53795,true,0.01,1
53799,true,0.01,1
53805,true,0.01,1
53812,true,0.01,1
53818,true,0.01,1
53824,true,0.01,1
53830,true,0.01,1
53836,true,0.01,1
53842,true,0.01,1
53846,true,0.01,1
53852,true,0.01,1
53856,true,0.01,1
53862,true,0.01,1
53869,true,0.01,1
53875,true,0.01,1
53880,true,0.01,1
53886,true,0.01,1
53893,true,0.01,1
53900,true,0.01,1
53906,true,0.01,1
53912,true,0.01,1
53918,true,0.01,1
53924,true,0.01,1
53930,true,0.01,1
53936,true,0.01,1
53941,true,0.01,1
53947,true,0.01,1
53954,true,0.01,1
53958,true,0.01,1
53963,true,0.01,1
53968,true,0.01,1
53974,true,0.01,1
53980,true,0.01,1
53985,true,0.01,1
53988,true,0.01,1
53994,true,0.01,1
54000,true,0.01,1
54008,true,0.01,1
54013,true,0.01,1
54019,true,0.01,1
54026,true,0.01,1
54032,true,0.01,1
54038,false,0.01,1
54044,true,0.01,1
54050,true,0.01,1
54056,true,0.01,1
54061,true,0.01,1
54067,true,0.01,1
54073,true,0.01,1
54078,true,0.01,1
54084,true,0.01,1
54089,true,0.01,1
54095,true,0.01,1
54101,true,0.01,1
54106,true,0.01,1
54112,true,0.01,1
54119,true,0.01,1
54123,true,0.01,1
54129,true,0.01,1
54136,true,0.01,1
54142,true,0.01,1
54148,true,0.01,1
54154,true,0.01,1
54160,true,0.01,1
54169,true,0.01,1
54175,true,0.01,1
54181,true,0.01,1
54188,true,0.01,1
54194,true,0.01,1
54200,true,0.01,1
54205,true,0.01,1
54211,true,0.01,1
54214,true,0.01,1
54220,false,0.01,1
54227,true,0.01,1
54235,true,0.01,1
54240,true,0.01,1
54247,true,0.01,1
54253,true,0.01,1
54259,true,0.01,1
54264,true,0.01,1
54270,true,0.01,1
54276,true,0.01,1
54282,true,0.01,1
54288,true,0.01,1
54294,false,0.01,1
54300,true,0.01,1
54306,true,0.01,1
54312,true,0.01,1
54318,true,0.01,1
54325,true,0.01,1
54331,true,0.01,1
54336,true,0.01,1
54342,true,0.01,1
54348,true,0.01,1
54354,true,0.01,1
54360,true,0.01,1
54367,true,0.01,1
54373,true,0.01,1
54379,true,0.01,1
54385,true,0.01,1
54390,true,0.01,1
54397,true,0.01,1
54403,true,0.01,1
54408,true,0.01,1
54414,true,0.01,1
54420,true,0.01,1
54426,true,0.01,1
54432,true,0.01,1
54438,false,0.01,1
54444,false,0.01,1
54450,true,0.01,1
54458,true,0.01,1
54467,false,0.01,1
54472,true,0.01,1
54478,true,0.01,1
54484,false,0.01,1
54491,true,0.01,1
54497,true,0.01,1
54502,true,0.01,1
54508,true,0.01,1
54514,true,0.01,1
54520,false,0.01,1
54526,true,0.01,1
54532,true,0.01,1
54538,false,0.01,1
54543,true,0.01,1
54549,true,0.01,1
54555,true,0.01,1
54561,true,0.01,1
54568,true,0.01,1
54574,true,0.01,1
54580,true,0.01,1
54586,true,0.01,1
54592,true,0.01,1
54597,true,0.01,1
54603,true,0.01,1
54608,true,0.01,1
54614,true,0.01,1
54620,false,0.01,1
54629,true,0.01,1
54635,true,0.01,1
54641,true,0.01,1
54647,true,0.01,1
54653,true,0.01,1
54658,true,0.01,1
54664,true,0.01,1
54669,true,0.01,1
54675,false,0.01,1
54682,true,0.01,1
54688,true,0.01,1
54694,false,0.01,1
54699,true,0.01,1
54705,true,0.01,1
54710,true,0.01,1
54717,true,0.01,1
54723,true,0.01,1
54729,true,0.01,1
54737,true,0.01,1
54744,true,0.01,1
54750,true,0.01,1
54756,true,0.01,1
54762,true,0.01,1
54768,true,0.01,1
54774,true,0.01,1
54780,true,0.01,1
54786,true,0.01,1
54791,true,0.01,1
54797,true,0.01,1
54802,false,0.01,1
54809,true,0.01,1
54816,true,0.01,1
54822,true,0.01,1
54827,true,0.01,1
54833,true,0.01,1
54839,false,0.01,1
54846,false,0.01,1
54852,true,0.01,1
54858,true,0.01,1
54863,true,0.01,1
54869,true,0.01,1
54874,false,0.01,1
54881,true,0.01,1
54887,true,0.01,1
54891,false,0.01,1
54897,true,0.01,1
54902,true,0.01,1
54909,false,0.01,1
54914,true,0.01,1
54919,false,0.01,1
54924,false,0.01,1
54929,false,0.01,1
54933,false,0.01,1
54938,false,0.01,1
54941,true,0.01,1
54946,false,0.01,1
54952,true,0.01,1
54957,true,0.01,1
54962,true,0.01,1
54967,true,0.01,1
54972,false,0.01,1
54979,true,0.01,1
54984,true,0.01,1
54989,true,0.01,1
54994,true,0.01,1
54998,true,0.01,1
55004,true,0.01,1
55009,true,0.01,1
55014,true,0.01,1
55019,true,0.01,1
55024,true,0.01,1
55029,true,0.01,1
55034,true,0.01,1
55039,true,0.01,1
55044,true,0.01,1
55050,true,0.01,1
55055,true,0.01,1
55060,true,0.01,1
55065,true,0.01,1
55070,true,0.01,1
55075,true,0.01,1
55080,false,0.01,1
55085,true,0.01,1
#---------- Wed Nov 30 23:18:52 PST 2022 ----------
#Format: Task Counter Number,Did Simulation Succeed,Last Step Size Used,Number of Simulations Attempted
55822,true,0.01,1
55833,true,0.01,1
55840,true,0.01,1
55852,true,0.01,1
55861,true,0.01,1
55868,true,0.01,1
55878,true,0.01,1
55888,true,0.01,1
55901,false,0.01,1
55908,false,0.01,1
55920,true,0.01,1
55930,true,0.01,1
55940,true,0.01,1
55955,false,0.01,1
55963,false,0.01,1
55972,true,0.01,1
55983,true,0.01,1
55994,true,0.01,1
56006,true,0.01,1
56016,true,0.01,1
56026,true,0.01,1
56036,true,0.01,1
56047,true,0.01,1
56056,true,0.01,1
56068,true,0.01,1
56078,true,0.01,1
56088,true,0.01,1
56098,true,0.01,1
56112,true,0.01,1
56121,true,0.01,1
56131,true,0.01,1
56140,true,0.01,1
56153,false,0.01,1
56166,true,0.01,1
56177,true,0.01,1
56187,false,0.01,1
56195,true,0.01,1
56205,false,0.01,1
56209,true,0.01,1
56223,false,0.01,1
56234,false,0.01,1
56247,false,0.01,1
56257,true,0.01,1
56267,true,0.01,1
56276,false,0.01,1
56284,true,0.01,1
56294,true,0.01,1
56303,false,0.01,1
56313,true,0.01,1
56323,true,0.01,1
56333,true,0.01,1
56343,true,0.01,1
56353,true,0.01,1
56363,true,0.01,1
56373,true,0.01,1
56385,false,0.01,1
56389,false,0.01,1
56401,true,0.01,1
56413,true,0.01,1
56423,true,0.01,1
56440,false,0.01,1
56450,true,0.01,1
56460,true,0.01,1
56470,true,0.01,1
56480,true,0.01,1
56490,false,0.01,1
56499,true,0.01,1
56510,true,0.01,1
56519,false,0.01,1
56529,true,0.01,1
56539,true,0.01,1
56549,true,0.01,1
56561,true,0.01,1
56571,true,0.01,1
56581,false,0.01,1
56592,true,0.01,1
56603,true,0.01,1
56610,true,0.01,1
56621,false,0.01,1
56631,true,0.01,1
56642,true,0.01,1
56650,true,0.01,1
56659,true,0.01,1
56667,true,0.01,1
56681,true,0.01,1
56691,false,0.01,1
56694,true,0.01,1
56703,true,0.01,1
56716,false,0.01,1
56725,true,0.01,1
56735,false,0.01,1
56745,true,0.01,1
56755,true,0.01,1
56764,true,0.01,1
56781,true,0.01,1
56790,true,0.01,1
56800,true,0.01,1
56811,true,0.01,1
56821,true,0.01,1
56831,true,0.01,1
56841,false,0.01,1
56850,false,0.01,1
56862,false,0.01,1
56869,true,0.01,1
56883,false,0.01,1
56893,true,0.01,1
56903,true,0.01,1
56914,true,0.01,1
56924,true,0.01,1
56936,false,0.01,1
56946,true,0.01,1
56956,true,0.01,1
56966,true,0.01,1
56976,true,0.01,1
56985,true,0.01,1
56994,true,0.01,1
57005,true,0.01,1
57015,false,0.01,1
57025,false,0.01,1
57035,false,0.01,1
57046,true,0.01,1
57057,true,0.01,1
57067,true,0.01,1
57078,false,0.01,1
57089,true,0.01,1
57102,true,0.01,1
57114,false,0.01,1
57117,true,0.01,1
57130,true,0.01,1
57141,false,0.01,1
57146,true,0.01,1
57160,false,0.01,1
57168,false,0.01,1
57173,false,0.01,1
57184,true,0.01,1
57193,true,0.01,1
57204,true,0.01,1
57218,true,0.01,1
57228,true,0.01,1
57238,true,0.01,1
57248,true,0.01,1
57258,true,0.01,1
57267,false,0.01,1
57277,false,0.01,1
57287,false,0.01,1
57298,true,0.01,1
57308,true,0.01,1
57319,true,0.01,1
57329,true,0.01,1
57338,true,0.01,1
57347,true,0.01,1
57357,false,0.01,1
57363,true,0.01,1
57372,true,0.01,1
57384,false,0.01,1
57388,true,0.01,1
57401,true,0.01,1
57409,true,0.01,1
57420,true,0.01,1
57430,true,0.01,1
57440,false,0.01,1
57441,true,0.01,1
57451,true,0.01,1
57459,true,0.01,1
57469,true,0.01,1
57479,true,0.01,1
57489,true,0.01,1
57501,false,0.01,1
57510,false,0.01,1
57517,true,0.01,1
57527,true,0.01,1
