#---------- Tue Nov 29 16:11:47 PST 2022 ----------
#Format: Task Counter Number,Did Simulation Succeed,Last Step Size Used,Number of Simulations Attempted
13,true,0.01,1
18,true,0.01,1
25,true,0.01,1
32,true,0.01,1
38,true,0.01,1
48,true,0.01,1
53,true,0.01,1
61,true,0.01,1
69,true,0.01,1
77,true,0.01,1
86,true,0.01,1
95,true,0.01,1
103,true,0.01,1
111,true,0.01,1
119,true,0.01,1
127,true,0.01,1
133,true,0.01,1
141,true,0.01,1
151,true,0.01,1
158,true,0.01,1
167,true,0.01,1
177,true,0.01,1
187,true,0.01,1
197,true,0.01,1
206,true,0.01,1
216,true,0.01,1
224,true,0.01,1
237,true,0.01,1
247,true,0.01,1
257,true,0.01,1
267,true,0.01,1
277,true,0.01,1
286,true,0.01,1
294,true,0.01,1
306,true,0.01,1
316,true,0.01,1
327,true,0.01,1
337,true,0.01,1
346,true,0.01,1
356,true,0.01,1
365,true,0.01,1
375,true,0.01,1
390,true,0.01,1
401,true,0.01,1
406,false,0.01,1
417,true,0.01,1
431,true,0.01,1
439,false,0.01,1
448,false,0.01,1
458,true,0.01,1
470,true,0.01,1
477,true,0.01,1
484,true,0.01,1
494,true,0.01,1
504,true,0.01,1
514,true,0.01,1
526,true,0.01,1
534,true,0.01,1
543,true,0.01,1
553,true,0.01,1
563,true,0.01,1
573,false,0.01,1
581,true,0.01,1
592,true,0.01,1
603,true,0.01,1
612,true,0.01,1
620,true,0.01,1
633,true,0.01,1
643,true,0.01,1
653,false,0.01,1
664,false,0.01,1
668,true,0.01,1
680,true,0.01,1
693,true,0.01,1
703,true,0.01,1
712,true,0.01,1
721,true,0.01,1
729,true,0.01,1
739,true,0.01,1
748,true,0.01,1
759,true,0.01,1
766,true,0.01,1
780,true,0.01,1
790,true,0.01,1
800,true,0.01,1
810,true,0.01,1
820,true,0.01,1
829,true,0.01,1
836,true,0.01,1
850,true,0.01,1
859,true,0.01,1
867,true,0.01,1
872,true,0.01,1
882,true,0.01,1
892,true,0.01,1
902,true,0.01,1
912,true,0.01,1
922,true,0.01,1
933,false,0.01,1
942,false,0.01,1
958,true,0.01,1
967,true,0.01,1
976,true,0.01,1
986,true,0.01,1
996,false,0.01,1
1006,false,0.01,1
1016,true,0.01,1
1025,true,0.01,1
1035,true,0.01,1
1045,true,0.01,1
1055,true,0.01,1
1065,true,0.01,1
1076,true,0.01,1
1090,true,0.01,1
1100,true,0.01,1
1109,true,0.01,1
1117,true,0.01,1
1128,true,0.01,1
1136,true,0.01,1
1150,false,0.01,1
1156,true,0.01,1
1168,false,0.01,1
1174,true,0.01,1
1187,false,0.01,1
1199,true,0.01,1
1208,true,0.01,1
1213,false,0.01,1
1223,false,0.01,1
1233,true,0.01,1
1242,true,0.01,1
1248,false,0.01,1
1260,true,0.01,1
1268,true,0.01,1
1275,true,0.01,1
1287,true,0.01,1
1297,true,0.01,1
1307,true,0.01,1
1314,true,0.01,1
1325,true,0.01,1
1334,true,0.01,1
1343,true,0.01,1
1349,false,0.01,1
1364,true,0.01,1
1373,true,0.01,1
1382,false,0.01,1
1389,false,0.01,1
1398,true,0.01,1
1409,false,0.01,1
1417,true,0.01,1
1428,false,0.01,1
1434,false,0.01,1
1445,true,0.01,1
1454,true,0.01,1
1463,false,0.01,1
1472,false,0.01,1
1481,false,0.01,1
1490,false,0.01,1
1496,false,0.01,1
1507,false,0.01,1
1519,false,0.01,1
1527,false,0.01,1
1531,true,0.01,1
1544,false,0.01,1
1551,false,0.01,1
1564,false,0.01,1
1570,false,0.01,1
1581,false,0.01,1
1589,false,0.01,1
1600,false,0.01,1
1605,false,0.01,1
1617,false,0.01,1
1625,false,0.01,1
1636,false,0.01,1
1642,false,0.01,1
1654,false,0.01,1
1660,false,0.01,1
1672,false,0.01,1
1678,true,0.01,1
1689,false,0.01,1
1699,false,0.01,1
1708,false,0.01,1
1718,false,0.01,1
1727,false,0.01,1
1735,false,0.01,1
1744,false,0.01,1
1753,false,0.01,1
1763,false,0.01,1
1768,false,0.01,1
1780,false,0.01,1
1786,false,0.01,1
1794,false,0.01,1
1808,false,0.01,1
1817,false,0.01,1
1826,false,0.01,1
1831,false,0.01,1
1840,false,0.01,1
1852,false,0.01,1
1856,true,0.01,1
1867,false,0.01,1
1872,true,0.01,1
1885,false,0.01,1
1893,false,0.01,1
1901,false,0.01,1
1910,true,0.01,1
1918,true,0.01,1
1926,true,0.01,1
1934,false,0.01,1
1942,false,0.01,1
1950,false,0.01,1
1958,false,0.01,1
1964,false,0.01,1
1970,false,0.01,1
1978,false,0.01,1
1986,false,0.01,1
1995,false,0.01,1
2002,false,0.01,1
2008,false,0.01,1
2019,false,0.01,1
2027,false,0.01,1
2034,false,0.01,1
2041,false,0.01,1
2048,false,0.01,1
2055,false,0.01,1
2061,false,0.01,1
2070,true,0.01,1
2077,false,0.01,1
2084,false,0.01,1
2091,false,0.01,1
2096,false,0.01,1
2103,false,0.01,1
2110,false,0.01,1
2116,false,0.01,1
2126,false,0.01,1
2133,true,0.01,1
2139,false,0.01,1
2146,false,0.01,1
2154,false,0.01,1
2160,true,0.01,1
2168,false,0.01,1
2175,false,0.01,1
2182,false,0.01,1
2189,false,0.01,1
2199,true,0.01,1
2204,true,0.01,1
2211,true,0.01,1
2218,true,0.01,1
2224,true,0.01,1
2230,true,0.01,1
2237,true,0.01,1
2244,true,0.01,1
2251,true,0.01,1
2257,true,0.01,1
2264,true,0.01,1
2272,true,0.01,1
2279,true,0.01,1
2287,true,0.01,1
2294,true,0.01,1
2301,true,0.01,1
2308,true,0.01,1
2315,true,0.01,1
2323,true,0.01,1
2331,true,0.01,1
2338,true,0.01,1
2345,true,0.01,1
2352,true,0.01,1
2357,true,0.01,1
2363,true,0.01,1
2370,true,0.01,1
2378,true,0.01,1
2385,true,0.01,1
2392,true,0.01,1
2398,true,0.01,1
2405,true,0.01,1
2412,true,0.01,1
2419,true,0.01,1
2426,true,0.01,1
2433,true,0.01,1
2440,true,0.01,1
2446,true,0.01,1
2453,true,0.01,1
2460,true,0.01,1
2465,true,0.01,1
2472,true,0.01,1
2479,true,0.01,1
2486,true,0.01,1
2495,true,0.01,1
2504,false,0.01,1
2509,true,0.01,1
2517,false,0.01,1
2523,true,0.01,1
2529,true,0.01,1
2536,true,0.01,1
2543,true,0.01,1
2549,true,0.01,1
2559,true,0.01,1
2564,true,0.01,1
2573,true,0.01,1
2581,true,0.01,1
2588,true,0.01,1
2595,false,0.01,1
2600,false,0.01,1
2607,false,0.01,1
2613,true,0.01,1
2620,true,0.01,1
2627,false,0.01,1
2634,false,0.01,1
2640,true,0.01,1
2648,true,0.01,1
2655,true,0.01,1
2661,false,0.01,1
2667,true,0.01,1
2674,true,0.01,1
2680,true,0.01,1
2688,true,0.01,1
2694,true,0.01,1
2702,false,0.01,1
2709,true,0.01,1
2717,true,0.01,1
2724,true,0.01,1
2731,true,0.01,1
2737,true,0.01,1
2743,true,0.01,1
2750,true,0.01,1
2757,false,0.01,1
2764,true,0.01,1
2771,false,0.01,1
2778,false,0.01,1
2785,true,0.01,1
2792,true,0.01,1
2799,true,0.01,1
2806,false,0.01,1
2813,true,0.01,1
2821,true,0.01,1
2828,true,0.01,1
2837,false,0.01,1
2846,true,0.01,1
2850,false,0.01,1
2856,false,0.01,1
2862,true,0.01,1
2869,false,0.01,1
2875,false,0.01,1
2881,true,0.01,1
2887,false,0.01,1
2893,false,0.01,1
2900,true,0.01,1
2906,false,0.01,1
2912,true,0.01,1
2919,true,0.01,1
2923,true,0.01,1
2928,true,0.01,1
2934,false,0.01,1
2941,true,0.01,1
2947,true,0.01,1
2952,true,0.01,1
2958,true,0.01,1
2964,true,0.01,1
2970,true,0.01,1
2978,true,0.01,1
2984,true,0.01,1
2989,false,0.01,1
2994,true,0.01,1
3000,true,0.01,1
3005,false,0.01,1
3011,true,0.01,1
3017,true,0.01,1
3023,true,0.01,1
3029,true,0.01,1
3035,true,0.01,1
3041,true,0.01,1
3047,true,0.01,1
3051,true,0.01,1
3057,true,0.01,1
3064,true,0.01,1
3070,true,0.01,1
3076,true,0.01,1
3083,true,0.01,1
3089,true,0.01,1
3095,false,0.01,1
3101,true,0.01,1
3108,true,0.01,1
3114,true,0.01,1
3120,false,0.01,1
3125,true,0.01,1
3131,true,0.01,1
3138,false,0.01,1
3145,true,0.01,1
3151,true,0.01,1
3157,true,0.01,1
3164,true,0.01,1
3170,true,0.01,1
3175,false,0.01,1
3181,true,0.01,1
3187,true,0.01,1
3194,false,0.01,1
3200,true,0.01,1
3206,true,0.01,1
3212,true,0.01,1
3218,true,0.01,1
3224,true,0.01,1
3231,true,0.01,1
3237,true,0.01,1
3243,false,0.01,1
3250,true,0.01,1
3256,false,0.01,1
3262,true,0.01,1
3268,true,0.01,1
#---------- Tue Nov 29 18:56:46 PST 2022 ----------
#Format: Task Counter Number,Did Simulation Succeed,Last Step Size Used,Number of Simulations Attempted
4482,true,0.01,1
4491,true,0.01,1
4500,true,0.01,1
4510,true,0.01,1
4520,true,0.01,1
4530,true,0.01,1
4540,true,0.01,1
4550,true,0.01,1
4561,true,0.01,1
4572,true,0.01,1
4582,true,0.01,1
4592,true,0.01,1
4602,true,0.01,1
4612,true,0.01,1
4621,true,0.01,1
4632,true,0.01,1
4641,true,0.01,1
4652,true,0.01,1
4661,true,0.01,1
4670,true,0.01,1
4679,true,0.01,1
4688,true,0.01,1
4695,true,0.01,1
4704,true,0.01,1
4715,true,0.01,1
4724,true,0.01,1
4735,true,0.01,1
4745,true,0.01,1
4754,true,0.01,1
4764,true,0.01,1
4774,true,0.01,1
4784,false,0.01,1
4796,false,0.01,1
4805,true,0.01,1
4815,true,0.01,1
4825,true,0.01,1
4835,true,0.01,1
4845,true,0.01,1
4855,true,0.01,1
4865,true,0.01,1
4875,true,0.01,1
4888,true,0.01,1
4899,true,0.01,1
4909,true,0.01,1
4919,true,0.01,1
4929,true,0.01,1
4938,true,0.01,1
4948,false,0.01,1
4957,false,0.01,1
4967,true,0.01,1
4977,true,0.01,1
4988,true,0.01,1
4997,true,0.01,1
5009,true,0.01,1
5019,true,0.01,1
5028,false,0.01,1
5036,true,0.01,1
#---------- Tue Nov 29 20:55:41 PST 2022 ----------
#Format: Task Counter Number,Did Simulation Succeed,Last Step Size Used,Number of Simulations Attempted
9421,false,0.01,1
9430,false,0.01,1
9439,false,0.01,1
9448,false,0.01,1
9455,true,0.01,1
9465,false,0.01,1
9472,true,0.01,1
9483,true,0.01,1
9493,true,0.01,1
9502,true,0.01,1
9510,true,0.01,1
9520,true,0.01,1
9531,true,0.01,1
9543,true,0.01,1
9550,false,0.01,1
9560,true,0.01,1
9570,true,0.01,1
9579,true,0.01,1
9588,true,0.01,1
9598,true,0.01,1
9608,true,0.01,1
9617,true,0.01,1
9627,true,0.01,1
9637,true,0.01,1
9647,false,0.01,1
9657,true,0.01,1
9667,true,0.01,1
9677,true,0.01,1
9687,true,0.01,1
9697,true,0.01,1
9707,true,0.01,1
9714,true,0.01,1
9726,true,0.01,1
9732,true,0.01,1
9741,true,0.01,1
9749,true,0.01,1
9765,true,0.01,1
9775,true,0.01,1
9790,true,0.01,1
9796,true,0.01,1
9807,false,0.01,1
9813,true,0.01,1
9824,true,0.01,1
9837,true,0.01,1
9843,false,0.01,1
9853,true,0.01,1
9864,true,0.01,1
9875,true,0.01,1
9888,false,0.01,1
9894,true,0.01,1
9904,true,0.01,1
9916,false,0.01,1
9923,true,0.01,1
9937,true,0.01,1
9942,false,0.01,1
9952,false,0.01,1
9965,true,0.01,1
9976,true,0.01,1
9984,true,0.01,1
9993,true,0.01,1
10001,true,0.01,1
10017,true,0.01,1
10027,true,0.01,1
10039,true,0.01,1
10049,false,0.01,1
10059,false,0.01,1
10066,true,0.01,1
10080,true,0.01,1
10090,true,0.01,1
10100,true,0.01,1
10111,true,0.01,1
10120,true,0.01,1
10128,false,0.01,1
10137,false,0.01,1
10150,false,0.01,1
10154,true,0.01,1
10164,true,0.01,1
10174,true,0.01,1
10186,false,0.01,1
10198,true,0.01,1
10206,true,0.01,1
10222,false,0.01,1
10232,false,0.01,1
10239,false,0.01,1
10247,false,0.01,1
10260,true,0.01,1
10270,true,0.01,1
10280,true,0.01,1
10289,false,0.01,1
10299,false,0.01,1
10309,true,0.01,1
10322,false,0.01,1
10332,true,0.01,1
10342,true,0.01,1
10352,true,0.01,1
10361,true,0.01,1
10373,false,0.01,1
10386,true,0.01,1
10396,true,0.01,1
10406,true,0.01,1
10416,true,0.01,1
10426,true,0.01,1
10436,true,0.01,1
10446,false,0.01,1
10456,false,0.01,1
10466,false,0.01,1
10476,true,0.01,1
10485,false,0.01,1
10495,true,0.01,1
10505,true,0.01,1
10516,false,0.01,1
10524,false,0.01,1
10536,false,0.01,1
10546,false,0.01,1
10552,false,0.01,1
10563,false,0.01,1
10573,false,0.01,1
10580,false,0.01,1
10589,false,0.01,1
10600,false,0.01,1
10608,false,0.01,1
10613,false,0.01,1
10627,false,0.01,1
10633,false,0.01,1
10645,false,0.01,1
10648,true,0.01,1
10657,true,0.01,1
10665,true,0.01,1
10673,false,0.01,1
10681,false,0.01,1
10689,false,0.01,1
10696,false,0.01,1
10704,false,0.01,1
10709,false,0.01,1
10717,false,0.01,1
10725,false,0.01,1
10733,false,0.01,1
10742,false,0.01,1
10750,false,0.01,1
10756,true,0.01,1
10764,true,0.01,1
10773,true,0.01,1
10781,false,0.01,1
10789,false,0.01,1
10797,false,0.01,1
10803,false,0.01,1
10810,true,0.01,1
10819,true,0.01,1
10828,true,0.01,1
10836,true,0.01,1
10844,false,0.01,1
10852,false,0.01,1
10860,false,0.01,1
10866,false,0.01,1
10872,true,0.01,1
10880,false,0.01,1
10888,false,0.01,1
10897,false,0.01,1
10904,false,0.01,1
10913,false,0.01,1
10921,false,0.01,1
10929,false,0.01,1
10936,true,0.01,1
10944,false,0.01,1
10952,true,0.01,1
10960,true,0.01,1
10968,true,0.01,1
10976,true,0.01,1
10986,true,0.01,1
10993,true,0.01,1
11001,true,0.01,1
11008,false,0.01,1
11015,true,0.01,1
11022,true,0.01,1
11030,true,0.01,1
11039,true,0.01,1
11047,true,0.01,1
11054,true,0.01,1
11062,true,0.01,1
11071,true,0.01,1
11078,true,0.01,1
11087,true,0.01,1
11094,true,0.01,1
11102,false,0.01,1
11111,true,0.01,1
11119,true,0.01,1
11126,true,0.01,1
11133,true,0.01,1
11143,true,0.01,1
11156,true,0.01,1
11165,true,0.01,1
11173,true,0.01,1
11182,true,0.01,1
11192,true,0.01,1
11202,true,0.01,1
11212,true,0.01,1
11222,true,0.01,1
11232,false,0.01,1
11240,true,0.01,1
11250,false,0.01,1
11260,true,0.01,1
11270,true,0.01,1
11281,true,0.01,1
11291,true,0.01,1
11301,true,0.01,1
11311,true,0.01,1
11321,true,0.01,1
11332,true,0.01,1
11341,true,0.01,1
11354,true,0.01,1
11363,true,0.01,1
11373,true,0.01,1
11382,true,0.01,1
11390,true,0.01,1
11400,true,0.01,1
11410,true,0.01,1
11420,true,0.01,1
11431,false,0.01,1
11440,true,0.01,1
11449,false,0.01,1
11459,false,0.01,1
11469,true,0.01,1
11480,true,0.01,1
11490,true,0.01,1
11499,true,0.01,1
11509,false,0.01,1
11519,true,0.01,1
11529,true,0.01,1
11540,true,0.01,1
11551,true,0.01,1
11561,true,0.01,1
11573,true,0.01,1
11583,false,0.01,1
11593,false,0.01,1
11602,false,0.01,1
11612,true,0.01,1
11624,true,0.01,1
11632,true,0.01,1
11640,true,0.01,1
11652,true,0.01,1
11659,true,0.01,1
11670,true,0.01,1
11676,true,0.01,1
11686,true,0.01,1
11699,true,0.01,1
11708,true,0.01,1
11717,true,0.01,1
11724,true,0.01,1
11730,true,0.01,1
11742,true,0.01,1
11750,false,0.01,1
11756,true,0.01,1
11770,true,0.01,1
11778,true,0.01,1
11785,true,0.01,1
11791,true,0.01,1
11806,true,0.01,1
11814,true,0.01,1
11822,true,0.01,1
11833,true,0.01,1
11842,true,0.01,1
11847,true,0.01,1
11853,true,0.01,1
11867,true,0.01,1
11872,true,0.01,1
11887,true,0.01,1
11894,true,0.01,1
11899,true,0.01,1
11910,true,0.01,1
11923,true,0.01,1
11931,true,0.01,1
11937,true,0.01,1
11946,true,0.01,1
11955,true,0.01,1
11964,true,0.01,1
11977,true,0.01,1
11983,true,0.01,1
11992,true,0.01,1
12000,true,0.01,1
12007,true,0.01,1
12022,true,0.01,1
12029,true,0.01,1
12036,true,0.01,1
12043,true,0.01,1
12057,true,0.01,1
12066,true,0.01,1
12074,false,0.01,1
12081,true,0.01,1
12095,true,0.01,1
12103,true,0.01,1
12112,true,0.01,1
12116,true,0.01,1
12130,true,0.01,1
12137,true,0.01,1
12142,true,0.01,1
12155,false,0.01,1
12165,true,0.01,1
12172,true,0.01,1
12181,true,0.01,1
12193,true,0.01,1
12199,true,0.01,1
12210,true,0.01,1
12216,true,0.01,1
12227,true,0.01,1
12239,false,0.01,1
12247,false,0.01,1
12254,true,0.01,1
12264,true,0.01,1
12272,true,0.01,1
12280,true,0.01,1
12287,true,0.01,1
12302,true,0.01,1
12310,true,0.01,1
12317,false,0.01,1
12326,true,0.01,1
12337,false,0.01,1
12340,true,0.01,1
12353,true,0.01,1
12359,true,0.01,1
12369,true,0.01,1
12377,true,0.01,1
12386,true,0.01,1
12395,false,0.01,1
12404,false,0.01,1
12411,false,0.01,1
12417,true,0.01,1
12422,true,0.01,1
12435,true,0.01,1
12439,false,0.01,1
12445,true,0.01,1
12452,true,0.01,1
12458,true,0.01,1
12470,true,0.01,1
12478,false,0.01,1
12486,true,0.01,1
12491,false,0.01,1
12498,true,0.01,1
12505,true,0.01,1
12512,true,0.01,1
12521,true,0.01,1
12527,true,0.01,1
12534,true,0.01,1
12541,true,0.01,1
12546,true,0.01,1
12555,true,0.01,1
12562,false,0.01,1
12569,false,0.01,1
12576,true,0.01,1
12583,true,0.01,1
12590,true,0.01,1
12597,true,0.01,1
12604,true,0.01,1
12611,true,0.01,1
12619,true,0.01,1
12627,true,0.01,1
12634,true,0.01,1
12642,false,0.01,1
12649,true,0.01,1
12656,true,0.01,1
12664,true,0.01,1
12674,true,0.01,1
12686,true,0.01,1
12692,true,0.01,1
12703,true,0.01,1
12708,false,0.01,1
12714,true,0.01,1
12721,false,0.01,1
12730,true,0.01,1
12737,true,0.01,1
12743,false,0.01,1
12750,false,0.01,1
12757,true,0.01,1
12762,true,0.01,1
12770,false,0.01,1
12777,false,0.01,1
12784,true,0.01,1
12788,false,0.01,1
12794,true,0.01,1
12802,false,0.01,1
12807,true,0.01,1
12814,false,0.01,1
12821,true,0.01,1
12829,true,0.01,1
12836,true,0.01,1
12842,false,0.01,1
12849,false,0.01,1
12855,true,0.01,1
12861,true,0.01,1
12866,true,0.01,1
12873,true,0.01,1
12879,false,0.01,1
12885,false,0.01,1
12892,false,0.01,1
12898,false,0.01,1
12905,false,0.01,1
12913,false,0.01,1
12920,true,0.01,1
12926,true,0.01,1
12937,true,0.01,1
12941,false,0.01,1
12948,false,0.01,1
12953,true,0.01,1
12963,true,0.01,1
12970,true,0.01,1
12977,false,0.01,1
12984,false,0.01,1
12990,true,0.01,1
12996,true,0.01,1
13003,false,0.01,1
13010,false,0.01,1
13017,true,0.01,1
13024,true,0.01,1
13031,false,0.01,1
13038,false,0.01,1
13045,false,0.01,1
13050,true,0.01,1
13058,false,0.01,1
13064,false,0.01,1
13072,false,0.01,1
13079,true,0.01,1
13086,true,0.01,1
13093,false,0.01,1
13099,false,0.01,1
13107,true,0.01,1
13114,true,0.01,1
13121,false,0.01,1
13128,true,0.01,1
13135,true,0.01,1
13140,true,0.01,1
13148,true,0.01,1
13155,true,0.01,1
13162,true,0.01,1
13167,true,0.01,1
13175,true,0.01,1
13182,true,0.01,1
13189,true,0.01,1
13195,true,0.01,1
13202,true,0.01,1
13209,true,0.01,1
13216,true,0.01,1
13223,true,0.01,1
13232,true,0.01,1
13239,true,0.01,1
13243,true,0.01,1
13249,true,0.01,1
13258,true,0.01,1
13265,true,0.01,1
13273,true,0.01,1
13280,true,0.01,1
13287,true,0.01,1
13293,false,0.01,1
13302,false,0.01,1
13309,true,0.01,1
13316,true,0.01,1
13323,true,0.01,1
13330,true,0.01,1
13337,true,0.01,1
13346,true,0.01,1
13354,true,0.01,1
13361,true,0.01,1
13368,true,0.01,1
13375,true,0.01,1
13381,true,0.01,1
13387,true,0.01,1
13394,true,0.01,1
13404,true,0.01,1
13409,true,0.01,1
13416,true,0.01,1
13423,true,0.01,1
13430,true,0.01,1
13438,true,0.01,1
13444,true,0.01,1
13451,true,0.01,1
13458,true,0.01,1
13465,true,0.01,1
13472,true,0.01,1
13480,true,0.01,1
13487,true,0.01,1
13493,true,0.01,1
13501,true,0.01,1
13507,true,0.01,1
13514,true,0.01,1
13521,true,0.01,1
13526,true,0.01,1
13533,true,0.01,1
13540,true,0.01,1
13547,true,0.01,1
13554,true,0.01,1
13561,true,0.01,1
13568,true,0.01,1
13575,true,0.01,1
13582,true,0.01,1
13589,true,0.01,1
13597,true,0.01,1
13604,true,0.01,1
13610,true,0.01,1
13618,true,0.01,1
13625,true,0.01,1
13631,true,0.01,1
13639,true,0.01,1
13646,true,0.01,1
13653,true,0.01,1
13661,true,0.01,1
13668,true,0.01,1
13675,true,0.01,1
13682,true,0.01,1
13689,true,0.01,1
13696,true,0.01,1
13703,true,0.01,1
13710,true,0.01,1
13717,true,0.01,1
13723,true,0.01,1
13730,true,0.01,1
13737,true,0.01,1
13742,true,0.01,1
13750,true,0.01,1
13758,true,0.01,1
13766,true,0.01,1
13773,true,0.01,1
13778,false,0.01,1
13784,true,0.01,1
13790,false,0.01,1
13797,false,0.01,1
13803,false,0.01,1
13810,true,0.01,1
13815,false,0.01,1
13821,true,0.01,1
13827,true,0.01,1
13833,false,0.01,1
13840,true,0.01,1
13846,true,0.01,1
13852,true,0.01,1
13859,true,0.01,1
13865,true,0.01,1
13871,true,0.01,1
13877,true,0.01,1
13882,true,0.01,1
13888,true,0.01,1
13894,true,0.01,1
13900,true,0.01,1
13906,true,0.01,1
13912,true,0.01,1
13917,true,0.01,1
13920,true,0.01,1
13928,true,0.01,1
13934,true,0.01,1
13939,true,0.01,1
13945,true,0.01,1
13950,true,0.01,1
13957,true,0.01,1
13962,true,0.01,1
13969,true,0.01,1
13975,true,0.01,1
13980,true,0.01,1
13986,true,0.01,1
13992,true,0.01,1
13999,true,0.01,1
14005,true,0.01,1
14011,true,0.01,1
14017,true,0.01,1
14023,true,0.01,1
14028,true,0.01,1
14034,true,0.01,1
14040,true,0.01,1
14047,true,0.01,1
14053,true,0.01,1
14059,true,0.01,1
14065,true,0.01,1
14071,true,0.01,1
14077,true,0.01,1
14081,true,0.01,1
14087,true,0.01,1
14093,true,0.01,1
14099,true,0.01,1
14105,true,0.01,1
14109,true,0.01,1
14115,true,0.01,1
14121,true,0.01,1
14127,true,0.01,1
14134,true,0.01,1
14140,true,0.01,1
14147,true,0.01,1
14151,true,0.01,1
14157,true,0.01,1
14163,true,0.01,1
14171,true,0.01,1
14177,true,0.01,1
14183,false,0.01,1
14189,true,0.01,1
14195,true,0.01,1
14199,true,0.01,1
14205,true,0.01,1
14212,true,0.01,1
14218,true,0.01,1
14224,true,0.01,1
14231,true,0.01,1
14237,true,0.01,1
14241,true,0.01,1
14247,true,0.01,1
14253,true,0.01,1
14259,true,0.01,1
14265,true,0.01,1
14273,false,0.01,1
14279,true,0.01,1
14285,true,0.01,1
14291,true,0.01,1
14297,true,0.01,1
14303,true,0.01,1
14308,true,0.01,1
14313,true,0.01,1
14319,true,0.01,1
14322,true,0.01,1
14330,true,0.01,1
14336,true,0.01,1
14342,true,0.01,1
14348,true,0.01,1
14352,true,0.01,1
14358,true,0.01,1
14364,true,0.01,1
14372,true,0.01,1
14376,true,0.01,1
14381,true,0.01,1
14386,true,0.01,1
14392,true,0.01,1
14398,true,0.01,1
14405,true,0.01,1
14411,true,0.01,1
14416,true,0.01,1
14422,true,0.01,1
14428,true,0.01,1
14434,false,0.01,1
14440,true,0.01,1
14446,true,0.01,1
14452,false,0.01,1
14458,true,0.01,1
14464,true,0.01,1
14470,true,0.01,1
14476,true,0.01,1
14481,true,0.01,1
14487,true,0.01,1
14494,true,0.01,1
14500,true,0.01,1
14506,false,0.01,1
14513,false,0.01,1
14518,true,0.01,1
14524,false,0.01,1
14530,true,0.01,1
14535,true,0.01,1
14542,false,0.01,1
14548,true,0.01,1
14553,true,0.01,1
14557,true,0.01,1
14562,true,0.01,1
14567,true,0.01,1
14571,true,0.01,1
14577,true,0.01,1
14583,false,0.01,1
14589,false,0.01,1
14595,false,0.01,1
14601,false,0.01,1
14607,false,0.01,1
14612,false,0.01,1
14617,false,0.01,1
14626,false,0.01,1
14631,false,0.01,1
14637,false,0.01,1
14643,false,0.01,1
14649,false,0.01,1
14655,false,0.01,1
14661,true,0.01,1
14667,false,0.01,1
14673,false,0.01,1
14679,true,0.01,1
14685,false,0.01,1
14691,false,0.01,1
14697,true,0.01,1
14703,false,0.01,1
14709,false,0.01,1
14715,true,0.01,1
14721,false,0.01,1
14727,true,0.01,1
14733,false,0.01,1
14739,false,0.01,1
14745,false,0.01,1
14751,true,0.01,1
14757,false,0.01,1
14763,true,0.01,1
14769,true,0.01,1
14775,false,0.01,1
14779,true,0.01,1
14785,false,0.01,1
14791,true,0.01,1
14798,true,0.01,1
14804,false,0.01,1
14808,true,0.01,1
14814,true,0.01,1
14820,false,0.01,1
14827,false,0.01,1
14832,false,0.01,1
14839,false,0.01,1
14844,false,0.01,1
14851,false,0.01,1
14856,false,0.01,1
14862,false,0.01,1
14868,false,0.01,1
14874,false,0.01,1
14880,false,0.01,1
14886,false,0.01,1
14892,false,0.01,1
14898,false,0.01,1
14904,false,0.01,1
14910,false,0.01,1
14917,false,0.01,1
14922,false,0.01,1
14927,false,0.01,1
14933,false,0.01,1
14939,false,0.01,1
14944,false,0.01,1
14947,false,0.01,1
14952,false,0.01,1
14957,false,0.01,1
14962,false,0.01,1
14968,true,0.01,1
14972,false,0.01,1
14978,true,0.01,1
14983,false,0.01,1
14987,false,0.01,1
14994,true,0.01,1
14999,false,0.01,1
15004,true,0.01,1
15009,false,0.01,1
15014,true,0.01,1
15019,false,0.01,1
15024,false,0.01,1
15029,false,0.01,1
15034,false,0.01,1
15039,true,0.01,1
15044,false,0.01,1
15049,true,0.01,1
15054,false,0.01,1
15059,true,0.01,1
15064,false,0.01,1
15070,false,0.01,1
15075,false,0.01,1
15080,false,0.01,1
15085,false,0.01,1
15089,false,0.01,1
15093,false,0.01,1
15099,false,0.01,1
15103,false,0.01,1
15108,false,0.01,1
15112,false,0.01,1
15118,false,0.01,1
15123,false,0.01,1
15128,false,0.01,1
15132,false,0.01,1
15138,false,0.01,1
15143,false,0.01,1
15148,false,0.01,1
15153,false,0.01,1
15158,false,0.01,1
15163,false,0.01,1
15168,false,0.01,1
15172,false,0.01,1
15176,false,0.01,1
15180,false,0.01,1
15184,false,0.01,1
15188,false,0.01,1
15192,false,0.01,1
15196,false,0.01,1
15200,false,0.01,1
15204,false,0.01,1
15208,false,0.01,1
15211,false,0.01,1
15214,false,0.01,1
15217,false,0.01,1
15220,true,0.01,1
15222,false,0.01,1
15225,false,0.01,1
15229,false,0.01,1
15231,false,0.01,1
15234,false,0.01,1
15237,false,0.01,1
15240,false,0.01,1
15243,false,0.01,1
15246,false,0.01,1
15249,false,0.01,1
15252,false,0.01,1
15255,true,0.01,1
15258,false,0.01,1
15261,false,0.01,1
15264,false,0.01,1
15267,false,0.01,1
15270,false,0.01,1
15273,true,0.01,1
15276,false,0.01,1
15279,false,0.01,1
15282,true,0.01,1
15285,false,0.01,1
15288,false,0.01,1
15290,false,0.01,1
15292,true,0.01,1
15294,false,0.01,1
15296,false,0.01,1
15298,false,0.01,1
15300,true,0.01,1
15302,true,0.01,1
15304,false,0.01,1
15306,false,0.01,1
15308,false,0.01,1
15310,true,0.01,1
15312,true,0.01,1
15313,true,0.01,1
15315,true,0.01,1
15317,true,0.01,1
15319,true,0.01,1
15321,true,0.01,1
15323,true,0.01,1
15325,true,0.01,1
15327,true,0.01,1
15329,true,0.01,1
15331,true,0.01,1
15333,true,0.01,1
15335,true,0.01,1
15337,true,0.01,1
15339,true,0.01,1
15341,true,0.01,1
15343,true,0.01,1
15345,true,0.01,1
15347,true,0.01,1
15349,true,0.01,1
15351,true,0.01,1
15353,true,0.01,1
15355,true,0.01,1
15357,true,0.01,1
15359,true,0.01,1
15361,true,0.01,1
15363,true,0.01,1
15365,false,0.01,1
15368,true,0.01,1
15370,true,0.01,1
15372,true,0.01,1
15374,false,0.01,1
15376,true,0.01,1
15378,true,0.01,1
15380,true,0.01,1
15382,true,0.01,1
15384,true,0.01,1
15385,true,0.01,1
15388,true,0.01,1
15390,true,0.01,1
15392,true,0.01,1
15394,true,0.01,1
15396,true,0.01,1
15398,true,0.01,1
15400,true,0.01,1
15402,true,0.01,1
15404,true,0.01,1
15406,true,0.01,1
15408,true,0.01,1
15410,true,0.01,1
15412,true,0.01,1
15414,true,0.01,1
15416,true,0.01,1
15418,true,0.01,1
15420,true,0.01,1
15422,true,0.01,1
15424,true,0.01,1
15426,true,0.01,1
15428,true,0.01,1
15430,true,0.01,1
15432,true,0.01,1
15434,true,0.01,1
15436,true,0.01,1
15438,true,0.01,1
15439,true,0.01,1
15441,true,0.01,1
15444,true,0.01,1
15446,true,0.01,1
15448,true,0.01,1
15450,true,0.01,1
15452,true,0.01,1
15454,true,0.01,1
15456,true,0.01,1
15457,true,0.01,1
15459,true,0.01,1
15461,true,0.01,1
15463,true,0.01,1
15465,true,0.01,1
15467,true,0.01,1
15469,true,0.01,1
15471,false,0.01,1
15473,true,0.01,1
15475,true,0.01,1
15477,true,0.01,1
15479,true,0.01,1
15481,true,0.01,1
15483,true,0.01,1
15485,true,0.01,1
15487,true,0.01,1
15489,false,0.01,1
15491,true,0.01,1
15493,true,0.01,1
15495,true,0.01,1
15497,true,0.01,1
15499,true,0.01,1
15501,true,0.01,1
15503,true,0.01,1
15505,true,0.01,1
15507,true,0.01,1
15509,true,0.01,1
15511,true,0.01,1
15513,true,0.01,1
15515,true,0.01,1
15517,true,0.01,1
15519,true,0.01,1
15521,true,0.01,1
15523,true,0.01,1
15525,true,0.01,1
15527,true,0.01,1
15529,true,0.01,1
15531,true,0.01,1
15533,true,0.01,1
15535,true,0.01,1
15537,true,0.01,1
15539,true,0.01,1
15541,true,0.01,1
15543,true,0.01,1
15545,true,0.01,1
15547,true,0.01,1
15549,true,0.01,1
15551,true,0.01,1
15553,true,0.01,1
15554,true,0.01,1
15556,true,0.01,1
15558,true,0.01,1
15560,true,0.01,1
15562,true,0.01,1
15564,true,0.01,1
15566,true,0.01,1
15568,true,0.01,1
15570,true,0.01,1
15572,false,0.01,1
15574,true,0.01,1
15576,true,0.01,1
15578,true,0.01,1
15580,true,0.01,1
15582,true,0.01,1
15584,true,0.01,1
15586,true,0.01,1
15588,true,0.01,1
15590,false,0.01,1
15592,true,0.01,1
15594,true,0.01,1
15596,true,0.01,1
15598,true,0.01,1
15600,true,0.01,1
15602,true,0.01,1
15604,true,0.01,1
15606,true,0.01,1
15608,true,0.01,1
15611,true,0.01,1
15613,true,0.01,1
15614,true,0.01,1
15616,true,0.01,1
15618,true,0.01,1
15620,true,0.01,1
15622,true,0.01,1
15624,true,0.01,1
15626,true,0.01,1
15628,true,0.01,1
15630,true,0.01,1
15632,true,0.01,1
15634,true,0.01,1
15636,true,0.01,1
15639,true,0.01,1
15640,true,0.01,1
15642,true,0.01,1
15644,true,0.01,1
15647,true,0.01,1
15649,true,0.01,1
15651,true,0.01,1
15653,true,0.01,1
15655,true,0.01,1
15657,true,0.01,1
15659,true,0.01,1
15661,true,0.01,1
15663,true,0.01,1
15665,true,0.01,1
15667,true,0.01,1
15668,true,0.01,1
15670,true,0.01,1
15672,true,0.01,1
15674,true,0.01,1
15676,true,0.01,1
15678,true,0.01,1
15680,true,0.01,1
15682,true,0.01,1
15684,true,0.01,1
15686,true,0.01,1
15688,true,0.01,1
15690,true,0.01,1
15692,true,0.01,1
15694,true,0.01,1
15696,true,0.01,1
15698,true,0.01,1
15700,true,0.01,1
15702,true,0.01,1
15704,true,0.01,1
15706,true,0.01,1
15708,true,0.01,1
15710,true,0.01,1
15712,true,0.01,1
15714,false,0.01,1
15716,false,0.01,1
15718,true,0.01,1
15720,false,0.01,1
15722,false,0.01,1
15724,false,0.01,1
15726,true,0.01,1
15728,true,0.01,1
15730,true,0.01,1
15732,false,0.01,1
15734,true,0.01,1
15736,true,0.01,1
15738,true,0.01,1
15740,true,0.01,1
15742,true,0.01,1
15744,true,0.01,1
15746,true,0.01,1
15748,true,0.01,1
15750,false,0.01,1
15752,true,0.01,1
15754,true,0.01,1
15756,true,0.01,1
15758,true,0.01,1
15760,true,0.01,1
15761,true,0.01,1
15763,true,0.01,1
15766,true,0.01,1
15768,false,0.01,1
15770,true,0.01,1
15772,true,0.01,1
15774,true,0.01,1
15776,true,0.01,1
15778,true,0.01,1
15780,true,0.01,1
15782,true,0.01,1
15784,true,0.01,1
15786,false,0.01,1
15788,true,0.01,1
15790,true,0.01,1
15792,true,0.01,1
15794,true,0.01,1
15796,true,0.01,1
15798,true,0.01,1
15800,true,0.01,1
15802,true,0.01,1
15804,true,0.01,1
15806,true,0.01,1
15808,true,0.01,1
15810,true,0.01,1
15812,true,0.01,1
15814,true,0.01,1
15816,true,0.01,1
15818,true,0.01,1
15820,true,0.01,1
15822,true,0.01,1
15824,true,0.01,1
15825,true,0.01,1
15827,true,0.01,1
15829,true,0.01,1
15832,true,0.01,1
15833,true,0.01,1
15836,true,0.01,1
15838,true,0.01,1
15840,true,0.01,1
15842,true,0.01,1
15844,true,0.01,1
15846,true,0.01,1
15848,true,0.01,1
15850,true,0.01,1
15852,true,0.01,1
15854,true,0.01,1
15856,true,0.01,1
15858,true,0.01,1
15860,false,0.01,1
15862,true,0.01,1
15864,true,0.01,1
15866,true,0.01,1
15868,true,0.01,1
15869,false,0.01,1
15872,true,0.01,1
15873,true,0.01,1
15875,true,0.01,1
15877,true,0.01,1
15879,true,0.01,1
15881,true,0.01,1
15883,true,0.01,1
15885,true,0.01,1
15887,true,0.01,1
15890,true,0.01,1
15891,true,0.01,1
15893,true,0.01,1
15895,true,0.01,1
15897,true,0.01,1
15899,true,0.01,1
15901,true,0.01,1
15903,true,0.01,1
15905,true,0.01,1
15907,true,0.01,1
15909,true,0.01,1
15911,true,0.01,1
15913,true,0.01,1
15915,true,0.01,1
15917,true,0.01,1
15919,true,0.01,1
15921,true,0.01,1
15923,true,0.01,1
15925,true,0.01,1
15927,true,0.01,1
15929,true,0.01,1
15931,true,0.01,1
15933,true,0.01,1
15935,true,0.01,1
15937,true,0.01,1
15939,true,0.01,1
15941,true,0.01,1
15943,true,0.01,1
15945,true,0.01,1
15947,true,0.01,1
15949,true,0.01,1
15951,true,0.01,1
15953,true,0.01,1
15955,true,0.01,1
15957,false,0.01,1
15959,false,0.01,1
15961,true,0.01,1
15963,false,0.01,1
15965,false,0.01,1
15967,false,0.01,1
15969,true,0.01,1
15971,true,0.01,1
15973,false,0.01,1
15975,false,0.01,1
15977,true,0.01,1
15979,true,0.01,1
15981,false,0.01,1
15983,false,0.01,1
15985,false,0.01,1
15987,true,0.01,1
15989,true,0.01,1
15991,false,0.01,1
15993,false,0.01,1
15995,true,0.01,1
15997,true,0.01,1
15999,false,0.01,1
16001,true,0.01,1
16003,false,0.01,1
16005,true,0.01,1
16007,true,0.01,1
16009,true,0.01,1
16011,false,0.01,1
16014,true,0.01,1
16016,true,0.01,1
16018,true,0.01,1
16020,false,0.01,1
16022,true,0.01,1
16024,true,0.01,1
16026,true,0.01,1
16028,true,0.01,1
16030,true,0.01,1
16032,true,0.01,1
16034,true,0.01,1
16036,true,0.01,1
16038,false,0.01,1
16040,true,0.01,1
16043,true,0.01,1
16045,true,0.01,1
16047,true,0.01,1
16049,false,0.01,1
16051,true,0.01,1
16053,true,0.01,1
16054,true,0.01,1
16057,false,0.01,1
16058,false,0.01,1
16060,true,0.01,1
16062,true,0.01,1
16064,true,0.01,1
16066,false,0.01,1
16068,true,0.01,1
16069,true,0.01,1
16071,true,0.01,1
16073,true,0.01,1
16075,false,0.01,1
16077,true,0.01,1
16078,true,0.01,1
16080,true,0.01,1
16082,true,0.01,1
16084,false,0.01,1
16086,true,0.01,1
16087,true,0.01,1
16089,true,0.01,1
16091,true,0.01,1
16093,true,0.01,1
16095,true,0.01,1
16097,true,0.01,1
16099,true,0.01,1
16101,true,0.01,1
16103,true,0.01,1
16106,true,0.01,1
16108,true,0.01,1
16110,true,0.01,1
16112,true,0.01,1
16115,true,0.01,1
16117,true,0.01,1
16119,true,0.01,1
16121,true,0.01,1
16123,true,0.01,1
16125,true,0.01,1
16127,true,0.01,1
16129,true,0.01,1
16131,true,0.01,1
16133,true,0.01,1
16135,true,0.01,1
16137,true,0.01,1
16139,true,0.01,1
16141,true,0.01,1
16143,true,0.01,1
16145,true,0.01,1
16147,true,0.01,1
16149,true,0.01,1
16151,true,0.01,1
16153,true,0.01,1
16155,true,0.01,1
16157,true,0.01,1
16159,true,0.01,1
16161,true,0.01,1
16163,true,0.01,1
16165,true,0.01,1
16167,true,0.01,1
16169,true,0.01,1
16171,true,0.01,1
16173,true,0.01,1
16175,true,0.01,1
16177,true,0.01,1
16179,true,0.01,1
16181,true,0.01,1
16183,true,0.01,1
16185,true,0.01,1
16187,true,0.01,1
16189,true,0.01,1
16191,true,0.01,1
16193,true,0.01,1
16195,true,0.01,1
16197,true,0.01,1
16199,true,0.01,1
16201,true,0.01,1
16203,true,0.01,1
16205,true,0.01,1
16207,true,0.01,1
16209,true,0.01,1
16211,true,0.01,1
16213,true,0.01,1
16215,true,0.01,1
16217,true,0.01,1
16219,true,0.01,1
16221,true,0.01,1
16223,true,0.01,1
16225,true,0.01,1
16227,true,0.01,1
16232,true,0.01,1
16242,true,0.01,1
16250,true,0.01,1
16260,true,0.01,1
16271,true,0.01,1
16282,true,0.01,1
16295,true,0.01,1
16305,true,0.01,1
16313,true,0.01,1
16323,true,0.01,1
16333,true,0.01,1
16343,true,0.01,1
16353,true,0.01,1
16363,true,0.01,1
16373,true,0.01,1
16383,true,0.01,1
16392,true,0.01,1
16402,true,0.01,1
16412,true,0.01,1
16421,true,0.01,1
16431,true,0.01,1
16441,true,0.01,1
16451,false,0.01,1
16461,true,0.01,1
16471,true,0.01,1
16481,true,0.01,1
16488,true,0.01,1
16498,true,0.01,1
16505,true,0.01,1
16517,true,0.01,1
16526,true,0.01,1
16537,true,0.01,1
16547,true,0.01,1
16557,true,0.01,1
16566,true,0.01,1
16575,true,0.01,1
16585,true,0.01,1
16594,true,0.01,1
16602,true,0.01,1
16609,true,0.01,1
16621,false,0.01,1
16627,true,0.01,1
16638,false,0.01,1
16648,false,0.01,1
16659,true,0.01,1
16669,true,0.01,1
16681,true,0.01,1
16689,true,0.01,1
16701,false,0.01,1
16707,true,0.01,1
16716,true,0.01,1
16729,false,0.01,1
16738,false,0.01,1
16747,false,0.01,1
16761,true,0.01,1
16770,false,0.01,1
16776,false,0.01,1
16790,false,0.01,1
16799,false,0.01,1
16805,true,0.01,1
16820,false,0.01,1
16827,false,0.01,1
16831,true,0.01,1
16844,false,0.01,1
16851,false,0.01,1
16865,false,0.01,1
16872,false,0.01,1
16878,true,0.01,1
16886,true,0.01,1
16895,true,0.01,1
16904,true,0.01,1
16914,true,0.01,1
16922,true,0.01,1
16933,true,0.01,1
16942,true,0.01,1
16953,false,0.01,1
16958,true,0.01,1
16967,true,0.01,1
16976,true,0.01,1
16983,true,0.01,1
16987,true,0.01,1
16997,true,0.01,1
17005,true,0.01,1
17014,false,0.01,1
17019,true,0.01,1
17032,false,0.01,1
17038,false,0.01,1
17047,true,0.01,1
17062,false,0.01,1
17065,true,0.01,1
17074,true,0.01,1
17090,false,0.01,1
17097,false,0.01,1
17104,false,0.01,1
17116,false,0.01,1
17122,false,0.01,1
17130,true,0.01,1
17139,false,0.01,1
17149,false,0.01,1
17157,true,0.01,1
17165,true,0.01,1
17179,false,0.01,1
17183,true,0.01,1
17195,false,0.01,1
17203,false,0.01,1
17214,false,0.01,1
17220,true,0.01,1
17234,false,0.01,1
17243,false,0.01,1
17254,false,0.01,1
17263,false,0.01,1
17276,false,0.01,1
17284,false,0.01,1
17290,true,0.01,1
17305,false,0.01,1
17307,true,0.01,1
17323,false,0.01,1
17325,true,0.01,1
17338,false,0.01,1
17347,false,0.01,1
17358,false,0.01,1
17363,true,0.01,1
17375,false,0.01,1
17381,false,0.01,1
17395,false,0.01,1
17402,false,0.01,1
17413,false,0.01,1
17419,false,0.01,1
17426,true,0.01,1
17438,false,0.01,1
17445,false,0.01,1
17453,true,0.01,1
17461,true,0.01,1
17469,true,0.01,1
17477,false,0.01,1
17484,false,0.01,1
17493,false,0.01,1
17501,true,0.01,1
17510,true,0.01,1
17515,true,0.01,1
17525,true,0.01,1
17532,false,0.01,1
17540,true,0.01,1
17549,true,0.01,1
17556,true,0.01,1
17564,true,0.01,1
17571,true,0.01,1
17579,true,0.01,1
17587,true,0.01,1
17595,true,0.01,1
17603,true,0.01,1
17611,true,0.01,1
17619,true,0.01,1
17627,true,0.01,1
17635,true,0.01,1
17641,true,0.01,1
17649,true,0.01,1
17657,true,0.01,1
17665,true,0.01,1
17673,true,0.01,1
17681,true,0.01,1
17689,true,0.01,1
17696,true,0.01,1
17704,true,0.01,1
17713,true,0.01,1
17720,true,0.01,1
17728,true,0.01,1
17736,true,0.01,1
17744,true,0.01,1
17752,true,0.01,1
17761,true,0.01,1
17770,true,0.01,1
17778,true,0.01,1
17786,false,0.01,1
17794,false,0.01,1
17802,false,0.01,1
17808,true,0.01,1
17817,true,0.01,1
17826,true,0.01,1
17833,true,0.01,1
17841,true,0.01,1
17849,true,0.01,1
17857,true,0.01,1
17864,true,0.01,1
17872,true,0.01,1
17878,true,0.01,1
17888,true,0.01,1
17896,true,0.01,1
17903,true,0.01,1
17912,true,0.01,1
17919,false,0.01,1
17926,true,0.01,1
17933,true,0.01,1
17940,true,0.01,1
17947,true,0.01,1
17955,false,0.01,1
17962,true,0.01,1
17969,true,0.01,1
17976,true,0.01,1
17984,false,0.01,1
17990,false,0.01,1
17998,true,0.01,1
18005,true,0.01,1
18010,false,0.01,1
18018,false,0.01,1
18026,true,0.01,1
18032,true,0.01,1
18039,true,0.01,1
18045,false,0.01,1
18049,true,0.01,1
18056,false,0.01,1
18063,true,0.01,1
18070,true,0.01,1
18077,true,0.01,1
18084,true,0.01,1
18092,true,0.01,1
18101,true,0.01,1
18108,false,0.01,1
18116,true,0.01,1
18123,true,0.01,1
18130,true,0.01,1
18136,true,0.01,1
18142,true,0.01,1
18149,false,0.01,1
18157,true,0.01,1
18164,false,0.01,1
18172,true,0.01,1
18179,true,0.01,1
18186,true,0.01,1
18193,true,0.01,1
18200,true,0.01,1
18207,false,0.01,1
18214,true,0.01,1
18221,true,0.01,1
18228,true,0.01,1
18235,false,0.01,1
18242,true,0.01,1
18248,true,0.01,1
18256,true,0.01,1
18263,false,0.01,1
18268,true,0.01,1
18275,true,0.01,1
18282,true,0.01,1
18290,false,0.01,1
18295,true,0.01,1
18301,true,0.01,1
18308,true,0.01,1
18314,true,0.01,1
18321,true,0.01,1
18328,true,0.01,1
18335,true,0.01,1
18343,true,0.01,1
18351,false,0.01,1
18358,true,0.01,1
18365,true,0.01,1
18372,true,0.01,1
18379,true,0.01,1
18386,true,0.01,1
18393,true,0.01,1
18400,true,0.01,1
18407,true,0.01,1
18414,true,0.01,1
18421,true,0.01,1
18428,true,0.01,1
18435,true,0.01,1
18442,true,0.01,1
18449,true,0.01,1
18456,true,0.01,1
18463,true,0.01,1
18470,false,0.01,1
18473,false,0.01,1
18484,true,0.01,1
18490,true,0.01,1
18497,false,0.01,1
18503,true,0.01,1
18510,true,0.01,1
18516,true,0.01,1
18522,true,0.01,1
18530,true,0.01,1
18536,true,0.01,1
18544,true,0.01,1
18550,true,0.01,1
18560,true,0.01,1
18566,true,0.01,1
18572,true,0.01,1
18578,true,0.01,1
18585,true,0.01,1
18591,true,0.01,1
18597,true,0.01,1
18602,true,0.01,1
18608,true,0.01,1
18614,true,0.01,1
18622,true,0.01,1
18629,true,0.01,1
18635,false,0.01,1
18641,true,0.01,1
18647,true,0.01,1
18653,true,0.01,1
18659,true,0.01,1
18664,true,0.01,1
18670,true,0.01,1
18677,true,0.01,1
18682,true,0.01,1
18688,true,0.01,1
18693,true,0.01,1
18699,true,0.01,1
18705,true,0.01,1
18711,true,0.01,1
18719,true,0.01,1
18725,true,0.01,1
18731,false,0.01,1
18735,true,0.01,1
18741,true,0.01,1
18747,true,0.01,1
18754,true,0.01,1
18760,true,0.01,1
18766,false,0.01,1
18774,true,0.01,1
18782,true,0.01,1
18788,true,0.01,1
18795,true,0.01,1
18800,true,0.01,1
18806,true,0.01,1
18812,true,0.01,1
18819,true,0.01,1
18825,true,0.01,1
18831,true,0.01,1
18835,true,0.01,1
18842,true,0.01,1
18848,true,0.01,1
18856,true,0.01,1
18863,true,0.01,1
18869,true,0.01,1
18875,true,0.01,1
18881,false,0.01,1
18887,true,0.01,1
18893,true,0.01,1
18898,true,0.01,1
18903,true,0.01,1
18907,false,0.01,1
18911,true,0.01,1
18918,true,0.01,1
18923,true,0.01,1
18928,true,0.01,1
18933,true,0.01,1
18938,true,0.01,1
18943,true,0.01,1
18948,true,0.01,1
18953,true,0.01,1
18959,false,0.01,1
18962,false,0.01,1
18970,true,0.01,1
18975,true,0.01,1
18979,true,0.01,1
18984,true,0.01,1
18990,false,0.01,1
18993,true,0.01,1
19000,false,0.01,1
19004,true,0.01,1
19011,true,0.01,1
19016,true,0.01,1
19022,true,0.01,1
19028,false,0.01,1
19033,true,0.01,1
19036,true,0.01,1
19040,false,0.01,1
19045,true,0.01,1
19052,true,0.01,1
19058,true,0.01,1
19063,true,0.01,1
19068,true,0.01,1
19073,true,0.01,1
19080,true,0.01,1
19085,true,0.01,1
19090,true,0.01,1
19095,true,0.01,1
19100,true,0.01,1
19106,true,0.01,1
19111,true,0.01,1
19114,true,0.01,1
19119,false,0.01,1
19125,true,0.01,1
19130,false,0.01,1
19135,true,0.01,1
19140,true,0.01,1
19145,true,0.01,1
19150,true,0.01,1
19155,true,0.01,1
19159,true,0.01,1
19164,true,0.01,1
19169,true,0.01,1
19174,true,0.01,1
19179,true,0.01,1
19184,true,0.01,1
19188,true,0.01,1
19193,true,0.01,1
19198,false,0.01,1
19202,false,0.01,1
19204,false,0.01,1
19212,true,0.01,1
19216,false,0.01,1
19219,true,0.01,1
19223,true,0.01,1
19228,true,0.01,1
19230,true,0.01,1
19234,false,0.01,1
19238,true,0.01,1
19242,false,0.01,1
19246,true,0.01,1
19250,true,0.01,1
19254,true,0.01,1
19257,true,0.01,1
19261,false,0.01,1
19265,true,0.01,1
#---------- Wed Nov 30 06:12:31 PST 2022 ----------
#Format: Task Counter Number,Did Simulation Succeed,Last Step Size Used,Number of Simulations Attempted
22548,false,0.01,1
22560,false,0.01,1
22568,true,0.01,1
22580,false,0.01,1
22590,true,0.01,1
22600,false,0.01,1
22610,true,0.01,1
22620,true,0.01,1
22630,true,0.01,1
22640,true,0.01,1
22650,true,0.01,1
22660,true,0.01,1
22670,true,0.01,1
22680,true,0.01,1
22690,true,0.01,1
22700,true,0.01,1
22712,true,0.01,1
22722,true,0.01,1
22732,true,0.01,1
22742,true,0.01,1
22752,true,0.01,1
22764,true,0.01,1
22772,true,0.01,1
22782,true,0.01,1
22791,true,0.01,1
22804,false,0.01,1
22813,true,0.01,1
22827,true,0.01,1
22837,true,0.01,1
22847,true,0.01,1
22857,true,0.01,1
22867,true,0.01,1
22876,true,0.01,1
22887,true,0.01,1
22901,true,0.01,1
22911,true,0.01,1
22916,true,0.01,1
22932,true,0.01,1
22942,true,0.01,1
22952,true,0.01,1
22962,true,0.01,1
22972,true,0.01,1
22982,true,0.01,1
22992,false,0.01,1
23002,true,0.01,1
23012,false,0.01,1
23022,true,0.01,1
23032,true,0.01,1
23042,true,0.01,1
23053,true,0.01,1
23065,false,0.01,1
23076,true,0.01,1
23083,false,0.01,1
23093,false,0.01,1
23104,true,0.01,1
23115,true,0.01,1
23122,true,0.01,1
23135,true,0.01,1
23143,true,0.01,1
23151,true,0.01,1
23158,true,0.01,1
23174,false,0.01,1
23184,true,0.01,1
23194,true,0.01,1
23204,true,0.01,1
23214,true,0.01,1
23222,true,0.01,1
23234,true,0.01,1
23244,false,0.01,1
23253,false,0.01,1
23262,false,0.01,1
23269,false,0.01,1
23283,true,0.01,1
23293,true,0.01,1
23303,true,0.01,1
23313,true,0.01,1
23323,true,0.01,1
23333,false,0.01,1
23342,false,0.01,1
23350,false,0.01,1
23357,true,0.01,1
23373,true,0.01,1
23383,false,0.01,1
23393,false,0.01,1
23403,true,0.01,1
23415,false,0.01,1
23421,true,0.01,1
23435,false,0.01,1
23442,false,0.01,1
23451,false,0.01,1
23461,false,0.01,1
23471,false,0.01,1
23481,true,0.01,1
23491,true,0.01,1
23501,true,0.01,1
23512,true,0.01,1
23524,false,0.01,1
23532,false,0.01,1
23540,false,0.01,1
23556,true,0.01,1
23566,true,0.01,1
23576,false,0.01,1
23583,false,0.01,1
23590,true,0.01,1
23607,false,0.01,1
23617,true,0.01,1
#---------- Wed Nov 30 06:39:45 PST 2022 ----------
#Format: Task Counter Number,Did Simulation Succeed,Last Step Size Used,Number of Simulations Attempted
23726,true,0.01,1
23740,false,0.01,1
23747,false,0.01,1
23756,false,0.01,1
23765,false,0.01,1
23777,false,0.01,1
23782,false,0.01,1
23795,false,0.01,1
23804,false,0.01,1
23814,true,0.01,1
23824,false,0.01,1
23835,false,0.01,1
23844,false,0.01,1
23854,false,0.01,1
23867,false,0.01,1
23874,false,0.01,1
23880,false,0.01,1
23891,false,0.01,1
23904,true,0.01,1
23914,true,0.01,1
23924,false,0.01,1
23934,false,0.01,1
23943,false,0.01,1
23952,false,0.01,1
23965,false,0.01,1
23972,false,0.01,1
23985,true,0.01,1
23995,true,0.01,1
24005,false,0.01,1
24015,false,0.01,1
24025,false,0.01,1
24035,false,0.01,1
24045,false,0.01,1
24055,false,0.01,1
24065,true,0.01,1
24076,true,0.01,1
24086,true,0.01,1
24096,true,0.01,1
24106,true,0.01,1
24116,true,0.01,1
24125,true,0.01,1
24134,true,0.01,1
24143,false,0.01,1
24154,true,0.01,1
24164,true,0.01,1
24173,true,0.01,1
24183,true,0.01,1
24193,true,0.01,1
24203,true,0.01,1
24213,true,0.01,1
24223,true,0.01,1
24233,true,0.01,1
24243,true,0.01,1
24253,true,0.01,1
24263,true,0.01,1
24273,true,0.01,1
24283,true,0.01,1
24293,true,0.01,1
24305,true,0.01,1
24317,true,0.01,1
24326,true,0.01,1
24339,true,0.01,1
24349,true,0.01,1
24360,true,0.01,1
24372,false,0.01,1
24380,true,0.01,1
24390,true,0.01,1
24399,true,0.01,1
24409,true,0.01,1
24419,true,0.01,1
24429,true,0.01,1
24439,true,0.01,1
24449,true,0.01,1
24459,true,0.01,1
24469,false,0.01,1
24479,true,0.01,1
24489,true,0.01,1
24499,true,0.01,1
24509,true,0.01,1
24519,true,0.01,1
24529,true,0.01,1
24540,true,0.01,1
24550,false,0.01,1
24562,true,0.01,1
24572,false,0.01,1
24580,false,0.01,1
24592,true,0.01,1
24602,true,0.01,1
24612,true,0.01,1
24621,true,0.01,1
24631,true,0.01,1
24639,true,0.01,1
24649,false,0.01,1
24659,true,0.01,1
24669,true,0.01,1
24680,true,0.01,1
24690,true,0.01,1
24700,true,0.01,1
24711,false,0.01,1
24720,false,0.01,1
24729,false,0.01,1
24740,false,0.01,1
24747,true,0.01,1
24757,true,0.01,1
24767,true,0.01,1
24777,true,0.01,1
24787,false,0.01,1
24796,false,0.01,1
24806,false,0.01,1
24809,true,0.01,1
24824,false,0.01,1
24828,true,0.01,1
24839,true,0.01,1
24851,false,0.01,1
24857,true,0.01,1
24867,true,0.01,1
24878,false,0.01,1
24886,false,0.01,1
24897,true,0.01,1
24905,true,0.01,1
24918,false,0.01,1
24926,true,0.01,1
24935,true,0.01,1
24946,true,0.01,1
24956,true,0.01,1
24965,true,0.01,1
24974,true,0.01,1
24983,true,0.01,1
24993,true,0.01,1
25003,true,0.01,1
25013,true,0.01,1
25023,true,0.01,1
25032,true,0.01,1
25043,true,0.01,1
25056,true,0.01,1
25067,false,0.01,1
25071,true,0.01,1
25083,true,0.01,1
25095,true,0.01,1
25105,true,0.01,1
25116,true,0.01,1
25124,true,0.01,1
25137,true,0.01,1
25147,true,0.01,1
25157,true,0.01,1
25167,true,0.01,1
25175,true,0.01,1
25186,true,0.01,1
25195,true,0.01,1
25204,true,0.01,1
25212,true,0.01,1
25221,true,0.01,1
25231,true,0.01,1
25241,true,0.01,1
25252,true,0.01,1
25262,true,0.01,1
25271,true,0.01,1
25282,false,0.01,1
25286,true,0.01,1
25301,false,0.01,1
25305,true,0.01,1
25316,true,0.01,1
25327,false,0.01,1
25333,true,0.01,1
25342,true,0.01,1
25351,true,0.01,1
25360,false,0.01,1
25369,true,0.01,1
25378,true,0.01,1
25386,true,0.01,1
25395,true,0.01,1
25405,true,0.01,1
25413,true,0.01,1
25423,true,0.01,1
25432,true,0.01,1
25443,true,0.01,1
25453,true,0.01,1
25463,true,0.01,1
25476,false,0.01,1
25484,true,0.01,1
25492,true,0.01,1
25506,true,0.01,1
25516,false,0.01,1
25521,false,0.01,1
25534,false,0.01,1
25538,false,0.01,1
25550,false,0.01,1
25563,true,0.01,1
25574,true,0.01,1
25586,true,0.01,1
25594,true,0.01,1
25601,false,0.01,1
25609,true,0.01,1
25620,true,0.01,1
25628,true,0.01,1
25637,true,0.01,1
25645,true,0.01,1
25654,true,0.01,1
25660,true,0.01,1
25674,true,0.01,1
25681,false,0.01,1
25693,false,0.01,1
25703,false,0.01,1
25710,true,0.01,1
25721,true,0.01,1
25730,true,0.01,1
25740,true,0.01,1
25750,true,0.01,1
25760,false,0.01,1
25779,true,0.01,1
25789,true,0.01,1
25798,true,0.01,1
25807,true,0.01,1
25819,false,0.01,1
25831,false,0.01,1
25833,true,0.01,1
25846,false,0.01,1
25853,false,0.01,1
25864,false,0.01,1
25870,true,0.01,1
25880,true,0.01,1
25889,true,0.01,1
25897,true,0.01,1
25905,true,0.01,1
25912,true,0.01,1
25929,true,0.01,1
25939,true,0.01,1
25950,true,0.01,1
25963,false,0.01,1
25971,false,0.01,1
25977,true,0.01,1
25992,true,0.01,1
26004,true,0.01,1
26014,true,0.01,1
26022,true,0.01,1
26035,false,0.01,1
26043,false,0.01,1
26054,false,0.01,1
26060,false,0.01,1
26074,false,0.01,1
26077,true,0.01,1
26088,false,0.01,1
26095,false,0.01,1
26109,true,0.01,1
26119,true,0.01,1
26135,false,0.01,1
26144,false,0.01,1
26150,false,0.01,1
26163,true,0.01,1
26173,true,0.01,1
26183,true,0.01,1
26196,false,0.01,1
26202,true,0.01,1
26216,false,0.01,1
26223,false,0.01,1
26232,false,0.01,1
26241,false,0.01,1
26251,true,0.01,1
26261,true,0.01,1
26270,true,0.01,1
26279,true,0.01,1
26289,true,0.01,1
26300,true,0.01,1
26312,true,0.01,1
26323,true,0.01,1
26332,true,0.01,1
26343,true,0.01,1
26353,true,0.01,1
26362,true,0.01,1
26374,true,0.01,1
26383,true,0.01,1
26394,true,0.01,1
26404,true,0.01,1
26414,true,0.01,1
26424,false,0.01,1
26435,true,0.01,1
26444,true,0.01,1
26454,true,0.01,1
26464,true,0.01,1
26474,true,0.01,1
26487,true,0.01,1
26500,true,0.01,1
26509,true,0.01,1
26517,true,0.01,1
26525,true,0.01,1
26541,true,0.01,1
26552,true,0.01,1
26564,true,0.01,1
26575,true,0.01,1
26584,true,0.01,1
26594,true,0.01,1
26604,true,0.01,1
26614,true,0.01,1
26624,true,0.01,1
26634,true,0.01,1
26643,true,0.01,1
26653,true,0.01,1
26663,true,0.01,1
26673,true,0.01,1
26683,true,0.01,1
26693,true,0.01,1
26703,true,0.01,1
26713,true,0.01,1
26721,true,0.01,1
26732,true,0.01,1
26743,true,0.01,1
26752,true,0.01,1
26761,true,0.01,1
26770,true,0.01,1
26779,true,0.01,1
26790,true,0.01,1
26802,true,0.01,1
26813,true,0.01,1
26823,true,0.01,1
26833,true,0.01,1
26843,true,0.01,1
26853,true,0.01,1
26863,true,0.01,1
26873,true,0.01,1
26883,true,0.01,1
26893,false,0.01,1
26903,true,0.01,1
26913,true,0.01,1
26921,true,0.01,1
26929,true,0.01,1
26938,true,0.01,1
26949,true,0.01,1
26957,true,0.01,1
26964,true,0.01,1
26973,true,0.01,1
26982,true,0.01,1
26991,true,0.01,1
27000,true,0.01,1
27011,true,0.01,1
27022,true,0.01,1
27027,true,0.01,1
27037,true,0.01,1
27051,true,0.01,1
27056,true,0.01,1
27065,true,0.01,1
27074,true,0.01,1
27082,true,0.01,1
27088,true,0.01,1
27096,true,0.01,1
27106,true,0.01,1
27116,true,0.01,1
27125,true,0.01,1
27133,true,0.01,1
27141,true,0.01,1
27149,true,0.01,1
27157,true,0.01,1
27165,true,0.01,1
27173,true,0.01,1
27180,true,0.01,1
27189,true,0.01,1
27195,true,0.01,1
27206,true,0.01,1
27216,true,0.01,1
27224,true,0.01,1
27232,true,0.01,1
27240,true,0.01,1
27248,true,0.01,1
27254,true,0.01,1
27262,true,0.01,1
27273,true,0.01,1
27278,true,0.01,1
27285,true,0.01,1
27294,true,0.01,1
27303,true,0.01,1
27311,true,0.01,1
27318,true,0.01,1
27323,true,0.01,1
27334,true,0.01,1
27342,true,0.01,1
27347,true,0.01,1
27356,true,0.01,1
27363,true,0.01,1
27369,true,0.01,1
27380,true,0.01,1
27390,true,0.01,1
27399,true,0.01,1
27410,true,0.01,1
27421,true,0.01,1
27431,true,0.01,1
27443,true,0.01,1
27453,true,0.01,1
27463,true,0.01,1
27473,true,0.01,1
27483,true,0.01,1
27493,true,0.01,1
27504,true,0.01,1
27517,true,0.01,1
27526,true,0.01,1
27537,true,0.01,1
27547,false,0.01,1
27558,true,0.01,1
27568,true,0.01,1
27576,true,0.01,1
27583,true,0.01,1
27594,true,0.01,1
27604,true,0.01,1
27617,true,0.01,1
27626,false,0.01,1
27638,false,0.01,1
27648,true,0.01,1
27657,true,0.01,1
27667,true,0.01,1
27676,true,0.01,1
27684,true,0.01,1
27691,true,0.01,1
27703,true,0.01,1
27714,false,0.01,1
27724,true,0.01,1
27735,false,0.01,1
27745,false,0.01,1
27756,true,0.01,1
27766,true,0.01,1
27775,true,0.01,1
27785,true,0.01,1
27795,true,0.01,1
27806,false,0.01,1
27817,false,0.01,1
27828,true,0.01,1
27837,true,0.01,1
27848,true,0.01,1
27861,false,0.01,1
27873,true,0.01,1
27883,true,0.01,1
27893,true,0.01,1
27901,true,0.01,1
27912,true,0.01,1
27922,true,0.01,1
27929,true,0.01,1
27938,true,0.01,1
27946,false,0.01,1
27955,true,0.01,1
27967,false,0.01,1
27981,true,0.01,1
27990,true,0.01,1
28000,true,0.01,1
28010,true,0.01,1
28020,true,0.01,1
28030,false,0.01,1
28041,false,0.01,1
28049,true,0.01,1
28064,true,0.01,1
28073,true,0.01,1
28084,false,0.01,1
28095,false,0.01,1
28106,true,0.01,1
28114,false,0.01,1
28123,false,0.01,1
28131,false,0.01,1
28137,true,0.01,1
28150,false,0.01,1
28157,true,0.01,1
28173,true,0.01,1
28183,true,0.01,1
28190,false,0.01,1
28198,false,0.01,1
28207,true,0.01,1
28220,false,0.01,1
28230,false,0.01,1
28241,false,0.01,1
28249,false,0.01,1
28260,true,0.01,1
28269,true,0.01,1
28283,false,0.01,1
28290,false,0.01,1
28304,false,0.01,1
28314,true,0.01,1
28324,true,0.01,1
28334,true,0.01,1
28345,true,0.01,1
28355,false,0.01,1
28365,false,0.01,1
28373,false,0.01,1
28383,false,0.01,1
28391,false,0.01,1
28402,false,0.01,1
28413,true,0.01,1
28421,false,0.01,1
28432,true,0.01,1
28444,true,0.01,1
28453,true,0.01,1
28461,true,0.01,1
28473,true,0.01,1
28481,true,0.01,1
28494,true,0.01,1
28506,true,0.01,1
28517,true,0.01,1
28528,true,0.01,1
28538,true,0.01,1
28548,true,0.01,1
28558,true,0.01,1
28568,true,0.01,1
28584,true,0.01,1
28594,false,0.01,1
28605,true,0.01,1
28615,true,0.01,1
28624,true,0.01,1
28633,true,0.01,1
28641,true,0.01,1
28648,true,0.01,1
28657,true,0.01,1
28668,true,0.01,1
28674,true,0.01,1
28688,true,0.01,1
28695,true,0.01,1
28709,true,0.01,1
28718,true,0.01,1
28725,true,0.01,1
28733,true,0.01,1
28739,true,0.01,1
28750,true,0.01,1
28761,true,0.01,1
28771,true,0.01,1
28778,true,0.01,1
28787,true,0.01,1
28795,true,0.01,1
28804,true,0.01,1
28812,true,0.01,1
28820,true,0.01,1
28835,true,0.01,1
28844,false,0.01,1
28853,false,0.01,1
28862,true,0.01,1
28869,false,0.01,1
28879,true,0.01,1
28889,true,0.01,1
28897,true,0.01,1
28906,true,0.01,1
28915,true,0.01,1
28923,true,0.01,1
28932,true,0.01,1
28939,true,0.01,1
28946,false,0.01,1
28961,true,0.01,1
28967,true,0.01,1
28973,false,0.01,1
28980,true,0.01,1
28992,true,0.01,1
29004,false,0.01,1
29015,true,0.01,1
29024,true,0.01,1
29033,true,0.01,1
29041,true,0.01,1
29051,true,0.01,1
29060,true,0.01,1
29069,true,0.01,1
29078,true,0.01,1
29086,false,0.01,1
29094,false,0.01,1
29102,true,0.01,1
29114,false,0.01,1
29122,false,0.01,1
29131,true,0.01,1
29142,true,0.01,1
29150,true,0.01,1
29160,false,0.01,1
29171,true,0.01,1
29182,true,0.01,1
29194,true,0.01,1
29207,true,0.01,1
29219,true,0.01,1
29230,true,0.01,1
29237,true,0.01,1
29250,true,0.01,1
29260,true,0.01,1
29270,true,0.01,1
29284,true,0.01,1
29293,true,0.01,1
29303,true,0.01,1
29312,true,0.01,1
29322,true,0.01,1
29332,true,0.01,1
29342,true,0.01,1
29352,true,0.01,1
29362,true,0.01,1
29372,true,0.01,1
29383,true,0.01,1
29395,true,0.01,1
29405,true,0.01,1
29417,true,0.01,1
29426,true,0.01,1
29437,true,0.01,1
29446,true,0.01,1
29457,true,0.01,1
29469,true,0.01,1
29477,true,0.01,1
29493,true,0.01,1
29503,true,0.01,1
29513,true,0.01,1
29523,true,0.01,1
29533,true,0.01,1
29542,true,0.01,1
29552,true,0.01,1
29562,true,0.01,1
29572,false,0.01,1
29581,false,0.01,1
29590,false,0.01,1
29599,false,0.01,1
29606,true,0.01,1
29615,true,0.01,1
29627,true,0.01,1
29637,true,0.01,1
29645,true,0.01,1
29655,false,0.01,1
29666,true,0.01,1
29677,true,0.01,1
29686,true,0.01,1
29695,true,0.01,1
29704,true,0.01,1
29713,true,0.01,1
29721,true,0.01,1
29731,true,0.01,1
29742,false,0.01,1
29748,true,0.01,1
29757,true,0.01,1
29767,true,0.01,1
29777,true,0.01,1
29787,false,0.01,1
29797,true,0.01,1
29806,true,0.01,1
29816,false,0.01,1
29826,true,0.01,1
29836,true,0.01,1
29846,true,0.01,1
29856,true,0.01,1
29866,true,0.01,1
29879,false,0.01,1
29889,true,0.01,1
29903,false,0.01,1
29911,true,0.01,1
29921,true,0.01,1
29929,true,0.01,1
29938,true,0.01,1
29949,false,0.01,1
29955,true,0.01,1
29966,true,0.01,1
29977,false,0.01,1
29983,true,0.01,1
29996,false,0.01,1
30001,true,0.01,1
30011,true,0.01,1
30021,false,0.01,1
30031,false,0.01,1
30041,false,0.01,1
30051,true,0.01,1
30061,true,0.01,1
30071,true,0.01,1
30081,true,0.01,1
30091,true,0.01,1
30101,true,0.01,1
30111,false,0.01,1
30121,true,0.01,1
30134,false,0.01,1
30142,true,0.01,1
30157,false,0.01,1
30164,false,0.01,1
30171,true,0.01,1
30182,false,0.01,1
30189,true,0.01,1
30199,true,0.01,1
30210,false,0.01,1
30219,false,0.01,1
30226,false,0.01,1
30239,false,0.01,1
30246,false,0.01,1
30254,true,0.01,1
30264,false,0.01,1
30274,false,0.01,1
30284,false,0.01,1
30294,true,0.01,1
30304,true,0.01,1
30314,true,0.01,1
30326,true,0.01,1
30338,false,0.01,1
30346,false,0.01,1
30355,false,0.01,1
30364,false,0.01,1
30374,false,0.01,1
30384,true,0.01,1
30399,false,0.01,1
30407,false,0.01,1
30414,false,0.01,1
30424,true,0.01,1
30436,false,0.01,1
30443,true,0.01,1
30456,true,0.01,1
30466,true,0.01,1
30476,true,0.01,1
30487,false,0.01,1
30496,false,0.01,1
30505,false,0.01,1
30515,false,0.01,1
30528,true,0.01,1
30538,true,0.01,1
30548,true,0.01,1
30564,true,0.01,1
30574,true,0.01,1
30584,true,0.01,1
30594,false,0.01,1
30604,false,0.01,1
30614,false,0.01,1
30624,true,0.01,1
30632,true,0.01,1
30647,false,0.01,1
30651,true,0.01,1
30660,true,0.01,1
30671,true,0.01,1
30680,true,0.01,1
30689,true,0.01,1
30699,true,0.01,1
30710,true,0.01,1
30721,true,0.01,1
30732,true,0.01,1
30741,true,0.01,1
30752,true,0.01,1
30762,true,0.01,1
30772,true,0.01,1
30782,true,0.01,1
30792,true,0.01,1
30800,true,0.01,1
30810,true,0.01,1
30819,true,0.01,1
30829,true,0.01,1
30840,true,0.01,1
30850,true,0.01,1
30860,true,0.01,1
30870,false,0.01,1
30875,true,0.01,1
30884,true,0.01,1
30896,true,0.01,1
30908,false,0.01,1
30918,true,0.01,1
30928,true,0.01,1
30938,true,0.01,1
30948,true,0.01,1
30958,true,0.01,1
30969,true,0.01,1
30979,true,0.01,1
30989,true,0.01,1
30999,true,0.01,1
31009,true,0.01,1
31019,true,0.01,1
31030,true,0.01,1
31040,true,0.01,1
31050,true,0.01,1
31060,true,0.01,1
31072,true,0.01,1
31082,true,0.01,1
31091,true,0.01,1
31101,true,0.01,1
31111,true,0.01,1
31121,false,0.01,1
31134,true,0.01,1
31144,true,0.01,1
31155,true,0.01,1
31165,true,0.01,1
31176,false,0.01,1
31181,true,0.01,1
31193,true,0.01,1
31203,true,0.01,1
31213,true,0.01,1
31222,true,0.01,1
31232,true,0.01,1
31243,true,0.01,1
31253,true,0.01,1
31264,true,0.01,1
31272,false,0.01,1
31284,false,0.01,1
31294,true,0.01,1
31303,true,0.01,1
31314,true,0.01,1
31322,true,0.01,1
31332,true,0.01,1
31342,true,0.01,1
31352,true,0.01,1
31364,true,0.01,1
31374,true,0.01,1
31386,true,0.01,1
31396,true,0.01,1
31406,true,0.01,1
31420,false,0.01,1
31430,true,0.01,1
31441,true,0.01,1
31451,true,0.01,1
31465,false,0.01,1
31475,false,0.01,1
31484,true,0.01,1
31495,true,0.01,1
31506,true,0.01,1
31515,true,0.01,1
31526,true,0.01,1
31536,true,0.01,1
31546,true,0.01,1
31556,true,0.01,1
31568,true,0.01,1
31579,true,0.01,1
31588,true,0.01,1
31598,true,0.01,1
31610,false,0.01,1
31613,true,0.01,1
31625,true,0.01,1
31636,false,0.01,1
31646,false,0.01,1
31650,true,0.01,1
31659,true,0.01,1
31667,true,0.01,1
31680,true,0.01,1
31691,false,0.01,1
31700,false,0.01,1
31710,true,0.01,1
31719,true,0.01,1
31729,true,0.01,1
31739,true,0.01,1
31749,true,0.01,1
31759,true,0.01,1
31768,true,0.01,1
31775,true,0.01,1
31787,true,0.01,1
31796,true,0.01,1
31805,true,0.01,1
31813,true,0.01,1
31820,true,0.01,1
31827,true,0.01,1
31835,false,0.01,1
31842,true,0.01,1
31852,false,0.01,1
31861,false,0.01,1
31869,true,0.01,1
31880,false,0.01,1
31888,false,0.01,1
31895,true,0.01,1
31903,true,0.01,1
31909,true,0.01,1
31920,true,0.01,1
31928,true,0.01,1
31936,true,0.01,1
31945,true,0.01,1
31952,true,0.01,1
31965,true,0.01,1
31971,true,0.01,1
31979,true,0.01,1
31992,true,0.01,1
31997,true,0.01,1
32011,false,0.01,1
32014,true,0.01,1
32029,false,0.01,1
32036,true,0.01,1
32042,true,0.01,1
32054,true,0.01,1
32061,true,0.01,1
32075,true,0.01,1
32083,true,0.01,1
32093,true,0.01,1
32101,true,0.01,1
32113,false,0.01,1
32114,false,0.01,1
32132,true,0.01,1
32142,true,0.01,1
32158,true,0.01,1
32167,true,0.01,1
32176,true,0.01,1
32187,true,0.01,1
32195,true,0.01,1
32204,true,0.01,1
32219,true,0.01,1
32225,true,0.01,1
32232,true,0.01,1
32240,false,0.01,1
32249,true,0.01,1
32264,true,0.01,1
32273,true,0.01,1
32281,true,0.01,1
32291,true,0.01,1
32300,true,0.01,1
32309,true,0.01,1
32317,true,0.01,1
32325,true,0.01,1
32335,true,0.01,1
32345,true,0.01,1
32356,false,0.01,1
32357,true,0.01,1
32374,false,0.01,1
32382,false,0.01,1
32384,true,0.01,1
32401,true,0.01,1
32410,true,0.01,1
32419,true,0.01,1
32432,true,0.01,1
32438,true,0.01,1
32452,true,0.01,1
32461,false,0.01,1
32468,true,0.01,1
32475,true,0.01,1
32482,true,0.01,1
32498,false,0.01,1
32500,true,0.01,1
32513,true,0.01,1
32521,true,0.01,1
32529,true,0.01,1
32535,true,0.01,1
32545,true,0.01,1
32555,true,0.01,1
32567,false,0.01,1
32574,true,0.01,1
32584,true,0.01,1
32595,true,0.01,1
32601,true,0.01,1
32613,false,0.01,1
32620,true,0.01,1
32632,true,0.01,1
32637,true,0.01,1
32648,false,0.01,1
32654,false,0.01,1
32669,false,0.01,1
32675,true,0.01,1
32681,true,0.01,1
32696,false,0.01,1
32704,false,0.01,1
32708,true,0.01,1
32723,false,0.01,1
32730,false,0.01,1
32737,true,0.01,1
32748,false,0.01,1
32751,true,0.01,1
32763,true,0.01,1
32773,true,0.01,1
32781,true,0.01,1
32790,true,0.01,1
32799,true,0.01,1
32807,false,0.01,1
32816,false,0.01,1
32822,true,0.01,1
32830,true,0.01,1
32837,true,0.01,1
32845,true,0.01,1
32853,true,0.01,1
32863,true,0.01,1
32870,false,0.01,1
32882,true,0.01,1
32886,true,0.01,1
32894,true,0.01,1
32902,true,0.01,1
32910,true,0.01,1
32918,true,0.01,1
32926,true,0.01,1
32933,true,0.01,1
32945,true,0.01,1
32951,true,0.01,1
32961,true,0.01,1
32968,false,0.01,1
32976,false,0.01,1
32984,true,0.01,1
32992,true,0.01,1
33000,true,0.01,1
33008,true,0.01,1
33016,true,0.01,1
33024,true,0.01,1
33032,true,0.01,1
33040,true,0.01,1
33047,true,0.01,1
33055,true,0.01,1
33063,false,0.01,1
33069,true,0.01,1
33078,true,0.01,1
33085,true,0.01,1
33092,true,0.01,1
33100,true,0.01,1
33108,true,0.01,1
33116,true,0.01,1
33122,false,0.01,1
33129,true,0.01,1
33137,true,0.01,1
33145,true,0.01,1
33153,true,0.01,1
33162,true,0.01,1
33170,true,0.01,1
33178,true,0.01,1
33186,true,0.01,1
33192,true,0.01,1
33200,true,0.01,1
33208,true,0.01,1
33216,true,0.01,1
33224,true,0.01,1
33232,true,0.01,1
33238,false,0.01,1
33248,true,0.01,1
33256,true,0.01,1
33265,true,0.01,1
33273,true,0.01,1
33281,true,0.01,1
33288,true,0.01,1
33296,true,0.01,1
33306,true,0.01,1
33312,true,0.01,1
33322,true,0.01,1
33329,true,0.01,1
33336,true,0.01,1
33346,true,0.01,1
33353,true,0.01,1
33361,true,0.01,1
33368,true,0.01,1
33376,true,0.01,1
33383,true,0.01,1
33393,true,0.01,1
33400,true,0.01,1
33410,true,0.01,1
33418,true,0.01,1
33426,true,0.01,1
33433,true,0.01,1
33441,true,0.01,1
33450,true,0.01,1
33458,true,0.01,1
33466,true,0.01,1
33474,true,0.01,1
33481,false,0.01,1
33489,false,0.01,1
33497,true,0.01,1
33505,true,0.01,1
33513,true,0.01,1
33521,true,0.01,1
33529,true,0.01,1
33536,true,0.01,1
33545,true,0.01,1
33553,true,0.01,1
33560,true,0.01,1
33567,true,0.01,1
33574,true,0.01,1
33580,true,0.01,1
33588,true,0.01,1
33597,true,0.01,1
33605,true,0.01,1
33612,true,0.01,1
33618,true,0.01,1
33626,true,0.01,1
33633,true,0.01,1
33640,true,0.01,1
33647,true,0.01,1
33654,true,0.01,1
33661,true,0.01,1
33670,true,0.01,1
33677,true,0.01,1
33685,true,0.01,1
33692,true,0.01,1
33698,true,0.01,1
33706,true,0.01,1
33713,true,0.01,1
33720,true,0.01,1
33727,true,0.01,1
33734,true,0.01,1
33741,true,0.01,1
33748,true,0.01,1
33755,true,0.01,1
33762,true,0.01,1
33769,true,0.01,1
33776,true,0.01,1
33783,true,0.01,1
33790,true,0.01,1
33795,true,0.01,1
33803,true,0.01,1
33810,true,0.01,1
33817,true,0.01,1
33824,true,0.01,1
33833,true,0.01,1
33842,true,0.01,1
33852,true,0.01,1
33856,true,0.01,1
33863,true,0.01,1
33870,true,0.01,1
33877,true,0.01,1
33884,true,0.01,1
33891,true,0.01,1
33898,true,0.01,1
33905,true,0.01,1
33912,true,0.01,1
33918,true,0.01,1
33926,true,0.01,1
33933,true,0.01,1
33939,true,0.01,1
33946,true,0.01,1
33953,true,0.01,1
33960,true,0.01,1
33967,true,0.01,1
33974,true,0.01,1
33980,true,0.01,1
33987,true,0.01,1
33994,true,0.01,1
34000,true,0.01,1
34008,true,0.01,1
34014,true,0.01,1
34021,true,0.01,1
34031,true,0.01,1
34036,true,0.01,1
34043,true,0.01,1
34050,true,0.01,1
34055,true,0.01,1
34062,true,0.01,1
34069,true,0.01,1
34076,true,0.01,1
34084,true,0.01,1
34092,true,0.01,1
34101,true,0.01,1
34108,true,0.01,1
34115,true,0.01,1
34122,true,0.01,1
34129,true,0.01,1
34136,true,0.01,1
34143,true,0.01,1
34150,true,0.01,1
34157,true,0.01,1
34164,true,0.01,1
34168,true,0.01,1
34175,true,0.01,1
34183,true,0.01,1
34190,false,0.01,1
34197,false,0.01,1
34204,true,0.01,1
34211,true,0.01,1
34218,true,0.01,1
34225,true,0.01,1
34233,true,0.01,1
34240,true,0.01,1
34248,true,0.01,1
34255,true,0.01,1
34262,true,0.01,1
34269,false,0.01,1
34276,false,0.01,1
34283,false,0.01,1
34289,false,0.01,1
34295,true,0.01,1
34302,false,0.01,1
34310,true,0.01,1
34317,true,0.01,1
34325,true,0.01,1
34330,true,0.01,1
34337,true,0.01,1
34344,true,0.01,1
34351,false,0.01,1
34360,false,0.01,1
34367,true,0.01,1
34374,true,0.01,1
34380,true,0.01,1
34387,true,0.01,1
34396,true,0.01,1
34404,true,0.01,1
34409,true,0.01,1
34418,true,0.01,1
34426,true,0.01,1
34433,true,0.01,1
34440,true,0.01,1
34447,true,0.01,1
34454,true,0.01,1
34463,true,0.01,1
34470,true,0.01,1
34476,true,0.01,1
34485,true,0.01,1
34492,true,0.01,1
34498,true,0.01,1
34505,true,0.01,1
34512,false,0.01,1
34519,false,0.01,1
34526,false,0.01,1
34533,true,0.01,1
34540,false,0.01,1
34547,false,0.01,1
34553,true,0.01,1
34560,false,0.01,1
34568,false,0.01,1
34574,true,0.01,1
34582,false,0.01,1
34588,true,0.01,1
34595,false,0.01,1
34602,false,0.01,1
34608,false,0.01,1
34616,true,0.01,1
34623,true,0.01,1
34629,false,0.01,1
34636,true,0.01,1
34643,true,0.01,1
34650,true,0.01,1
34657,false,0.01,1
34664,true,0.01,1
34671,false,0.01,1
34678,true,0.01,1
34686,true,0.01,1
34693,false,0.01,1
34700,true,0.01,1
34707,true,0.01,1
34714,true,0.01,1
34721,true,0.01,1
34730,true,0.01,1
34737,false,0.01,1
34747,false,0.01,1
34754,false,0.01,1
34761,false,0.01,1
34768,false,0.01,1
34777,true,0.01,1
34783,false,0.01,1
34788,false,0.01,1
34796,true,0.01,1
34805,false,0.01,1
34812,true,0.01,1
34819,false,0.01,1
34826,true,0.01,1
34832,false,0.01,1
34839,false,0.01,1
34845,false,0.01,1
34851,false,0.01,1
34857,false,0.01,1
34863,false,0.01,1
34869,false,0.01,1
34875,true,0.01,1
34881,false,0.01,1
34887,false,0.01,1
34893,true,0.01,1
34899,false,0.01,1
34906,true,0.01,1
34912,true,0.01,1
34918,false,0.01,1
34923,false,0.01,1
34929,true,0.01,1
34935,false,0.01,1
34941,false,0.01,1
34947,true,0.01,1
34953,false,0.01,1
34959,false,0.01,1
34965,true,0.01,1
34972,false,0.01,1
34977,true,0.01,1
34983,true,0.01,1
34988,true,0.01,1
34994,false,0.01,1
34998,true,0.01,1
35004,true,0.01,1
35010,true,0.01,1
35017,true,0.01,1
35022,true,0.01,1
35029,false,0.01,1
35035,true,0.01,1
35042,true,0.01,1
35049,true,0.01,1
35057,false,0.01,1
35061,true,0.01,1
35067,true,0.01,1
35074,true,0.01,1
35080,true,0.01,1
35086,true,0.01,1
35092,true,0.01,1
35098,true,0.01,1
35104,true,0.01,1
35110,true,0.01,1
35116,true,0.01,1
35122,true,0.01,1
35128,true,0.01,1
35134,true,0.01,1
35139,true,0.01,1
35144,true,0.01,1
35150,true,0.01,1
35156,false,0.01,1
35164,false,0.01,1
35170,true,0.01,1
35176,true,0.01,1
35182,true,0.01,1
35188,true,0.01,1
35194,true,0.01,1
35199,false,0.01,1
35206,true,0.01,1
35212,true,0.01,1
35218,true,0.01,1
35224,true,0.01,1
35230,true,0.01,1
35236,false,0.01,1
35242,true,0.01,1
35248,true,0.01,1
35254,true,0.01,1
35261,true,0.01,1
35267,true,0.01,1
35273,false,0.01,1
35277,true,0.01,1
35283,true,0.01,1
35289,true,0.01,1
35296,true,0.01,1
35302,true,0.01,1
35310,true,0.01,1
35317,true,0.01,1
35323,true,0.01,1
35328,true,0.01,1
35335,true,0.01,1
35341,true,0.01,1
35347,true,0.01,1
35353,true,0.01,1
35358,true,0.01,1
35364,true,0.01,1
35370,true,0.01,1
35376,true,0.01,1
35383,true,0.01,1
35387,true,0.01,1
35393,true,0.01,1
35399,false,0.01,1
35406,false,0.01,1
35412,true,0.01,1
35418,true,0.01,1
35423,true,0.01,1
35429,true,0.01,1
35435,true,0.01,1
35440,true,0.01,1
35446,true,0.01,1
35452,true,0.01,1
35458,true,0.01,1
35464,true,0.01,1
35470,true,0.01,1
35476,true,0.01,1
35481,true,0.01,1
35489,false,0.01,1
35493,false,0.01,1
35497,true,0.01,1
35505,true,0.01,1
35511,true,0.01,1
35517,true,0.01,1
35523,true,0.01,1
35529,true,0.01,1
35535,true,0.01,1
35541,true,0.01,1
35547,true,0.01,1
35553,true,0.01,1
35559,true,0.01,1
35566,true,0.01,1
35572,true,0.01,1
35578,true,0.01,1
35584,true,0.01,1
35590,true,0.01,1
35596,true,0.01,1
35602,true,0.01,1
35608,true,0.01,1
35614,true,0.01,1
35618,true,0.01,1
35624,true,0.01,1
35631,true,0.01,1
35638,true,0.01,1
35644,true,0.01,1
35650,false,0.01,1
35656,false,0.01,1
35663,true,0.01,1
35669,true,0.01,1
35676,false,0.01,1
35682,true,0.01,1
35688,true,0.01,1
35692,true,0.01,1
35698,true,0.01,1
35704,true,0.01,1
35710,true,0.01,1
35716,true,0.01,1
35722,false,0.01,1
35727,true,0.01,1
35732,false,0.01,1
35737,true,0.01,1
35743,true,0.01,1
35750,true,0.01,1
35757,true,0.01,1
35765,true,0.01,1
35770,true,0.01,1
35776,false,0.01,1
35781,true,0.01,1
35785,false,0.01,1
35791,true,0.01,1
35797,true,0.01,1
35803,true,0.01,1
35809,true,0.01,1
35816,true,0.01,1
35821,true,0.01,1
35826,true,0.01,1
35832,true,0.01,1
35838,true,0.01,1
35844,true,0.01,1
35850,true,0.01,1
35856,true,0.01,1
35863,true,0.01,1
35869,true,0.01,1
35873,true,0.01,1
35879,true,0.01,1
35885,true,0.01,1
35891,true,0.01,1
35897,true,0.01,1
35903,true,0.01,1
35907,true,0.01,1
35913,true,0.01,1
35919,true,0.01,1
35925,true,0.01,1
35930,true,0.01,1
35938,true,0.01,1
35942,true,0.01,1
35951,true,0.01,1
35957,true,0.01,1
35964,true,0.01,1
35970,true,0.01,1
35976,true,0.01,1
35981,true,0.01,1
35987,true,0.01,1
35993,false,0.01,1
36000,true,0.01,1
36007,true,0.01,1
36013,true,0.01,1
36018,true,0.01,1
36024,true,0.01,1
36029,true,0.01,1
36036,true,0.01,1
36043,true,0.01,1
36048,true,0.01,1
36053,true,0.01,1
36057,true,0.01,1
36063,true,0.01,1
36069,true,0.01,1
36075,true,0.01,1
36081,true,0.01,1
36087,true,0.01,1
36093,true,0.01,1
36099,true,0.01,1
36105,true,0.01,1
36111,true,0.01,1
36116,true,0.01,1
36122,true,0.01,1
36128,true,0.01,1
36134,false,0.01,1
36140,true,0.01,1
36146,true,0.01,1
36152,true,0.01,1
36158,true,0.01,1
36164,true,0.01,1
36171,true,0.01,1
36177,true,0.01,1
36183,true,0.01,1
36189,true,0.01,1
36195,true,0.01,1
36201,true,0.01,1
36207,true,0.01,1
36213,true,0.01,1
36219,true,0.01,1
36225,true,0.01,1
36232,true,0.01,1
36238,true,0.01,1
36243,true,0.01,1
36250,true,0.01,1
36256,true,0.01,1
36261,true,0.01,1
36267,true,0.01,1
36271,false,0.01,1
36278,true,0.01,1
36284,true,0.01,1
36291,true,0.01,1
36296,true,0.01,1
36302,true,0.01,1
36308,true,0.01,1
36314,true,0.01,1
36320,true,0.01,1
36326,true,0.01,1
36332,true,0.01,1
36338,true,0.01,1
36343,true,0.01,1
36350,true,0.01,1
36356,true,0.01,1
36362,true,0.01,1
36369,true,0.01,1
36375,false,0.01,1
36381,true,0.01,1
36386,false,0.01,1
36392,true,0.01,1
36398,true,0.01,1
36404,false,0.01,1
36410,true,0.01,1
36416,true,0.01,1
36422,true,0.01,1
36428,true,0.01,1
36434,true,0.01,1
36440,true,0.01,1
36446,true,0.01,1
36452,false,0.01,1
36459,false,0.01,1
36463,true,0.01,1
36468,false,0.01,1
36474,false,0.01,1
36480,true,0.01,1
36483,false,0.01,1
36489,true,0.01,1
36493,false,0.01,1
36499,false,0.01,1
36505,true,0.01,1
36514,true,0.01,1
36523,false,0.01,1
36528,true,0.01,1
36533,false,0.01,1
36539,false,0.01,1
36545,true,0.01,1
36551,true,0.01,1
36560,true,0.01,1
36566,true,0.01,1
36572,true,0.01,1
36578,true,0.01,1
36584,true,0.01,1
36590,true,0.01,1
36596,true,0.01,1
36602,true,0.01,1
36608,true,0.01,1
36613,true,0.01,1
36619,false,0.01,1
36624,true,0.01,1
36630,true,0.01,1
36637,false,0.01,1
36643,true,0.01,1
36649,true,0.01,1
36655,false,0.01,1
36662,true,0.01,1
36668,true,0.01,1
36674,true,0.01,1
36680,true,0.01,1
36686,true,0.01,1
36692,true,0.01,1
36698,true,0.01,1
36701,false,0.01,1
36708,false,0.01,1
36714,true,0.01,1
36718,false,0.01,1
36724,true,0.01,1
36729,false,0.01,1
36735,false,0.01,1
36740,true,0.01,1
36749,true,0.01,1
36754,false,0.01,1
36760,true,0.01,1
36765,false,0.01,1
36769,true,0.01,1
36776,false,0.01,1
36780,false,0.01,1
36788,true,0.01,1
36794,true,0.01,1
36798,false,0.01,1
36804,true,0.01,1
36810,true,0.01,1
36818,false,0.01,1
36824,true,0.01,1
36830,true,0.01,1
36836,false,0.01,1
36842,true,0.01,1
36848,true,0.01,1
36854,true,0.01,1
36860,true,0.01,1
36866,true,0.01,1
36871,false,0.01,1
36876,true,0.01,1
36882,true,0.01,1
36888,false,0.01,1
36894,true,0.01,1
36899,false,0.01,1
36905,true,0.01,1
36911,true,0.01,1
36917,false,0.01,1
36926,true,0.01,1
36931,true,0.01,1
36938,false,0.01,1
36943,false,0.01,1
36950,false,0.01,1
36955,false,0.01,1
36963,true,0.01,1
36972,true,0.01,1
36979,false,0.01,1
36985,false,0.01,1
36990,true,0.01,1
36999,true,0.01,1
37005,false,0.01,1
37011,true,0.01,1
37017,true,0.01,1
37023,false,0.01,1
37029,true,0.01,1
37035,true,0.01,1
37041,false,0.01,1
37047,true,0.01,1
37053,true,0.01,1
37059,false,0.01,1
37065,false,0.01,1
37072,true,0.01,1
37077,false,0.01,1
37081,true,0.01,1
37089,true,0.01,1
#---------- Wed Nov 30 17:30:59 PST 2022 ----------
#Format: Task Counter Number,Did Simulation Succeed,Last Step Size Used,Number of Simulations Attempted
43781,true,0.01,1
43791,true,0.01,1
43802,true,0.01,1
43811,true,0.01,1
43823,false,0.01,1
43830,true,0.01,1
43844,true,0.01,1
43853,true,0.01,1
43864,true,0.01,1
43870,true,0.01,1
43878,true,0.01,1
43890,true,0.01,1
43899,true,0.01,1
43908,true,0.01,1
43918,true,0.01,1
43928,true,0.01,1
43938,false,0.01,1
43948,true,0.01,1
43960,true,0.01,1
43970,true,0.01,1
43978,true,0.01,1
43988,true,0.01,1
43999,false,0.01,1
44013,true,0.01,1
44023,true,0.01,1
44033,true,0.01,1
44043,true,0.01,1
44055,false,0.01,1
44061,true,0.01,1
44071,true,0.01,1
44081,true,0.01,1
44091,true,0.01,1
44101,true,0.01,1
44111,false,0.01,1
44118,true,0.01,1
44128,true,0.01,1
44138,true,0.01,1
44149,true,0.01,1
44159,true,0.01,1
44169,true,0.01,1
44177,true,0.01,1
44187,true,0.01,1
44195,true,0.01,1
44203,true,0.01,1
44212,true,0.01,1
44220,true,0.01,1
44226,false,0.01,1
44235,false,0.01,1
44244,false,0.01,1
44253,false,0.01,1
44258,true,0.01,1
44269,true,0.01,1
44280,false,0.01,1
44285,true,0.01,1
44299,true,0.01,1
44306,true,0.01,1
44317,true,0.01,1
44323,false,0.01,1
44329,true,0.01,1
44337,true,0.01,1
44346,true,0.01,1
44356,true,0.01,1
44365,true,0.01,1
44374,true,0.01,1
44381,false,0.01,1
44390,false,0.01,1
44401,true,0.01,1
44410,true,0.01,1
44417,true,0.01,1
44427,true,0.01,1
44433,false,0.01,1
44447,true,0.01,1
44457,true,0.01,1
44466,true,0.01,1
44475,true,0.01,1
44483,true,0.01,1
44491,true,0.01,1
44505,false,0.01,1
44513,true,0.01,1
44519,true,0.01,1
44532,true,0.01,1
#---------- Wed Nov 30 20:15:55 PST 2022 ----------
#Format: Task Counter Number,Did Simulation Succeed,Last Step Size Used,Number of Simulations Attempted
49599,false,0.01,1
49608,false,0.01,1
49617,false,0.01,1
49619,true,0.01,1
49636,true,0.01,1
49648,false,0.01,1
49661,false,0.01,1
49671,true,0.01,1
49681,true,0.01,1
49693,true,0.01,1
49701,true,0.01,1
49712,true,0.01,1
49721,true,0.01,1
49730,true,0.01,1
49737,true,0.01,1
49747,true,0.01,1
49758,false,0.01,1
49767,true,0.01,1
49778,true,0.01,1
49788,true,0.01,1
49796,true,0.01,1
49807,true,0.01,1
49818,true,0.01,1
49825,true,0.01,1
49838,true,0.01,1
49848,false,0.01,1
49856,true,0.01,1
49867,true,0.01,1
49875,false,0.01,1
49884,false,0.01,1
49895,false,0.01,1
49903,false,0.01,1
49910,true,0.01,1
49923,true,0.01,1
49933,true,0.01,1
49944,true,0.01,1
49952,true,0.01,1
49963,true,0.01,1
49973,true,0.01,1
49982,true,0.01,1
49994,false,0.01,1
50001,false,0.01,1
50011,false,0.01,1
50018,true,0.01,1
50031,true,0.01,1
50038,false,0.01,1
50048,false,0.01,1
50059,false,0.01,1
50072,true,0.01,1
50081,true,0.01,1
50093,false,0.01,1
50101,false,0.01,1
50109,false,0.01,1
50120,false,0.01,1
50129,false,0.01,1
50140,true,0.01,1
50149,true,0.01,1
50160,true,0.01,1
50169,true,0.01,1
50180,true,0.01,1
50190,false,0.01,1
50200,false,0.01,1
50210,false,0.01,1
50220,true,0.01,1
50230,true,0.01,1
50240,true,0.01,1
50251,true,0.01,1
50264,false,0.01,1
50272,false,0.01,1
50280,false,0.01,1
50287,true,0.01,1
50304,true,0.01,1
50313,true,0.01,1
50323,true,0.01,1
50333,true,0.01,1
50346,false,0.01,1
50353,true,0.01,1
50363,true,0.01,1
50376,true,0.01,1
50386,true,0.01,1
50396,true,0.01,1
50406,false,0.01,1
50418,true,0.01,1
50430,true,0.01,1
50440,true,0.01,1
50449,true,0.01,1
50459,true,0.01,1
50472,false,0.01,1
50482,false,0.01,1
50492,true,0.01,1
50503,true,0.01,1
50512,true,0.01,1
50526,true,0.01,1
50536,true,0.01,1
50546,false,0.01,1
50555,false,0.01,1
50560,true,0.01,1
50572,true,0.01,1
50583,true,0.01,1
50593,true,0.01,1
50609,false,0.01,1
50617,false,0.01,1
50627,false,0.01,1
50630,true,0.01,1
50642,true,0.01,1
50652,true,0.01,1
50662,true,0.01,1
50673,true,0.01,1
50683,true,0.01,1
50693,true,0.01,1
50701,true,0.01,1
50712,true,0.01,1
50722,true,0.01,1
50732,true,0.01,1
50742,false,0.01,1
50752,true,0.01,1
50762,true,0.01,1
50772,true,0.01,1
50782,true,0.01,1
50793,false,0.01,1
50801,true,0.01,1
50811,true,0.01,1
50825,false,0.01,1
50835,true,0.01,1
50845,true,0.01,1
50855,false,0.01,1
50869,true,0.01,1
50879,true,0.01,1
50890,true,0.01,1
50900,true,0.01,1
50910,true,0.01,1
50919,true,0.01,1
50928,true,0.01,1
50938,true,0.01,1
50950,false,0.01,1
50960,false,0.01,1
50970,true,0.01,1
50979,true,0.01,1
50988,true,0.01,1
50997,true,0.01,1
51006,true,0.01,1
51014,true,0.01,1
51024,true,0.01,1
51033,true,0.01,1
51043,true,0.01,1
51055,true,0.01,1
51065,true,0.01,1
51074,true,0.01,1
51082,true,0.01,1
51088,true,0.01,1
51099,true,0.01,1
51109,true,0.01,1
51119,true,0.01,1
51128,true,0.01,1
51138,true,0.01,1
51148,false,0.01,1
51158,false,0.01,1
51167,false,0.01,1
51175,true,0.01,1
51185,false,0.01,1
51191,true,0.01,1
51199,true,0.01,1
51208,true,0.01,1
51216,true,0.01,1
51225,true,0.01,1
51235,true,0.01,1
51242,true,0.01,1
51252,true,0.01,1
51261,true,0.01,1
51271,true,0.01,1
51280,false,0.01,1
51290,true,0.01,1
51302,false,0.01,1
51303,true,0.01,1
51312,true,0.01,1
51321,true,0.01,1
51330,true,0.01,1
51343,true,0.01,1
51349,true,0.01,1
51358,true,0.01,1
51368,true,0.01,1
51379,true,0.01,1
51387,true,0.01,1
51396,true,0.01,1
51402,true,0.01,1
51413,true,0.01,1
51425,true,0.01,1
51434,true,0.01,1
51442,true,0.01,1
51451,true,0.01,1
51458,true,0.01,1
51465,true,0.01,1
51478,true,0.01,1
51481,true,0.01,1
51497,true,0.01,1
51504,true,0.01,1
51511,true,0.01,1
51519,true,0.01,1
51531,true,0.01,1
51539,true,0.01,1
51549,true,0.01,1
51557,true,0.01,1
51572,false,0.01,1
51573,true,0.01,1
51585,true,0.01,1
51591,true,0.01,1
51605,true,0.01,1
51615,true,0.01,1
51625,false,0.01,1
51629,true,0.01,1
51642,true,0.01,1
51652,false,0.01,1
51661,true,0.01,1
51670,true,0.01,1
51682,true,0.01,1
51690,true,0.01,1
51697,false,0.01,1
51713,true,0.01,1
51721,true,0.01,1
51727,true,0.01,1
51734,true,0.01,1
51748,true,0.01,1
51754,true,0.01,1
51761,false,0.01,1
51770,false,0.01,1
51779,false,0.01,1
51782,true,0.01,1
51796,false,0.01,1
51799,true,0.01,1
51814,false,0.01,1
51821,true,0.01,1
51827,true,0.01,1
51842,false,0.01,1
51850,false,0.01,1
51854,false,0.01,1
51868,true,0.01,1
51878,true,0.01,1
51888,true,0.01,1
51903,false,0.01,1
51905,true,0.01,1
51920,true,0.01,1
51924,false,0.01,1
51937,true,0.01,1
51944,false,0.01,1
51954,true,0.01,1
51964,true,0.01,1
51973,true,0.01,1
51982,true,0.01,1
51992,true,0.01,1
52001,true,0.01,1
52010,false,0.01,1
52020,false,0.01,1
52023,false,0.01,1
52034,true,0.01,1
52048,false,0.01,1
52051,false,0.01,1
52067,false,0.01,1
52073,true,0.01,1
52082,false,0.01,1
52088,false,0.01,1
52096,true,0.01,1
52108,true,0.01,1
52116,true,0.01,1
52126,true,0.01,1
52135,true,0.01,1
52143,true,0.01,1
52152,true,0.01,1
52162,true,0.01,1
52170,true,0.01,1
52179,true,0.01,1
52185,true,0.01,1
52194,true,0.01,1
52202,true,0.01,1
52214,true,0.01,1
52223,true,0.01,1
52232,true,0.01,1
52241,true,0.01,1
52248,true,0.01,1
52264,false,0.01,1
52266,true,0.01,1
52277,true,0.01,1
52287,true,0.01,1
52294,true,0.01,1
52309,false,0.01,1
52315,true,0.01,1
52325,true,0.01,1
52332,false,0.01,1
52343,false,0.01,1
52352,true,0.01,1
52359,true,0.01,1
52367,true,0.01,1
52374,true,0.01,1
52387,true,0.01,1
52394,true,0.01,1
52402,true,0.01,1
52409,false,0.01,1
52418,false,0.01,1
52433,false,0.01,1
52442,false,0.01,1
52448,true,0.01,1
52460,false,0.01,1
52467,false,0.01,1
52471,true,0.01,1
52485,true,0.01,1
52493,true,0.01,1
52502,true,0.01,1
52514,true,0.01,1
52522,true,0.01,1
52526,true,0.01,1
52540,true,0.01,1
52546,true,0.01,1
52558,true,0.01,1
52563,true,0.01,1
52577,true,0.01,1
52586,true,0.01,1
52595,true,0.01,1
52604,true,0.01,1
52611,true,0.01,1
52619,true,0.01,1
52627,true,0.01,1
52635,true,0.01,1
52643,true,0.01,1
52658,true,0.01,1
52667,true,0.01,1
52676,true,0.01,1
52685,true,0.01,1
52694,true,0.01,1
52701,true,0.01,1
52708,true,0.01,1
52715,true,0.01,1
52728,true,0.01,1
52736,true,0.01,1
52741,true,0.01,1
52752,true,0.01,1
52764,true,0.01,1
52772,true,0.01,1
52782,true,0.01,1
52789,true,0.01,1
52801,true,0.01,1
52807,true,0.01,1
52818,true,0.01,1
52827,true,0.01,1
52836,false,0.01,1
52845,true,0.01,1
52854,true,0.01,1
52863,true,0.01,1
52873,true,0.01,1
52882,true,0.01,1
52889,true,0.01,1
52900,true,0.01,1
52909,true,0.01,1
52918,true,0.01,1
52928,true,0.01,1
52936,true,0.01,1
52944,true,0.01,1
52951,true,0.01,1
52959,true,0.01,1
52967,true,0.01,1
52981,true,0.01,1
52986,true,0.01,1
52997,true,0.01,1
53002,true,0.01,1
53012,true,0.01,1
53022,true,0.01,1
53036,true,0.01,1
53039,false,0.01,1
53052,true,0.01,1
53061,true,0.01,1
53070,true,0.01,1
53079,true,0.01,1
53090,true,0.01,1
53099,true,0.01,1
53108,true,0.01,1
53117,true,0.01,1
53126,true,0.01,1
53135,true,0.01,1
53144,true,0.01,1
53152,true,0.01,1
53160,true,0.01,1
53168,true,0.01,1
53176,true,0.01,1
53183,false,0.01,1
53189,true,0.01,1
53195,true,0.01,1
53201,true,0.01,1
53206,true,0.01,1
53212,true,0.01,1
53218,true,0.01,1
53225,true,0.01,1
53233,true,0.01,1
53238,true,0.01,1
53244,true,0.01,1
53250,true,0.01,1
53257,true,0.01,1
53263,false,0.01,1
53269,true,0.01,1
53275,true,0.01,1
53280,true,0.01,1
53288,true,0.01,1
53293,true,0.01,1
53298,true,0.01,1
53304,true,0.01,1
53310,true,0.01,1
53316,true,0.01,1
53322,true,0.01,1
53328,true,0.01,1
53334,true,0.01,1
53340,true,0.01,1
53347,true,0.01,1
53354,true,0.01,1
53359,true,0.01,1
53365,true,0.01,1
53372,true,0.01,1
53378,true,0.01,1
53384,true,0.01,1
53389,true,0.01,1
53396,true,0.01,1
53402,true,0.01,1
53408,true,0.01,1
53414,true,0.01,1
53419,true,0.01,1
53426,true,0.01,1
53432,true,0.01,1
53438,true,0.01,1
53444,true,0.01,1
53450,true,0.01,1
53455,true,0.01,1
53461,true,0.01,1
53468,true,0.01,1
53477,true,0.01,1
53482,true,0.01,1
53487,true,0.01,1
53493,true,0.01,1
53499,true,0.01,1
53505,true,0.01,1
53511,true,0.01,1
53517,true,0.01,1
53521,true,0.01,1
53527,true,0.01,1
53532,true,0.01,1
53538,true,0.01,1
53544,true,0.01,1
53551,true,0.01,1
53557,true,0.01,1
53563,true,0.01,1
53569,true,0.01,1
53575,true,0.01,1
53582,true,0.01,1
53587,true,0.01,1
53593,true,0.01,1
53599,true,0.01,1
53605,true,0.01,1
53613,true,0.01,1
53619,true,0.01,1
53625,true,0.01,1
53631,true,0.01,1
53637,true,0.01,1
53643,true,0.01,1
53648,true,0.01,1
53654,true,0.01,1
53660,true,0.01,1
53666,true,0.01,1
53673,true,0.01,1
53679,true,0.01,1
53685,true,0.01,1
53691,true,0.01,1
53697,true,0.01,1
53703,true,0.01,1
53709,true,0.01,1
53715,true,0.01,1
53721,true,0.01,1
53728,true,0.01,1
53734,true,0.01,1
53739,true,0.01,1
53745,true,0.01,1
53751,true,0.01,1
53755,true,0.01,1
53761,true,0.01,1
53766,true,0.01,1
53773,true,0.01,1
53779,true,0.01,1
53784,true,0.01,1
53790,true,0.01,1
53796,true,0.01,1
53802,true,0.01,1
53810,true,0.01,1
53816,true,0.01,1
53822,true,0.01,1
53828,true,0.01,1
53833,true,0.01,1
53839,true,0.01,1
53847,true,0.01,1
53853,true,0.01,1
53859,true,0.01,1
53865,false,0.01,1
53871,true,0.01,1
53877,true,0.01,1
53883,false,0.01,1
53891,true,0.01,1
53897,true,0.01,1
53903,true,0.01,1
53909,true,0.01,1
53915,true,0.01,1
53921,true,0.01,1
53926,true,0.01,1
53932,true,0.01,1
53938,true,0.01,1
53944,true,0.01,1
53950,true,0.01,1
53956,true,0.01,1
53964,true,0.01,1
53971,true,0.01,1
53978,false,0.01,1
53984,true,0.01,1
53992,true,0.01,1
53999,true,0.01,1
54005,true,0.01,1
54011,true,0.01,1
54016,true,0.01,1
54022,true,0.01,1
54028,true,0.01,1
54034,true,0.01,1
54040,true,0.01,1
54046,true,0.01,1
54055,true,0.01,1
54058,true,0.01,1
54063,true,0.01,1
54069,true,0.01,1
54075,true,0.01,1
54083,true,0.01,1
54090,true,0.01,1
54096,true,0.01,1
54103,true,0.01,1
54109,true,0.01,1
54115,true,0.01,1
54122,true,0.01,1
54128,true,0.01,1
54134,true,0.01,1
54140,true,0.01,1
54145,true,0.01,1
54151,true,0.01,1
54157,true,0.01,1
54163,true,0.01,1
54166,true,0.01,1
54174,true,0.01,1
54180,true,0.01,1
54187,true,0.01,1
54193,false,0.01,1
54199,true,0.01,1
54204,true,0.01,1
54210,true,0.01,1
54213,false,0.01,1
54219,true,0.01,1
54225,true,0.01,1
54236,true,0.01,1
54241,false,0.01,1
54248,false,0.01,1
54254,true,0.01,1
54261,true,0.01,1
54267,true,0.01,1
54273,true,0.01,1
54279,true,0.01,1
54285,true,0.01,1
54292,true,0.01,1
54298,true,0.01,1
54304,true,0.01,1
54310,true,0.01,1
54315,true,0.01,1
54322,true,0.01,1
54329,true,0.01,1
54335,true,0.01,1
54341,true,0.01,1
54346,true,0.01,1
54352,true,0.01,1
54358,true,0.01,1
54365,true,0.01,1
54370,true,0.01,1
54376,true,0.01,1
54383,true,0.01,1
54389,true,0.01,1
54395,true,0.01,1
54400,true,0.01,1
54406,true,0.01,1
54410,true,0.01,1
54416,true,0.01,1
54422,true,0.01,1
54428,true,0.01,1
54434,true,0.01,1
54440,false,0.01,1
54446,true,0.01,1
54452,true,0.01,1
54456,true,0.01,1
54465,true,0.01,1
54471,false,0.01,1
54477,true,0.01,1
54485,true,0.01,1
54490,true,0.01,1
54496,true,0.01,1
54503,true,0.01,1
54507,true,0.01,1
54513,true,0.01,1
54519,false,0.01,1
54525,true,0.01,1
54531,true,0.01,1
54537,false,0.01,1
54546,false,0.01,1
54552,true,0.01,1
54558,true,0.01,1
54564,true,0.01,1
54570,true,0.01,1
54576,true,0.01,1
54582,true,0.01,1
54588,true,0.01,1
54594,true,0.01,1
54600,false,0.01,1
54606,true,0.01,1
54612,true,0.01,1
54618,false,0.01,1
54624,true,0.01,1
54630,true,0.01,1
54636,true,0.01,1
54642,true,0.01,1
54648,true,0.01,1
54654,true,0.01,1
54660,true,0.01,1
54666,true,0.01,1
54672,true,0.01,1
54678,true,0.01,1
54684,false,0.01,1
54690,false,0.01,1
54696,true,0.01,1
54702,false,0.01,1
54707,true,0.01,1
54714,true,0.01,1
54719,true,0.01,1
54725,false,0.01,1
54730,false,0.01,1
54736,true,0.01,1
54742,true,0.01,1
54748,false,0.01,1
54753,true,0.01,1
54759,true,0.01,1
54765,true,0.01,1
54771,true,0.01,1
54777,true,0.01,1
54782,false,0.01,1
54788,true,0.01,1
54794,false,0.01,1
54803,false,0.01,1
54810,true,0.01,1
54817,true,0.01,1
54823,true,0.01,1
54828,true,0.01,1
54835,true,0.01,1
54841,true,0.01,1
54847,false,0.01,1
54853,true,0.01,1
54859,true,0.01,1
54865,false,0.01,1
54871,true,0.01,1
54877,true,0.01,1
54883,false,0.01,1
54889,true,0.01,1
54895,true,0.01,1
54900,false,0.01,1
54905,true,0.01,1
54910,true,0.01,1
54915,true,0.01,1
54920,false,0.01,1
54925,true,0.01,1
54931,true,0.01,1
54935,true,0.01,1
54940,true,0.01,1
54945,true,0.01,1
54951,true,0.01,1
54956,false,0.01,1
54961,true,0.01,1
54966,true,0.01,1
54971,true,0.01,1
54976,true,0.01,1
54982,false,0.01,1
54987,true,0.01,1
54992,false,0.01,1
54997,true,0.01,1
55002,true,0.01,1
55007,true,0.01,1
55012,true,0.01,1
55017,true,0.01,1
55023,true,0.01,1
55028,true,0.01,1
55033,true,0.01,1
55038,true,0.01,1
55043,true,0.01,1
55048,true,0.01,1
55053,true,0.01,1
55057,true,0.01,1
55062,true,0.01,1
55067,true,0.01,1
55072,true,0.01,1
55077,true,0.01,1
55082,false,0.01,1
55087,true,0.01,1
55092,true,0.01,1
55096,true,0.01,1
55101,true,0.01,1
55103,true,0.01,1
55107,false,0.01,1
55111,true,0.01,1
55115,true,0.01,1
55119,true,0.01,1
55123,true,0.01,1
55127,true,0.01,1
55131,true,0.01,1
55135,false,0.01,1
55139,true,0.01,1
55143,false,0.01,1
55147,true,0.01,1
55151,true,0.01,1
55155,true,0.01,1
55159,true,0.01,1
55163,false,0.01,1
55166,true,0.01,1
55171,true,0.01,1
55175,true,0.01,1
55179,true,0.01,1
55183,true,0.01,1
55189,false,0.01,1
55193,true,0.01,1
55196,true,0.01,1
55200,true,0.01,1
55204,true,0.01,1
55208,false,0.01,1
55212,true,0.01,1
55216,false,0.01,1
55220,true,0.01,1
55223,true,0.01,1
55227,true,0.01,1
55231,true,0.01,1
55236,true,0.01,1
55240,true,0.01,1
55244,true,0.01,1
55248,true,0.01,1
55252,true,0.01,1
55256,true,0.01,1
55261,true,0.01,1
55264,true,0.01,1
55268,true,0.01,1
55272,true,0.01,1
55276,true,0.01,1
55280,true,0.01,1
55284,true,0.01,1
55288,true,0.01,1
55292,true,0.01,1
55296,true,0.01,1
55301,true,0.01,1
55305,true,0.01,1
55309,true,0.01,1
55313,true,0.01,1
55317,true,0.01,1
55321,true,0.01,1
55325,false,0.01,1
55329,true,0.01,1
55333,false,0.01,1
55337,true,0.01,1
55341,false,0.01,1
55345,true,0.01,1
55349,true,0.01,1
55353,true,0.01,1
55357,true,0.01,1
55361,false,0.01,1
55365,true,0.01,1
55369,false,0.01,1
55373,true,0.01,1
55377,false,0.01,1
55381,true,0.01,1
55385,true,0.01,1
55389,true,0.01,1
55393,true,0.01,1
55397,true,0.01,1
55399,true,0.01,1
55402,true,0.01,1
55405,false,0.01,1
55407,true,0.01,1
55410,true,0.01,1
55413,false,0.01,1
55418,true,0.01,1
55421,true,0.01,1
55424,false,0.01,1
55426,true,0.01,1
55429,true,0.01,1
55432,false,0.01,1
55434,true,0.01,1
55437,true,0.01,1
55440,true,0.01,1
55445,true,0.01,1
55448,true,0.01,1
55450,false,0.01,1
55453,true,0.01,1
55456,true,0.01,1
55459,false,0.01,1
55461,true,0.01,1
55464,true,0.01,1
55467,true,0.01,1
55471,true,0.01,1
55474,true,0.01,1
55476,true,0.01,1
55481,true,0.01,1
55484,true,0.01,1
55487,true,0.01,1
55491,true,0.01,1
55494,true,0.01,1
55497,true,0.01,1
55500,true,0.01,1
55503,true,0.01,1
55506,true,0.01,1
55509,true,0.01,1
55512,true,0.01,1
55515,true,0.01,1
55517,true,0.01,1
55520,true,0.01,1
55523,false,0.01,1
55525,true,0.01,1
55528,true,0.01,1
55531,false,0.01,1
55534,true,0.01,1
55537,true,0.01,1
55540,true,0.01,1
55543,true,0.01,1
55546,true,0.01,1
55549,false,0.01,1
55552,true,0.01,1
55555,true,0.01,1
55558,false,0.01,1
55561,true,0.01,1
55564,true,0.01,1
55567,true,0.01,1
55570,true,0.01,1
55573,true,0.01,1
55576,true,0.01,1
55579,true,0.01,1
55582,true,0.01,1
55585,true,0.01,1
55588,true,0.01,1
55591,true,0.01,1
55594,true,0.01,1
55597,true,0.01,1
55600,true,0.01,1
55603,true,0.01,1
55605,true,0.01,1
55608,true,0.01,1
55611,true,0.01,1
55614,true,0.01,1
55617,true,0.01,1
55620,true,0.01,1
55623,true,0.01,1
55626,true,0.01,1
55629,true,0.01,1
55632,true,0.01,1
55635,true,0.01,1
55638,true,0.01,1
55641,true,0.01,1
55644,true,0.01,1
55647,true,0.01,1
55650,true,0.01,1
55653,true,0.01,1
55656,true,0.01,1
55661,true,0.01,1
55664,true,0.01,1
55667,false,0.01,1
55669,true,0.01,1
55672,true,0.01,1
55675,false,0.01,1
55677,true,0.01,1
55680,true,0.01,1
55683,true,0.01,1
55686,true,0.01,1
55689,true,0.01,1
55692,true,0.01,1
55697,true,0.01,1
55700,true,0.01,1
55703,false,0.01,1
55706,true,0.01,1
55709,true,0.01,1
55712,false,0.01,1
55715,true,0.01,1
55719,true,0.01,1
55722,true,0.01,1
55725,true,0.01,1
55728,false,0.01,1
55731,true,0.01,1
55734,true,0.01,1
55737,true,0.01,1
55741,true,0.01,1
55744,true,0.01,1
55747,false,0.01,1
55750,true,0.01,1
55753,true,0.01,1
55756,true,0.01,1
55759,true,0.01,1
55762,true,0.01,1
55765,true,0.01,1
55768,true,0.01,1
55771,true,0.01,1
55774,true,0.01,1
55777,true,0.01,1
55780,true,0.01,1
55783,true,0.01,1
55786,true,0.01,1
55790,true,0.01,1
55793,true,0.01,1
55797,true,0.01,1
55800,true,0.01,1
55803,true,0.01,1
55805,true,0.01,1
55808,true,0.01,1
55811,true,0.01,1
55814,true,0.01,1
55817,true,0.01,1
55827,true,0.01,1
55836,true,0.01,1
55847,true,0.01,1
55858,true,0.01,1
55869,true,0.01,1
55880,true,0.01,1
55889,true,0.01,1
55900,false,0.01,1
55907,true,0.01,1
55919,false,0.01,1
55927,false,0.01,1
55938,true,0.01,1
55948,true,0.01,1
55958,true,0.01,1
55971,true,0.01,1
55982,true,0.01,1
55997,true,0.01,1
56007,true,0.01,1
56017,true,0.01,1
56027,true,0.01,1
56041,true,0.01,1
56051,true,0.01,1
56061,true,0.01,1
56071,true,0.01,1
56081,true,0.01,1
56092,true,0.01,1
56102,true,0.01,1
56111,true,0.01,1
56120,true,0.01,1
56129,true,0.01,1
56139,true,0.01,1
56152,false,0.01,1
56155,true,0.01,1
56171,false,0.01,1
56181,true,0.01,1
56190,true,0.01,1
56203,true,0.01,1
56213,true,0.01,1
56221,true,0.01,1
56231,true,0.01,1
56241,true,0.01,1
56251,true,0.01,1
56261,false,0.01,1
56272,true,0.01,1
56281,true,0.01,1
56290,true,0.01,1
56299,true,0.01,1
56308,true,0.01,1
56321,true,0.01,1
56330,true,0.01,1
56340,true,0.01,1
56350,true,0.01,1
56361,true,0.01,1
56371,true,0.01,1
56381,true,0.01,1
56387,false,0.01,1
56397,true,0.01,1
56406,false,0.01,1
56417,true,0.01,1
56430,false,0.01,1
56433,true,0.01,1
56445,true,0.01,1
56454,true,0.01,1
56461,true,0.01,1
56471,true,0.01,1
56481,true,0.01,1
56491,true,0.01,1
56502,true,0.01,1
56512,true,0.01,1
56524,true,0.01,1
56532,true,0.01,1
56540,false,0.01,1
56550,true,0.01,1
56559,true,0.01,1
56570,true,0.01,1
56580,false,0.01,1
56594,true,0.01,1
56600,true,0.01,1
56611,true,0.01,1
56623,true,0.01,1
56632,true,0.01,1
56639,true,0.01,1
56655,false,0.01,1
56663,false,0.01,1
56673,false,0.01,1
56682,false,0.01,1
56688,true,0.01,1
56697,false,0.01,1
56707,false,0.01,1
56714,true,0.01,1
56727,true,0.01,1
56737,true,0.01,1
56747,true,0.01,1
56758,true,0.01,1
56767,true,0.01,1
56780,true,0.01,1
56788,false,0.01,1
56796,false,0.01,1
56803,true,0.01,1
56816,false,0.01,1
56824,false,0.01,1
56833,false,0.01,1
56845,true,0.01,1
56853,true,0.01,1
56864,false,0.01,1
56873,false,0.01,1
56881,false,0.01,1
56885,true,0.01,1
56897,true,0.01,1
56910,true,0.01,1
56920,true,0.01,1
56931,true,0.01,1
56944,true,0.01,1
56955,true,0.01,1
56964,true,0.01,1
56975,true,0.01,1
56984,true,0.01,1
56996,true,0.01,1
57007,true,0.01,1
57016,true,0.01,1
57026,false,0.01,1
57036,true,0.01,1
57047,true,0.01,1
57056,true,0.01,1
57066,true,0.01,1
57076,true,0.01,1
57087,false,0.01,1
57097,true,0.01,1
57107,false,0.01,1
57116,false,0.01,1
57126,true,0.01,1
57136,true,0.01,1
57148,true,0.01,1
57158,true,0.01,1
57169,false,0.01,1
57175,true,0.01,1
57187,true,0.01,1
57196,true,0.01,1
57206,false,0.01,1
57212,true,0.01,1
57223,true,0.01,1
57233,false,0.01,1
57240,false,0.01,1
57251,false,0.01,1
57259,true,0.01,1
57271,true,0.01,1
57282,true,0.01,1
57293,true,0.01,1
57303,false,0.01,1
57313,false,0.01,1
57323,true,0.01,1
57332,true,0.01,1
57341,true,0.01,1
57352,true,0.01,1
57362,true,0.01,1
57375,false,0.01,1
57378,false,0.01,1
57387,true,0.01,1
57396,true,0.01,1
57408,true,0.01,1
57419,true,0.01,1
57428,true,0.01,1
57434,true,0.01,1
57448,true,0.01,1
57456,false,0.01,1
57462,true,0.01,1
57470,true,0.01,1
57481,true,0.01,1
57488,true,0.01,1
57497,true,0.01,1
57506,true,0.01,1
57514,true,0.01,1
57523,true,0.01,1
57532,true,0.01,1
57541,true,0.01,1
57549,true,0.01,1
57556,false,0.01,1
57564,false,0.01,1
57575,true,0.01,1
57582,false,0.01,1
57591,false,0.01,1
57602,false,0.01,1
57604,true,0.01,1
57613,true,0.01,1
57622,true,0.01,1
57631,true,0.01,1
57639,true,0.01,1
57647,false,0.01,1
57654,false,0.01,1
57660,true,0.01,1
57671,true,0.01,1
57680,false,0.01,1
57686,true,0.01,1
57695,true,0.01,1
57703,true,0.01,1
57712,true,0.01,1
57719,false,0.01,1
57725,true,0.01,1
57733,true,0.01,1
57741,true,0.01,1
57748,true,0.01,1
57757,true,0.01,1
57765,true,0.01,1
57772,true,0.01,1
57780,true,0.01,1
57788,true,0.01,1
57796,true,0.01,1
57804,true,0.01,1
57812,true,0.01,1
57820,true,0.01,1
57827,true,0.01,1
57836,false,0.01,1
57841,true,0.01,1
57849,true,0.01,1
57855,true,0.01,1
57867,true,0.01,1
57873,true,0.01,1
57881,false,0.01,1
57886,true,0.01,1
57893,true,0.01,1
57902,true,0.01,1
57910,true,0.01,1
57917,false,0.01,1
57925,false,0.01,1
57934,true,0.01,1
57942,true,0.01,1
57951,true,0.01,1
57959,true,0.01,1
57967,true,0.01,1
57975,true,0.01,1
57983,true,0.01,1
57992,true,0.01,1
58003,true,0.01,1
58011,true,0.01,1
58017,true,0.01,1
58023,true,0.01,1
58033,false,0.01,1
58046,true,0.01,1
58055,true,0.01,1
58062,true,0.01,1
58068,true,0.01,1
58076,true,0.01,1
58085,true,0.01,1
58094,true,0.01,1
58100,true,0.01,1
58109,true,0.01,1
58118,true,0.01,1
58126,false,0.01,1
58136,true,0.01,1
58145,true,0.01,1
58155,true,0.01,1
58161,true,0.01,1
58169,false,0.01,1
58177,false,0.01,1
58184,true,0.01,1
58192,true,0.01,1
58198,true,0.01,1
58207,true,0.01,1
58215,true,0.01,1
58222,true,0.01,1
58232,false,0.01,1
58238,true,0.01,1
58246,true,0.01,1
58254,true,0.01,1
58261,true,0.01,1
58268,true,0.01,1
58277,true,0.01,1
58288,true,0.01,1
58294,true,0.01,1
58303,true,0.01,1
58312,true,0.01,1
58322,false,0.01,1
58326,true,0.01,1
58337,false,0.01,1
58345,true,0.01,1
58356,false,0.01,1
58362,true,0.01,1
58368,false,0.01,1
58383,false,0.01,1
58389,true,0.01,1
58394,false,0.01,1
58402,false,0.01,1
58409,false,0.01,1
58417,true,0.01,1
58425,true,0.01,1
58430,true,0.01,1
58442,true,0.01,1
58453,true,0.01,1
58459,true,0.01,1
58469,true,0.01,1
58477,true,0.01,1
58486,false,0.01,1
58495,true,0.01,1
58502,true,0.01,1
58509,true,0.01,1
58520,true,0.01,1
58529,true,0.01,1
58539,true,0.01,1
58544,true,0.01,1
58552,true,0.01,1
58560,true,0.01,1
58567,true,0.01,1
58576,false,0.01,1
58586,false,0.01,1
58594,true,0.01,1
58607,false,0.01,1
58615,true,0.01,1
58621,false,0.01,1
58634,true,0.01,1
58640,true,0.01,1
58653,false,0.01,1
58655,false,0.01,1
58663,false,0.01,1
58666,true,0.01,1
58677,true,0.01,1
58682,true,0.01,1
58697,true,0.01,1
58705,true,0.01,1
58712,true,0.01,1
58719,true,0.01,1
58727,false,0.01,1
58736,true,0.01,1
58746,true,0.01,1
58752,true,0.01,1
58761,true,0.01,1
58770,true,0.01,1
58780,true,0.01,1
58787,true,0.01,1
58795,true,0.01,1
58803,true,0.01,1
58811,false,0.01,1
58822,true,0.01,1
58832,true,0.01,1
58841,true,0.01,1
58847,true,0.01,1
58860,false,0.01,1
58864,true,0.01,1
58877,true,0.01,1
58882,true,0.01,1
58894,false,0.01,1
58904,false,0.01,1
58913,false,0.01,1
58922,true,0.01,1
58930,true,0.01,1
58939,true,0.01,1
58944,true,0.01,1
58950,false,0.01,1
58958,true,0.01,1
58966,true,0.01,1
58974,true,0.01,1
58982,false,0.01,1
58985,false,0.01,1
58993,false,0.01,1
59003,false,0.01,1
59011,true,0.01,1
59020,true,0.01,1
59028,true,0.01,1
59036,true,0.01,1
59044,true,0.01,1
