#---------- Tue Nov 29 16:12:11 PST 2022 ----------
#Format: Task Counter Number,Did Simulation Succeed,Last Step Size Used,Number of Simulations Attempted
24,true,0.01,1
31,true,0.01,1
37,true,0.01,1
45,true,0.01,1
54,true,0.01,1
62,true,0.01,1
70,true,0.01,1
78,true,0.01,1
84,true,0.01,1
92,true,0.01,1
102,true,0.01,1
108,true,0.01,1
115,true,0.01,1
125,true,0.01,1
134,true,0.01,1
142,true,0.01,1
149,true,0.01,1
157,true,0.01,1
164,false,0.01,1
175,true,0.01,1
185,true,0.01,1
194,true,0.01,1
205,true,0.01,1
214,true,0.01,1
226,true,0.01,1
233,true,0.01,1
246,true,0.01,1
253,true,0.01,1
265,true,0.01,1
274,true,0.01,1
283,true,0.01,1
291,true,0.01,1
300,true,0.01,1
310,true,0.01,1
320,true,0.01,1
329,true,0.01,1
339,false,0.01,1
349,true,0.01,1
359,true,0.01,1
372,true,0.01,1
382,true,0.01,1
392,true,0.01,1
400,true,0.01,1
405,false,0.01,1
418,true,0.01,1
428,true,0.01,1
438,false,0.01,1
444,true,0.01,1
455,true,0.01,1
469,true,0.01,1
476,true,0.01,1
489,true,0.01,1
498,true,0.01,1
506,true,0.01,1
520,true,0.01,1
530,true,0.01,1
538,true,0.01,1
546,true,0.01,1
556,true,0.01,1
567,true,0.01,1
577,true,0.01,1
587,true,0.01,1
597,true,0.01,1
607,true,0.01,1
617,true,0.01,1
627,false,0.01,1
637,true,0.01,1
647,true,0.01,1
656,false,0.01,1
666,true,0.01,1
676,true,0.01,1
686,true,0.01,1
696,true,0.01,1
706,true,0.01,1
716,true,0.01,1
726,false,0.01,1
736,false,0.01,1
746,true,0.01,1
756,true,0.01,1
770,true,0.01,1
778,true,0.01,1
786,true,0.01,1
794,true,0.01,1
807,true,0.01,1
817,false,0.01,1
830,true,0.01,1
838,true,0.01,1
845,true,0.01,1
858,true,0.01,1
868,true,0.01,1
873,true,0.01,1
884,true,0.01,1
896,true,0.01,1
905,true,0.01,1
915,false,0.01,1
923,true,0.01,1
934,true,0.01,1
947,true,0.01,1
954,true,0.01,1
962,true,0.01,1
972,true,0.01,1
980,false,0.01,1
990,true,0.01,1
1003,true,0.01,1
1011,true,0.01,1
1020,true,0.01,1
1029,true,0.01,1
1041,true,0.01,1
1051,true,0.01,1
1062,true,0.01,1
1071,true,0.01,1
1081,true,0.01,1
1087,false,0.01,1
1098,true,0.01,1
1107,true,0.01,1
1115,true,0.01,1
1125,true,0.01,1
1135,true,0.01,1
1146,false,0.01,1
1161,true,0.01,1
1171,true,0.01,1
1179,true,0.01,1
1184,true,0.01,1
1197,true,0.01,1
1203,false,0.01,1
1215,true,0.01,1
1222,false,0.01,1
1231,false,0.01,1
1240,false,0.01,1
1252,true,0.01,1
1261,true,0.01,1
1272,true,0.01,1
1280,true,0.01,1
1291,true,0.01,1
1295,true,0.01,1
1302,false,0.01,1
1311,false,0.01,1
1320,false,0.01,1
1329,false,0.01,1
1338,false,0.01,1
1347,false,0.01,1
1356,false,0.01,1
1366,false,0.01,1
1374,false,0.01,1
1385,false,0.01,1
1394,false,0.01,1
1403,false,0.01,1
1411,false,0.01,1
1418,true,0.01,1
1430,false,0.01,1
1442,true,0.01,1
1450,true,0.01,1
1457,false,0.01,1
1470,false,0.01,1
1480,false,0.01,1
1488,false,0.01,1
1498,false,0.01,1
1504,true,0.01,1
1514,false,0.01,1
1522,true,0.01,1
1532,true,0.01,1
1541,false,0.01,1
1549,false,0.01,1
1558,true,0.01,1
1567,true,0.01,1
1575,true,0.01,1
1584,true,0.01,1
1593,true,0.01,1
1602,true,0.01,1
1611,true,0.01,1
1620,true,0.01,1
1630,true,0.01,1
1639,true,0.01,1
1647,true,0.01,1
1656,true,0.01,1
1666,true,0.01,1
1675,true,0.01,1
1684,true,0.01,1
1693,true,0.01,1
1702,false,0.01,1
1712,false,0.01,1
1720,false,0.01,1
1730,false,0.01,1
1740,false,0.01,1
1748,false,0.01,1
1758,false,0.01,1
1769,false,0.01,1
1779,false,0.01,1
1784,false,0.01,1
1792,false,0.01,1
1801,false,0.01,1
1814,false,0.01,1
1820,false,0.01,1
1834,false,0.01,1
1836,true,0.01,1
1847,false,0.01,1
#---------- Tue Nov 29 18:56:51 PST 2022 ----------
#Format: Task Counter Number,Did Simulation Succeed,Last Step Size Used,Number of Simulations Attempted
4485,true,0.01,1
4494,true,0.01,1
4501,true,0.01,1
4511,true,0.01,1
4522,true,0.01,1
4534,true,0.01,1
4542,true,0.01,1
4552,true,0.01,1
4562,true,0.01,1
4570,true,0.01,1
4581,true,0.01,1
4591,true,0.01,1
4600,true,0.01,1
4610,true,0.01,1
4623,true,0.01,1
4631,true,0.01,1
4643,true,0.01,1
4651,true,0.01,1
4660,true,0.01,1
4671,true,0.01,1
4681,true,0.01,1
4691,true,0.01,1
4701,true,0.01,1
4711,true,0.01,1
4721,true,0.01,1
4731,true,0.01,1
4742,true,0.01,1
4751,true,0.01,1
4762,true,0.01,1
4772,true,0.01,1
4782,true,0.01,1
4790,true,0.01,1
4801,true,0.01,1
4810,true,0.01,1
4821,true,0.01,1
4830,true,0.01,1
4840,true,0.01,1
4849,true,0.01,1
4859,true,0.01,1
4869,false,0.01,1
4876,true,0.01,1
4885,true,0.01,1
4894,true,0.01,1
4904,true,0.01,1
4914,false,0.01,1
4920,true,0.01,1
4933,true,0.01,1
4944,true,0.01,1
4953,true,0.01,1
4962,true,0.01,1
4972,true,0.01,1
4981,true,0.01,1
4990,true,0.01,1
5000,true,0.01,1
5010,true,0.01,1
5020,true,0.01,1
5030,false,0.01,1
5039,false,0.01,1
#---------- Tue Nov 29 20:55:44 PST 2022 ----------
#Format: Task Counter Number,Did Simulation Succeed,Last Step Size Used,Number of Simulations Attempted
9422,false,0.01,1
9431,false,0.01,1
9440,false,0.01,1
9449,false,0.01,1
9458,false,0.01,1
9468,true,0.01,1
9478,true,0.01,1
9488,true,0.01,1
9505,false,0.01,1
9512,true,0.01,1
9521,true,0.01,1
9532,true,0.01,1
9545,true,0.01,1
9556,true,0.01,1
9562,true,0.01,1
9573,true,0.01,1
9581,true,0.01,1
9589,true,0.01,1
9600,true,0.01,1
9609,true,0.01,1
9618,true,0.01,1
9628,true,0.01,1
9638,true,0.01,1
9648,true,0.01,1
9659,true,0.01,1
9669,true,0.01,1
9683,true,0.01,1
9693,true,0.01,1
9700,true,0.01,1
9711,true,0.01,1
9719,true,0.01,1
9730,true,0.01,1
9739,true,0.01,1
9755,true,0.01,1
9763,true,0.01,1
9771,true,0.01,1
9781,true,0.01,1
9788,true,0.01,1
9800,true,0.01,1
9806,true,0.01,1
9818,false,0.01,1
9825,false,0.01,1
9834,false,0.01,1
9844,false,0.01,1
9856,true,0.01,1
9863,true,0.01,1
9873,true,0.01,1
9883,true,0.01,1
9893,true,0.01,1
9903,true,0.01,1
9915,false,0.01,1
9922,true,0.01,1
9934,false,0.01,1
9947,true,0.01,1
9956,true,0.01,1
9964,true,0.01,1
9979,false,0.01,1
9988,true,0.01,1
9996,true,0.01,1
10004,true,0.01,1
10011,true,0.01,1
10019,true,0.01,1
10034,true,0.01,1
10042,true,0.01,1
10047,true,0.01,1
10062,true,0.01,1
10072,true,0.01,1
10082,true,0.01,1
10091,true,0.01,1
10102,true,0.01,1
10112,true,0.01,1
10122,false,0.01,1
10132,false,0.01,1
10142,false,0.01,1
10148,false,0.01,1
10160,false,0.01,1
10168,false,0.01,1
10175,true,0.01,1
10187,false,0.01,1
10200,true,0.01,1
10210,false,0.01,1
10219,false,0.01,1
10225,true,0.01,1
10243,true,0.01,1
10252,true,0.01,1
10262,true,0.01,1
10275,false,0.01,1
10282,true,0.01,1
10295,false,0.01,1
10301,false,0.01,1
10314,true,0.01,1
10324,true,0.01,1
10335,true,0.01,1
10343,true,0.01,1
10354,true,0.01,1
10365,false,0.01,1
10372,true,0.01,1
10384,false,0.01,1
10392,false,0.01,1
10400,true,0.01,1
10415,true,0.01,1
10422,true,0.01,1
10427,true,0.01,1
10437,false,0.01,1
10447,false,0.01,1
10462,false,0.01,1
10469,false,0.01,1
10482,false,0.01,1
10489,false,0.01,1
10502,false,0.01,1
10511,false,0.01,1
10519,false,0.01,1
10529,false,0.01,1
10535,false,0.01,1
10547,false,0.01,1
10556,false,0.01,1
10562,false,0.01,1
10571,false,0.01,1
10581,false,0.01,1
10590,false,0.01,1
10599,false,0.01,1
10605,false,0.01,1
10617,false,0.01,1
10622,true,0.01,1
10636,false,0.01,1
10644,false,0.01,1
10650,false,0.01,1
10664,false,0.01,1
10671,false,0.01,1
10677,false,0.01,1
10685,true,0.01,1
10693,false,0.01,1
10702,false,0.01,1
10713,false,0.01,1
10718,false,0.01,1
10726,false,0.01,1
10735,false,0.01,1
10741,false,0.01,1
10751,false,0.01,1
10758,false,0.01,1
10763,false,0.01,1
10771,false,0.01,1
10779,false,0.01,1
10787,false,0.01,1
10795,false,0.01,1
10805,false,0.01,1
10812,false,0.01,1
10818,true,0.01,1
10829,false,0.01,1
10837,true,0.01,1
10846,true,0.01,1
10857,false,0.01,1
10862,false,0.01,1
10870,false,0.01,1
10878,false,0.01,1
10886,false,0.01,1
10894,false,0.01,1
10902,false,0.01,1
10910,true,0.01,1
10918,true,0.01,1
10926,true,0.01,1
10935,false,0.01,1
10943,true,0.01,1
10951,true,0.01,1
10959,true,0.01,1
10967,true,0.01,1
10975,true,0.01,1
10983,true,0.01,1
10991,false,0.01,1
10998,true,0.01,1
11009,false,0.01,1
11016,true,0.01,1
11023,true,0.01,1
11031,true,0.01,1
11038,true,0.01,1
11046,true,0.01,1
11055,true,0.01,1
11064,true,0.01,1
11070,true,0.01,1
11077,true,0.01,1
11085,true,0.01,1
11093,true,0.01,1
11101,true,0.01,1
11109,true,0.01,1
11117,true,0.01,1
11123,true,0.01,1
11131,true,0.01,1
11141,true,0.01,1
11151,true,0.01,1
11161,true,0.01,1
11171,true,0.01,1
11181,true,0.01,1
11191,true,0.01,1
11201,true,0.01,1
11210,true,0.01,1
11220,true,0.01,1
11228,true,0.01,1
11237,true,0.01,1
11247,true,0.01,1
11258,true,0.01,1
11266,true,0.01,1
11278,true,0.01,1
11288,true,0.01,1
11298,true,0.01,1
11308,true,0.01,1
11317,true,0.01,1
11327,true,0.01,1
11336,true,0.01,1
11347,true,0.01,1
11357,true,0.01,1
11367,true,0.01,1
11377,true,0.01,1
11387,true,0.01,1
11397,true,0.01,1
11407,true,0.01,1
11417,true,0.01,1
11427,false,0.01,1
11437,true,0.01,1
11447,true,0.01,1
11456,true,0.01,1
11465,true,0.01,1
11472,true,0.01,1
11482,true,0.01,1
11493,false,0.01,1
11501,true,0.01,1
11511,true,0.01,1
11520,true,0.01,1
11530,true,0.01,1
11539,true,0.01,1
11549,true,0.01,1
11560,true,0.01,1
11569,true,0.01,1
11578,true,0.01,1
11588,false,0.01,1
11600,false,0.01,1
11609,false,0.01,1
11618,false,0.01,1
11627,true,0.01,1
11636,true,0.01,1
11645,true,0.01,1
11654,true,0.01,1
11663,true,0.01,1
11672,true,0.01,1
11680,true,0.01,1
11690,true,0.01,1
11698,true,0.01,1
11706,true,0.01,1
11713,true,0.01,1
11723,true,0.01,1
11737,true,0.01,1
11747,true,0.01,1
11758,true,0.01,1
11764,true,0.01,1
11774,true,0.01,1
11788,true,0.01,1
11795,true,0.01,1
11805,true,0.01,1
11812,true,0.01,1
11818,true,0.01,1
11830,true,0.01,1
11838,true,0.01,1
11845,true,0.01,1
11859,true,0.01,1
11865,true,0.01,1
11876,true,0.01,1
11880,true,0.01,1
11892,true,0.01,1
11900,true,0.01,1
11914,true,0.01,1
11921,true,0.01,1
11933,true,0.01,1
11941,true,0.01,1
11950,true,0.01,1
11957,true,0.01,1
11972,false,0.01,1
11975,true,0.01,1
11987,true,0.01,1
11995,true,0.01,1
12002,true,0.01,1
12012,true,0.01,1
12016,true,0.01,1
12028,true,0.01,1
12034,true,0.01,1
12050,true,0.01,1
12055,true,0.01,1
12061,true,0.01,1
12073,true,0.01,1
12083,true,0.01,1
12088,true,0.01,1
12104,true,0.01,1
12113,true,0.01,1
12117,true,0.01,1
12123,true,0.01,1
12135,true,0.01,1
12141,true,0.01,1
12151,false,0.01,1
12160,false,0.01,1
12170,false,0.01,1
12177,true,0.01,1
12186,true,0.01,1
12196,true,0.01,1
12205,false,0.01,1
12215,false,0.01,1
12223,false,0.01,1
12233,true,0.01,1
12248,false,0.01,1
12256,true,0.01,1
12263,true,0.01,1
12270,true,0.01,1
12276,true,0.01,1
12286,true,0.01,1
12300,true,0.01,1
12308,true,0.01,1
12314,true,0.01,1
#---------- Wed Nov 30 00:21:55 PST 2022 ----------
#Format: Task Counter Number,Did Simulation Succeed,Last Step Size Used,Number of Simulations Attempted
16235,true,0.01,1
16245,true,0.01,1
16255,true,0.01,1
16265,true,0.01,1
16275,true,0.01,1
16285,true,0.01,1
16293,true,0.01,1
16302,true,0.01,1
16312,true,0.01,1
16322,true,0.01,1
16331,true,0.01,1
16341,true,0.01,1
16348,true,0.01,1
16358,true,0.01,1
16368,false,0.01,1
16378,true,0.01,1
16388,true,0.01,1
16397,true,0.01,1
16407,true,0.01,1
16417,true,0.01,1
16428,true,0.01,1
16436,true,0.01,1
16449,false,0.01,1
16457,true,0.01,1
16468,false,0.01,1
16477,false,0.01,1
16487,true,0.01,1
16496,true,0.01,1
16507,true,0.01,1
16516,true,0.01,1
16525,false,0.01,1
16534,false,0.01,1
16543,true,0.01,1
16553,true,0.01,1
16568,true,0.01,1
16577,true,0.01,1
16587,true,0.01,1
16597,true,0.01,1
16611,false,0.01,1
16617,true,0.01,1
16631,false,0.01,1
16642,true,0.01,1
16652,true,0.01,1
16662,true,0.01,1
16670,true,0.01,1
16683,true,0.01,1
16693,false,0.01,1
16700,false,0.01,1
16713,true,0.01,1
16723,true,0.01,1
16735,true,0.01,1
16744,true,0.01,1
16755,false,0.01,1
16765,false,0.01,1
16775,false,0.01,1
16784,false,0.01,1
16793,false,0.01,1
16800,false,0.01,1
16806,true,0.01,1
16812,false,0.01,1
16821,true,0.01,1
16830,false,0.01,1
16847,false,0.01,1
16856,false,0.01,1
16862,false,0.01,1
16874,false,0.01,1
16875,true,0.01,1
16889,true,0.01,1
16897,true,0.01,1
16903,true,0.01,1
16912,true,0.01,1
16921,true,0.01,1
16932,true,0.01,1
16941,true,0.01,1
16952,true,0.01,1
16956,true,0.01,1
16965,true,0.01,1
16974,true,0.01,1
16980,false,0.01,1
16992,true,0.01,1
16998,false,0.01,1
17008,true,0.01,1
17018,false,0.01,1
17027,false,0.01,1
17036,false,0.01,1
17044,false,0.01,1
17051,false,0.01,1
17061,false,0.01,1
17064,true,0.01,1
17073,true,0.01,1
17088,false,0.01,1
17091,true,0.01,1
17100,true,0.01,1
17109,true,0.01,1
17120,true,0.01,1
17128,true,0.01,1
17137,true,0.01,1
17146,true,0.01,1
17155,true,0.01,1
17164,true,0.01,1
17176,false,0.01,1
17184,false,0.01,1
17198,false,0.01,1
17204,false,0.01,1
17216,false,0.01,1
17223,false,0.01,1
17229,true,0.01,1
17238,true,0.01,1
17247,true,0.01,1
17256,false,0.01,1
17266,false,0.01,1
17272,false,0.01,1
17287,false,0.01,1
17295,false,0.01,1
17299,true,0.01,1
17312,false,0.01,1
17324,false,0.01,1
17327,false,0.01,1
17339,false,0.01,1
17346,false,0.01,1
17359,false,0.01,1
17366,false,0.01,1
17372,false,0.01,1
17387,false,0.01,1
17396,false,0.01,1
17401,false,0.01,1
17414,false,0.01,1
#---------- Wed Nov 30 06:12:39 PST 2022 ----------
#Format: Task Counter Number,Did Simulation Succeed,Last Step Size Used,Number of Simulations Attempted
22551,false,0.01,1
22558,true,0.01,1
22570,false,0.01,1
22579,false,0.01,1
22589,false,0.01,1
22599,false,0.01,1
22608,false,0.01,1
22616,true,0.01,1
22629,true,0.01,1
22632,true,0.01,1
22645,false,0.01,1
22652,true,0.01,1
22663,false,0.01,1
22672,false,0.01,1
22682,true,0.01,1
22691,true,0.01,1
22702,true,0.01,1
22711,true,0.01,1
22721,true,0.01,1
22731,true,0.01,1
22743,true,0.01,1
22753,true,0.01,1
22766,true,0.01,1
22778,false,0.01,1
22787,false,0.01,1
22797,true,0.01,1
22806,true,0.01,1
22816,true,0.01,1
22823,true,0.01,1
22836,true,0.01,1
22846,true,0.01,1
22855,true,0.01,1
22863,true,0.01,1
22873,true,0.01,1
22883,true,0.01,1
22892,true,0.01,1
22902,true,0.01,1
22908,true,0.01,1
22917,true,0.01,1
22926,true,0.01,1
22938,false,0.01,1
22944,true,0.01,1
22954,true,0.01,1
22968,true,0.01,1
22978,true,0.01,1
22990,true,0.01,1
22996,true,0.01,1
23009,false,0.01,1
23020,false,0.01,1
23024,true,0.01,1
23040,true,0.01,1
23050,true,0.01,1
23060,true,0.01,1
23070,true,0.01,1
23080,true,0.01,1
23090,true,0.01,1
23100,false,0.01,1
23110,true,0.01,1
23120,false,0.01,1
23130,true,0.01,1
23142,true,0.01,1
23150,true,0.01,1
23166,true,0.01,1
23176,true,0.01,1
23186,true,0.01,1
23196,true,0.01,1
23206,true,0.01,1
23218,false,0.01,1
23229,true,0.01,1
23239,true,0.01,1
23252,false,0.01,1
23259,false,0.01,1
23273,false,0.01,1
23276,true,0.01,1
23292,true,0.01,1
23301,true,0.01,1
23307,false,0.01,1
23314,true,0.01,1
23329,false,0.01,1
23341,false,0.01,1
23348,false,0.01,1
23363,false,0.01,1
23368,false,0.01,1
23376,false,0.01,1
23390,false,0.01,1
23395,false,0.01,1
23409,true,0.01,1
23419,true,0.01,1
23429,true,0.01,1
23439,false,0.01,1
23448,true,0.01,1
23458,true,0.01,1
23468,false,0.01,1
23479,false,0.01,1
23490,true,0.01,1
23500,true,0.01,1
23510,true,0.01,1
23520,true,0.01,1
23530,true,0.01,1
23542,false,0.01,1
23552,false,0.01,1
23563,true,0.01,1
23572,false,0.01,1
23585,false,0.01,1
23594,false,0.01,1
23601,false,0.01,1
23611,false,0.01,1
23621,false,0.01,1
23632,false,0.01,1
23640,false,0.01,1
23645,true,0.01,1
23660,false,0.01,1
23663,true,0.01,1
23676,false,0.01,1
23682,false,0.01,1
23692,false,0.01,1
23701,false,0.01,1
23708,true,0.01,1
23717,true,0.01,1
23730,false,0.01,1
23734,true,0.01,1
23750,false,0.01,1
23755,false,0.01,1
23768,false,0.01,1
23774,false,0.01,1
23787,true,0.01,1
23797,true,0.01,1
23807,true,0.01,1
23817,false,0.01,1
23825,false,0.01,1
23834,false,0.01,1
23849,false,0.01,1
23858,false,0.01,1
23864,false,0.01,1
23875,false,0.01,1
23882,false,0.01,1
23894,false,0.01,1
23902,false,0.01,1
23910,false,0.01,1
23917,false,0.01,1
23931,true,0.01,1
23941,true,0.01,1
23951,false,0.01,1
23961,false,0.01,1
23975,false,0.01,1
23982,false,0.01,1
23993,false,0.01,1
24001,false,0.01,1
24008,false,0.01,1
24017,false,0.01,1
24029,false,0.01,1
24039,true,0.01,1
24049,true,0.01,1
24059,true,0.01,1
24070,true,0.01,1
24082,true,0.01,1
24089,true,0.01,1
24103,false,0.01,1
24114,true,0.01,1
24124,true,0.01,1
24136,true,0.01,1
24147,true,0.01,1
24157,true,0.01,1
24167,true,0.01,1
24179,true,0.01,1
24189,true,0.01,1
24198,true,0.01,1
24208,true,0.01,1
24218,true,0.01,1
24228,true,0.01,1
24236,true,0.01,1
24245,true,0.01,1
24255,true,0.01,1
24265,true,0.01,1
24276,true,0.01,1
24286,true,0.01,1
24296,true,0.01,1
24306,true,0.01,1
24318,true,0.01,1
24330,true,0.01,1
24340,true,0.01,1
24351,true,0.01,1
24363,false,0.01,1
24370,true,0.01,1
24382,true,0.01,1
24392,true,0.01,1
24402,true,0.01,1
24410,true,0.01,1
24421,true,0.01,1
24431,true,0.01,1
24442,true,0.01,1
24453,true,0.01,1
24464,true,0.01,1
24475,true,0.01,1
24483,true,0.01,1
24491,true,0.01,1
24503,true,0.01,1
24512,true,0.01,1
24522,true,0.01,1
24533,true,0.01,1
24543,false,0.01,1
24552,false,0.01,1
24558,true,0.01,1
24569,true,0.01,1
24582,true,0.01,1
24591,true,0.01,1
24601,true,0.01,1
24613,true,0.01,1
24624,true,0.01,1
24634,true,0.01,1
24642,true,0.01,1
24653,true,0.01,1
24661,true,0.01,1
24673,true,0.01,1
24682,true,0.01,1
24693,true,0.01,1
24703,true,0.01,1
24713,false,0.01,1
24721,false,0.01,1
24731,false,0.01,1
24739,false,0.01,1
24745,true,0.01,1
24754,true,0.01,1
24763,true,0.01,1
24773,true,0.01,1
24785,true,0.01,1
24795,true,0.01,1
24807,true,0.01,1
24817,true,0.01,1
24827,true,0.01,1
24838,true,0.01,1
24850,false,0.01,1
24859,false,0.01,1
24868,true,0.01,1
24880,true,0.01,1
24889,true,0.01,1
24902,true,0.01,1
24912,true,0.01,1
24922,false,0.01,1
24934,true,0.01,1
24945,true,0.01,1
24953,false,0.01,1
24961,true,0.01,1
24971,true,0.01,1
24984,true,0.01,1
24994,true,0.01,1
25004,true,0.01,1
25015,true,0.01,1
25026,true,0.01,1
25039,false,0.01,1
25044,true,0.01,1
25055,true,0.01,1
25068,true,0.01,1
25077,true,0.01,1
25087,true,0.01,1
25100,true,0.01,1
25109,true,0.01,1
25118,true,0.01,1
25128,true,0.01,1
25138,true,0.01,1
25148,true,0.01,1
25158,true,0.01,1
25168,true,0.01,1
25178,true,0.01,1
25188,true,0.01,1
25198,false,0.01,1
25206,false,0.01,1
25218,true,0.01,1
25229,true,0.01,1
25239,true,0.01,1
25249,true,0.01,1
25258,true,0.01,1
25268,true,0.01,1
25278,true,0.01,1
25288,true,0.01,1
25298,true,0.01,1
25308,true,0.01,1
25320,true,0.01,1
25330,true,0.01,1
25340,true,0.01,1
25353,true,0.01,1
25363,true,0.01,1
25373,true,0.01,1
25387,true,0.01,1
25396,true,0.01,1
25406,true,0.01,1
25416,true,0.01,1
25427,true,0.01,1
25439,false,0.01,1
25452,true,0.01,1
25462,true,0.01,1
25472,true,0.01,1
25482,true,0.01,1
25494,false,0.01,1
25501,true,0.01,1
25512,true,0.01,1
25524,false,0.01,1
25531,true,0.01,1
25540,true,0.01,1
25552,false,0.01,1
25556,true,0.01,1
25571,true,0.01,1
25581,true,0.01,1
25596,true,0.01,1
25608,true,0.01,1
25616,true,0.01,1
25629,true,0.01,1
25639,true,0.01,1
25649,true,0.01,1
25659,true,0.01,1
25671,true,0.01,1
25679,false,0.01,1
25689,true,0.01,1
25699,true,0.01,1
25714,true,0.01,1
25724,true,0.01,1
25734,true,0.01,1
25743,true,0.01,1
25752,true,0.01,1
25764,false,0.01,1
25778,false,0.01,1
25788,true,0.01,1
25797,true,0.01,1
25806,true,0.01,1
25817,true,0.01,1
25832,true,0.01,1
25842,false,0.01,1
25852,true,0.01,1
25866,true,0.01,1
25876,true,0.01,1
25886,true,0.01,1
25899,false,0.01,1
25908,false,0.01,1
25920,true,0.01,1
25930,true,0.01,1
25940,true,0.01,1
25949,true,0.01,1
25962,false,0.01,1
25970,true,0.01,1
25984,true,0.01,1
25994,true,0.01,1
26002,false,0.01,1
26011,false,0.01,1
26017,false,0.01,1
26029,true,0.01,1
26040,true,0.01,1
26049,true,0.01,1
26062,false,0.01,1
26070,false,0.01,1
26081,false,0.01,1
26089,false,0.01,1
26096,false,0.01,1
26108,false,0.01,1
26111,true,0.01,1
26126,false,0.01,1
26132,true,0.01,1
26142,false,0.01,1
26147,true,0.01,1
26162,false,0.01,1
26169,false,0.01,1
26174,false,0.01,1
26189,false,0.01,1
26195,false,0.01,1
26206,false,0.01,1
26213,false,0.01,1
26225,false,0.01,1
26234,false,0.01,1
26244,true,0.01,1
26254,true,0.01,1
26265,true,0.01,1
26275,true,0.01,1
26285,true,0.01,1
26297,true,0.01,1
26303,true,0.01,1
26316,true,0.01,1
26326,true,0.01,1
26336,true,0.01,1
26347,true,0.01,1
26357,true,0.01,1
26367,true,0.01,1
26375,true,0.01,1
26388,true,0.01,1
26395,true,0.01,1
26405,true,0.01,1
26415,false,0.01,1
26427,true,0.01,1
26437,true,0.01,1
26447,true,0.01,1
26457,true,0.01,1
26471,true,0.01,1
26480,true,0.01,1
26486,true,0.01,1
26495,true,0.01,1
26504,true,0.01,1
26514,true,0.01,1
26524,true,0.01,1
26534,false,0.01,1
26544,true,0.01,1
26553,true,0.01,1
26562,true,0.01,1
26574,true,0.01,1
26585,true,0.01,1
26595,true,0.01,1
26605,true,0.01,1
26615,true,0.01,1
26625,true,0.01,1
26636,true,0.01,1
26646,true,0.01,1
26656,true,0.01,1
26666,true,0.01,1
26676,true,0.01,1
26686,true,0.01,1
26696,true,0.01,1
26706,true,0.01,1
26716,true,0.01,1
26726,true,0.01,1
26736,false,0.01,1
26746,true,0.01,1
26756,true,0.01,1
26766,true,0.01,1
26777,true,0.01,1
26787,true,0.01,1
26797,true,0.01,1
26807,true,0.01,1
26816,true,0.01,1
26827,true,0.01,1
26837,true,0.01,1
26846,true,0.01,1
26857,true,0.01,1
26867,true,0.01,1
26879,true,0.01,1
26889,true,0.01,1
26899,false,0.01,1
26908,false,0.01,1
26919,true,0.01,1
26928,false,0.01,1
#---------- Wed Nov 30 08:05:23 PST 2022 ----------
#Format: Task Counter Number,Did Simulation Succeed,Last Step Size Used,Number of Simulations Attempted
27374,true,0.01,1
27384,true,0.01,1
27392,true,0.01,1
27403,true,0.01,1
27413,true,0.01,1
27423,true,0.01,1
27433,true,0.01,1
27440,true,0.01,1
27452,true,0.01,1
27459,true,0.01,1
27471,true,0.01,1
27479,true,0.01,1
27490,true,0.01,1
27497,true,0.01,1
27509,true,0.01,1
27516,true,0.01,1
27524,true,0.01,1
27536,true,0.01,1
27545,true,0.01,1
27555,true,0.01,1
27564,true,0.01,1
27575,true,0.01,1
27588,true,0.01,1
27598,true,0.01,1
27606,true,0.01,1
27614,true,0.01,1
27625,true,0.01,1
27632,true,0.01,1
27643,true,0.01,1
27652,true,0.01,1
27662,true,0.01,1
27671,true,0.01,1
27682,false,0.01,1
27696,true,0.01,1
27706,false,0.01,1
27717,false,0.01,1
27728,false,0.01,1
27737,false,0.01,1
27747,true,0.01,1
27757,true,0.01,1
27767,true,0.01,1
27777,true,0.01,1
27787,true,0.01,1
27798,false,0.01,1
27808,false,0.01,1
27819,true,0.01,1
27829,true,0.01,1
27836,true,0.01,1
27850,true,0.01,1
27860,true,0.01,1
27867,true,0.01,1
27877,true,0.01,1
27888,true,0.01,1
27897,false,0.01,1
27906,true,0.01,1
27917,true,0.01,1
27931,true,0.01,1
27939,true,0.01,1
27947,false,0.01,1
27956,false,0.01,1
27968,false,0.01,1
27978,false,0.01,1
27984,false,0.01,1
27994,true,0.01,1
28004,true,0.01,1
28014,false,0.01,1
28024,false,0.01,1
28035,true,0.01,1
28045,true,0.01,1
28055,true,0.01,1
28065,true,0.01,1
28074,true,0.01,1
28081,true,0.01,1
28089,true,0.01,1
28100,true,0.01,1
28109,true,0.01,1
28125,true,0.01,1
28135,true,0.01,1
28146,true,0.01,1
28156,true,0.01,1
28166,true,0.01,1
28176,false,0.01,1
28186,false,0.01,1
28196,false,0.01,1
28206,false,0.01,1
28216,true,0.01,1
28226,true,0.01,1
28236,true,0.01,1
28246,true,0.01,1
28258,false,0.01,1
28268,false,0.01,1
28277,false,0.01,1
28287,true,0.01,1
28297,true,0.01,1
28307,true,0.01,1
28317,true,0.01,1
28327,false,0.01,1
28337,true,0.01,1
28347,false,0.01,1
28357,false,0.01,1
28367,false,0.01,1
28374,false,0.01,1
28381,false,0.01,1
28395,true,0.01,1
28407,true,0.01,1
28417,true,0.01,1
28427,true,0.01,1
28436,true,0.01,1
28447,true,0.01,1
28457,true,0.01,1
28466,true,0.01,1
28474,true,0.01,1
28484,true,0.01,1
28491,true,0.01,1
28499,true,0.01,1
28509,true,0.01,1
28520,true,0.01,1
28530,true,0.01,1
28539,true,0.01,1
28549,true,0.01,1
28559,true,0.01,1
28569,true,0.01,1
28578,true,0.01,1
28589,true,0.01,1
28601,true,0.01,1
#---------- Wed Nov 30 08:43:34 PST 2022 ----------
#Format: Task Counter Number,Did Simulation Succeed,Last Step Size Used,Number of Simulations Attempted
29043,true,0.01,1
29057,true,0.01,1
29066,true,0.01,1
29076,true,0.01,1
29087,false,0.01,1
29096,false,0.01,1
29103,false,0.01,1
29110,true,0.01,1
29124,false,0.01,1
29134,true,0.01,1
29144,true,0.01,1
29155,true,0.01,1
29164,true,0.01,1
29174,true,0.01,1
29186,true,0.01,1
29196,false,0.01,1
29206,false,0.01,1
29212,true,0.01,1
29224,false,0.01,1
29233,false,0.01,1
29243,true,0.01,1
29253,true,0.01,1
29261,true,0.01,1
29277,true,0.01,1
29287,true,0.01,1
29297,true,0.01,1
29310,true,0.01,1
29320,true,0.01,1
29330,true,0.01,1
29340,true,0.01,1
29350,true,0.01,1
29360,true,0.01,1
29370,true,0.01,1
29379,true,0.01,1
29389,true,0.01,1
29400,true,0.01,1
29411,true,0.01,1
29419,true,0.01,1
29431,false,0.01,1
29444,true,0.01,1
29453,true,0.01,1
29464,false,0.01,1
29474,true,0.01,1
29483,true,0.01,1
29490,false,0.01,1
29498,true,0.01,1
29508,true,0.01,1
29519,true,0.01,1
29529,true,0.01,1
29539,true,0.01,1
29549,true,0.01,1
29561,true,0.01,1
29568,true,0.01,1
29579,true,0.01,1
29591,false,0.01,1
29601,true,0.01,1
29612,true,0.01,1
29622,true,0.01,1
29632,true,0.01,1
29642,true,0.01,1
29652,true,0.01,1
29662,true,0.01,1
29674,true,0.01,1
29684,true,0.01,1
29697,true,0.01,1
29707,true,0.01,1
29714,true,0.01,1
29725,true,0.01,1
29732,true,0.01,1
29744,false,0.01,1
29753,false,0.01,1
29763,true,0.01,1
29773,true,0.01,1
29785,true,0.01,1
29794,true,0.01,1
29802,true,0.01,1
29809,true,0.01,1
29820,true,0.01,1
29829,true,0.01,1
29840,true,0.01,1
29853,true,0.01,1
29863,true,0.01,1
29867,true,0.01,1
29883,true,0.01,1
29893,false,0.01,1
29900,false,0.01,1
29915,false,0.01,1
29923,false,0.01,1
29931,false,0.01,1
29936,true,0.01,1
29952,true,0.01,1
29962,true,0.01,1
29978,false,0.01,1
29986,false,0.01,1
29992,true,0.01,1
30006,true,0.01,1
30016,true,0.01,1
30026,true,0.01,1
30037,true,0.01,1
30045,true,0.01,1
30056,true,0.01,1
30068,false,0.01,1
30072,true,0.01,1
30084,false,0.01,1
30093,false,0.01,1
30103,false,0.01,1
30115,true,0.01,1
30123,true,0.01,1
30131,true,0.01,1
30143,false,0.01,1
30153,true,0.01,1
30160,true,0.01,1
30174,false,0.01,1
30179,true,0.01,1
30194,false,0.01,1
30200,true,0.01,1
30212,false,0.01,1
30216,false,0.01,1
30231,true,0.01,1
30243,true,0.01,1
30253,true,0.01,1
30263,true,0.01,1
30272,true,0.01,1
30283,false,0.01,1
30290,true,0.01,1
30303,true,0.01,1
30313,true,0.01,1
30323,true,0.01,1
30332,true,0.01,1
30342,true,0.01,1
30352,true,0.01,1
30362,true,0.01,1
30372,false,0.01,1
30382,false,0.01,1
30392,false,0.01,1
30402,true,0.01,1
30412,true,0.01,1
30422,true,0.01,1
30433,false,0.01,1
30447,true,0.01,1
30457,false,0.01,1
30467,true,0.01,1
30483,true,0.01,1
30492,true,0.01,1
30502,true,0.01,1
30511,true,0.01,1
30521,true,0.01,1
30531,true,0.01,1
30541,false,0.01,1
30551,false,0.01,1
30560,false,0.01,1
30570,false,0.01,1
30576,false,0.01,1
30590,false,0.01,1
30598,false,0.01,1
30607,false,0.01,1
30617,false,0.01,1
30627,false,0.01,1
30637,true,0.01,1
30646,false,0.01,1
30656,false,0.01,1
30666,true,0.01,1
30676,true,0.01,1
30686,true,0.01,1
30695,true,0.01,1
30705,true,0.01,1
30714,true,0.01,1
30724,true,0.01,1
30735,true,0.01,1
30745,true,0.01,1
30755,true,0.01,1
30771,true,0.01,1
30781,false,0.01,1
30793,true,0.01,1
30802,true,0.01,1
30812,true,0.01,1
30820,true,0.01,1
30830,true,0.01,1
30841,true,0.01,1
30852,true,0.01,1
30862,true,0.01,1
30873,true,0.01,1
30883,true,0.01,1
30897,false,0.01,1
30902,true,0.01,1
30913,true,0.01,1
30924,false,0.01,1
30934,true,0.01,1
30943,true,0.01,1
30953,true,0.01,1
30963,true,0.01,1
30971,true,0.01,1
30983,true,0.01,1
30992,true,0.01,1
31002,true,0.01,1
31012,true,0.01,1
31020,true,0.01,1
31029,true,0.01,1
31039,true,0.01,1
31049,true,0.01,1
31059,false,0.01,1
31070,true,0.01,1
31083,true,0.01,1
31093,true,0.01,1
31103,true,0.01,1
31112,true,0.01,1
31122,false,0.01,1
31130,true,0.01,1
31141,false,0.01,1
31150,false,0.01,1
31160,true,0.01,1
31169,true,0.01,1
31179,true,0.01,1
31189,true,0.01,1
31199,true,0.01,1
31209,true,0.01,1
31219,true,0.01,1
31229,true,0.01,1
31239,true,0.01,1
31249,true,0.01,1
31258,true,0.01,1
31268,false,0.01,1
31280,true,0.01,1
31290,true,0.01,1
31299,true,0.01,1
31308,true,0.01,1
31318,true,0.01,1
31328,true,0.01,1
31338,true,0.01,1
31348,false,0.01,1
31358,false,0.01,1
31362,true,0.01,1
31372,true,0.01,1
31383,true,0.01,1
31395,true,0.01,1
31404,true,0.01,1
31413,true,0.01,1
31424,true,0.01,1
31436,true,0.01,1
31446,true,0.01,1
31456,false,0.01,1
31466,true,0.01,1
31476,true,0.01,1
31486,true,0.01,1
31496,true,0.01,1
31505,true,0.01,1
31518,true,0.01,1
31528,true,0.01,1
31538,true,0.01,1
31548,true,0.01,1
31558,true,0.01,1
31567,true,0.01,1
31577,true,0.01,1
31590,true,0.01,1
31602,false,0.01,1
31612,true,0.01,1
31622,true,0.01,1
31634,true,0.01,1
31645,false,0.01,1
31654,false,0.01,1
31665,true,0.01,1
31675,true,0.01,1
31685,true,0.01,1
31698,true,0.01,1
31708,false,0.01,1
31716,true,0.01,1
31727,true,0.01,1
31738,true,0.01,1
31747,true,0.01,1
31758,true,0.01,1
31766,false,0.01,1
31777,true,0.01,1
31785,true,0.01,1
31794,true,0.01,1
31802,true,0.01,1
31810,true,0.01,1
31822,true,0.01,1
31824,true,0.01,1
31837,true,0.01,1
31845,true,0.01,1
31857,true,0.01,1
31864,true,0.01,1
31873,true,0.01,1
31883,true,0.01,1
31896,true,0.01,1
31907,false,0.01,1
31913,true,0.01,1
31921,true,0.01,1
31930,true,0.01,1
31938,true,0.01,1
31944,true,0.01,1
31951,true,0.01,1
31964,true,0.01,1
31973,true,0.01,1
31980,true,0.01,1
31987,true,0.01,1
32000,false,0.01,1
32009,true,0.01,1
32019,true,0.01,1
32026,true,0.01,1
32035,true,0.01,1
32041,true,0.01,1
32057,true,0.01,1
32066,true,0.01,1
32074,true,0.01,1
32081,false,0.01,1
32088,true,0.01,1
32100,true,0.01,1
32112,false,0.01,1
32115,true,0.01,1
32128,true,0.01,1
32136,true,0.01,1
32143,true,0.01,1
32156,true,0.01,1
32162,false,0.01,1
32170,true,0.01,1
32180,true,0.01,1
32185,true,0.01,1
32197,true,0.01,1
32206,true,0.01,1
32212,true,0.01,1
32227,true,0.01,1
32231,true,0.01,1
32246,false,0.01,1
32251,true,0.01,1
32259,true,0.01,1
32266,true,0.01,1
32275,true,0.01,1
32288,true,0.01,1
32295,true,0.01,1
32301,true,0.01,1
32312,true,0.01,1
32326,true,0.01,1
32336,false,0.01,1
32347,false,0.01,1
32349,true,0.01,1
32359,true,0.01,1
32372,true,0.01,1
32376,true,0.01,1
32386,true,0.01,1
32400,true,0.01,1
32409,true,0.01,1
32418,true,0.01,1
32428,true,0.01,1
32442,true,0.01,1
32451,true,0.01,1
32460,true,0.01,1
32466,true,0.01,1
32472,true,0.01,1
32487,false,0.01,1
32494,true,0.01,1
32503,true,0.01,1
32512,true,0.01,1
32520,true,0.01,1
32527,true,0.01,1
32542,true,0.01,1
32548,true,0.01,1
32556,true,0.01,1
32562,false,0.01,1
32571,false,0.01,1
32580,false,0.01,1
32583,true,0.01,1
32596,false,0.01,1
32603,true,0.01,1
32614,true,0.01,1
32618,true,0.01,1
32635,false,0.01,1
32638,true,0.01,1
32650,false,0.01,1
32655,true,0.01,1
32667,false,0.01,1
32672,true,0.01,1
32685,false,0.01,1
32694,false,0.01,1
32702,true,0.01,1
32711,true,0.01,1
32717,true,0.01,1
32731,false,0.01,1
32736,true,0.01,1
32743,true,0.01,1
32758,false,0.01,1
32761,true,0.01,1
32771,true,0.01,1
32783,true,0.01,1
32791,true,0.01,1
32798,true,0.01,1
32805,true,0.01,1
32813,true,0.01,1
32821,true,0.01,1
32829,true,0.01,1
32838,true,0.01,1
32846,true,0.01,1
32855,true,0.01,1
32862,true,0.01,1
32869,true,0.01,1
32881,true,0.01,1
32887,true,0.01,1
32899,true,0.01,1
32904,true,0.01,1
32912,true,0.01,1
32920,true,0.01,1
32928,true,0.01,1
32937,true,0.01,1
32944,true,0.01,1
32950,true,0.01,1
32960,true,0.01,1
32971,true,0.01,1
32978,true,0.01,1
32986,false,0.01,1
32994,false,0.01,1
33005,true,0.01,1
33014,true,0.01,1
33020,true,0.01,1
33028,true,0.01,1
33036,true,0.01,1
33045,true,0.01,1
33054,true,0.01,1
33061,true,0.01,1
33068,false,0.01,1
33076,true,0.01,1
33083,true,0.01,1
33091,true,0.01,1
33099,true,0.01,1
33107,true,0.01,1
33115,true,0.01,1
33123,true,0.01,1
33132,true,0.01,1
33139,true,0.01,1
33150,true,0.01,1
33156,true,0.01,1
33164,true,0.01,1
33172,true,0.01,1
33180,true,0.01,1
33188,true,0.01,1
33196,true,0.01,1
33204,true,0.01,1
33211,false,0.01,1
33219,false,0.01,1
33227,true,0.01,1
33235,true,0.01,1
33243,true,0.01,1
33251,true,0.01,1
33259,true,0.01,1
33267,true,0.01,1
33275,true,0.01,1
33283,true,0.01,1
33291,true,0.01,1
33299,true,0.01,1
33307,true,0.01,1
33315,true,0.01,1
33323,true,0.01,1
33331,true,0.01,1
33339,true,0.01,1
33348,true,0.01,1
33355,true,0.01,1
33362,true,0.01,1
33370,true,0.01,1
33378,true,0.01,1
33386,true,0.01,1
33394,true,0.01,1
33403,true,0.01,1
33409,true,0.01,1
33419,true,0.01,1
33428,true,0.01,1
33436,true,0.01,1
33444,true,0.01,1
33455,false,0.01,1
33464,false,0.01,1
33472,false,0.01,1
33480,false,0.01,1
33488,true,0.01,1
33496,true,0.01,1
33504,true,0.01,1
33512,true,0.01,1
33520,true,0.01,1
33528,true,0.01,1
33535,true,0.01,1
33543,false,0.01,1
33550,true,0.01,1
33557,true,0.01,1
33564,true,0.01,1
33568,true,0.01,1
33575,true,0.01,1
33581,true,0.01,1
33590,true,0.01,1
33598,true,0.01,1
33610,true,0.01,1
33614,true,0.01,1
33621,true,0.01,1
33628,true,0.01,1
33635,true,0.01,1
33641,true,0.01,1
33649,true,0.01,1
33656,true,0.01,1
33663,true,0.01,1
33668,true,0.01,1
33678,true,0.01,1
33683,true,0.01,1
33690,true,0.01,1
33694,true,0.01,1
33701,true,0.01,1
33708,true,0.01,1
33714,true,0.01,1
33721,true,0.01,1
33730,true,0.01,1
33737,true,0.01,1
33743,true,0.01,1
33750,true,0.01,1
33756,true,0.01,1
33765,true,0.01,1
33772,true,0.01,1
33779,true,0.01,1
33788,true,0.01,1
33796,true,0.01,1
33804,true,0.01,1
33811,true,0.01,1
33818,true,0.01,1
33825,true,0.01,1
33829,true,0.01,1
33836,true,0.01,1
33843,true,0.01,1
33847,true,0.01,1
33853,true,0.01,1
33857,true,0.01,1
33864,true,0.01,1
33871,true,0.01,1
33878,true,0.01,1
33885,true,0.01,1
33892,true,0.01,1
33899,true,0.01,1
33906,true,0.01,1
33913,true,0.01,1
33920,true,0.01,1
33930,true,0.01,1
33934,true,0.01,1
33941,true,0.01,1
33948,true,0.01,1
33955,true,0.01,1
33962,true,0.01,1
33969,true,0.01,1
33976,true,0.01,1
33983,true,0.01,1
33990,true,0.01,1
33997,true,0.01,1
34004,true,0.01,1
34011,true,0.01,1
34017,true,0.01,1
34024,true,0.01,1
34030,true,0.01,1
34039,true,0.01,1
34047,true,0.01,1
34054,true,0.01,1
34061,true,0.01,1
34068,true,0.01,1
34072,true,0.01,1
34079,true,0.01,1
34086,true,0.01,1
34090,true,0.01,1
34097,true,0.01,1
34103,true,0.01,1
34110,true,0.01,1
34117,true,0.01,1
34124,true,0.01,1
34131,true,0.01,1
34138,true,0.01,1
34145,true,0.01,1
34152,true,0.01,1
34159,true,0.01,1
34166,true,0.01,1
34174,true,0.01,1
34181,true,0.01,1
34188,false,0.01,1
34195,true,0.01,1
34202,true,0.01,1
34209,true,0.01,1
34216,true,0.01,1
34223,true,0.01,1
34229,true,0.01,1
34236,true,0.01,1
34241,true,0.01,1
34249,true,0.01,1
34256,true,0.01,1
34263,false,0.01,1
34270,false,0.01,1
34277,false,0.01,1
34284,false,0.01,1
34290,false,0.01,1
34298,false,0.01,1
34303,false,0.01,1
34309,false,0.01,1
34318,false,0.01,1
34327,true,0.01,1
34334,true,0.01,1
34340,true,0.01,1
34347,false,0.01,1
34353,true,0.01,1
34359,false,0.01,1
34366,true,0.01,1
34373,true,0.01,1
34381,true,0.01,1
34388,true,0.01,1
34397,true,0.01,1
34403,true,0.01,1
34411,true,0.01,1
34417,true,0.01,1
34425,true,0.01,1
34432,true,0.01,1
34439,true,0.01,1
34446,true,0.01,1
34453,true,0.01,1
34460,true,0.01,1
34467,true,0.01,1
34475,true,0.01,1
34482,true,0.01,1
34489,true,0.01,1
34496,true,0.01,1
34504,true,0.01,1
34511,false,0.01,1
34518,false,0.01,1
34525,false,0.01,1
34532,false,0.01,1
34539,false,0.01,1
34546,false,0.01,1
34555,false,0.01,1
34562,true,0.01,1
34569,true,0.01,1
34576,false,0.01,1
34583,true,0.01,1
34590,false,0.01,1
34597,false,0.01,1
34605,false,0.01,1
34612,false,0.01,1
34619,false,0.01,1
34626,true,0.01,1
34633,true,0.01,1
34640,false,0.01,1
34649,false,0.01,1
34654,false,0.01,1
34663,true,0.01,1
34669,true,0.01,1
34677,true,0.01,1
34684,false,0.01,1
34691,true,0.01,1
34698,true,0.01,1
34705,true,0.01,1
34712,false,0.01,1
34719,false,0.01,1
34727,true,0.01,1
34734,true,0.01,1
34741,true,0.01,1
34745,true,0.01,1
34752,false,0.01,1
34758,false,0.01,1
34766,false,0.01,1
34773,false,0.01,1
34780,false,0.01,1
34787,true,0.01,1
34794,false,0.01,1
34802,false,0.01,1
34808,false,0.01,1
34815,false,0.01,1
34823,true,0.01,1
34830,true,0.01,1
34836,false,0.01,1
34842,false,0.01,1
34848,false,0.01,1
34854,false,0.01,1
34860,false,0.01,1
34866,false,0.01,1
34873,false,0.01,1
34879,false,0.01,1
34885,true,0.01,1
34891,false,0.01,1
34896,true,0.01,1
34902,true,0.01,1
34908,false,0.01,1
34915,false,0.01,1
34919,false,0.01,1
34925,false,0.01,1
34931,true,0.01,1
34937,false,0.01,1
34943,false,0.01,1
34949,true,0.01,1
34955,false,0.01,1
34961,false,0.01,1
34968,true,0.01,1
34973,false,0.01,1
34981,false,0.01,1
34987,true,0.01,1
34993,true,0.01,1
35000,true,0.01,1
35006,true,0.01,1
35011,true,0.01,1
35016,true,0.01,1
35023,true,0.01,1
35028,true,0.01,1
35036,true,0.01,1
35041,true,0.01,1
35048,false,0.01,1
35053,true,0.01,1
35059,true,0.01,1
35065,true,0.01,1
35072,true,0.01,1
35077,true,0.01,1
35083,true,0.01,1
35089,true,0.01,1
35095,true,0.01,1
35103,true,0.01,1
35107,true,0.01,1
35113,true,0.01,1
35118,true,0.01,1
35124,true,0.01,1
35130,true,0.01,1
35136,true,0.01,1
35143,true,0.01,1
35149,true,0.01,1
35154,false,0.01,1
35160,true,0.01,1
35166,true,0.01,1
35172,false,0.01,1
35178,true,0.01,1
35184,true,0.01,1
35190,false,0.01,1
35196,true,0.01,1
35202,true,0.01,1
35207,true,0.01,1
35213,true,0.01,1
35219,true,0.01,1
35226,true,0.01,1
35232,true,0.01,1
35238,true,0.01,1
35244,true,0.01,1
35251,true,0.01,1
35257,true,0.01,1
35264,false,0.01,1
35270,true,0.01,1
35275,true,0.01,1
35282,false,0.01,1
35286,true,0.01,1
35291,false,0.01,1
35297,true,0.01,1
35303,true,0.01,1
35308,true,0.01,1
35313,true,0.01,1
35319,true,0.01,1
35325,true,0.01,1
35331,true,0.01,1
35337,true,0.01,1
35342,true,0.01,1
35349,true,0.01,1
35355,true,0.01,1
35360,true,0.01,1
35366,true,0.01,1
35372,true,0.01,1
35378,true,0.01,1
35384,true,0.01,1
35390,true,0.01,1
35398,false,0.01,1
35403,true,0.01,1
35409,true,0.01,1
35414,true,0.01,1
35420,true,0.01,1
35426,true,0.01,1
35432,true,0.01,1
35438,true,0.01,1
35444,true,0.01,1
35450,true,0.01,1
35456,true,0.01,1
35462,true,0.01,1
35468,true,0.01,1
35473,true,0.01,1
35480,true,0.01,1
35486,true,0.01,1
35492,true,0.01,1
35499,true,0.01,1
35504,false,0.01,1
35510,true,0.01,1
35516,false,0.01,1
35520,true,0.01,1
35526,true,0.01,1
35532,true,0.01,1
35540,true,0.01,1
35546,true,0.01,1
35552,false,0.01,1
35556,true,0.01,1
35562,true,0.01,1
35568,true,0.01,1
35573,true,0.01,1
35579,true,0.01,1
35585,false,0.01,1
35591,true,0.01,1
35597,true,0.01,1
35604,true,0.01,1
35610,true,0.01,1
35616,true,0.01,1
35621,true,0.01,1
35627,true,0.01,1
35633,true,0.01,1
35639,true,0.01,1
35645,true,0.01,1
35651,false,0.01,1
35659,false,0.01,1
35665,true,0.01,1
35671,true,0.01,1
35677,false,0.01,1
35683,true,0.01,1
35689,true,0.01,1
35695,true,0.01,1
35701,true,0.01,1
35707,true,0.01,1
35713,true,0.01,1
35719,true,0.01,1
35725,true,0.01,1
35730,true,0.01,1
35738,true,0.01,1
35744,true,0.01,1
35751,true,0.01,1
35756,true,0.01,1
35762,true,0.01,1
35771,true,0.01,1
35777,true,0.01,1
35786,false,0.01,1
35792,true,0.01,1
35798,true,0.01,1
35804,true,0.01,1
35813,true,0.01,1
35817,true,0.01,1
35824,true,0.01,1
35831,true,0.01,1
35837,true,0.01,1
35843,true,0.01,1
35849,true,0.01,1
35855,true,0.01,1
35861,true,0.01,1
35867,true,0.01,1
35874,true,0.01,1
35880,true,0.01,1
35886,true,0.01,1
35892,true,0.01,1
35898,true,0.01,1
35904,true,0.01,1
35910,true,0.01,1
35916,true,0.01,1
35922,true,0.01,1
35928,true,0.01,1
35934,true,0.01,1
35940,true,0.01,1
35946,true,0.01,1
35952,true,0.01,1
35958,true,0.01,1
35963,true,0.01,1
35969,true,0.01,1
35975,false,0.01,1
35980,true,0.01,1
35986,true,0.01,1
35992,false,0.01,1
35997,true,0.01,1
36003,true,0.01,1
36008,true,0.01,1
36014,true,0.01,1
36021,true,0.01,1
36025,true,0.01,1
36031,true,0.01,1
36037,false,0.01,1
36042,true,0.01,1
36049,true,0.01,1
36052,true,0.01,1
36058,true,0.01,1
36065,true,0.01,1
36071,true,0.01,1
36077,true,0.01,1
36083,true,0.01,1
36089,true,0.01,1
36095,true,0.01,1
36101,true,0.01,1
36109,true,0.01,1
36115,true,0.01,1
36121,true,0.01,1
36126,true,0.01,1
36132,false,0.01,1
36138,true,0.01,1
36143,true,0.01,1
36149,true,0.01,1
36155,true,0.01,1
36161,true,0.01,1
36167,true,0.01,1
36173,true,0.01,1
36179,true,0.01,1
36186,true,0.01,1
36192,true,0.01,1
36198,true,0.01,1
36202,true,0.01,1
36208,false,0.01,1
36214,true,0.01,1
36220,true,0.01,1
36226,false,0.01,1
36231,true,0.01,1
36237,true,0.01,1
36241,true,0.01,1
36247,true,0.01,1
36253,false,0.01,1
36258,true,0.01,1
36263,true,0.01,1
36272,true,0.01,1
36280,true,0.01,1
36287,true,0.01,1
36293,true,0.01,1
36298,true,0.01,1
36304,true,0.01,1
36310,true,0.01,1
36316,true,0.01,1
36322,true,0.01,1
36328,true,0.01,1
36334,true,0.01,1
36341,true,0.01,1
36347,true,0.01,1
36353,true,0.01,1
36359,true,0.01,1
36365,true,0.01,1
36371,true,0.01,1
36377,false,0.01,1
36383,true,0.01,1
36389,true,0.01,1
36395,false,0.01,1
36401,true,0.01,1
36407,true,0.01,1
36413,false,0.01,1
36420,true,0.01,1
36426,true,0.01,1
36432,true,0.01,1
36438,true,0.01,1
36443,true,0.01,1
36450,false,0.01,1
36455,true,0.01,1
36461,true,0.01,1
36470,false,0.01,1
36473,true,0.01,1
36479,true,0.01,1
36486,false,0.01,1
36491,true,0.01,1
36495,false,0.01,1
36500,true,0.01,1
36507,true,0.01,1
36511,false,0.01,1
36517,true,0.01,1
36521,false,0.01,1
36527,false,0.01,1
36535,true,0.01,1
36540,true,0.01,1
36546,true,0.01,1
36552,true,0.01,1
36555,true,0.01,1
36561,true,0.01,1
36569,true,0.01,1
36574,true,0.01,1
36580,true,0.01,1
36586,true,0.01,1
36592,true,0.01,1
36598,true,0.01,1
36603,true,0.01,1
36610,true,0.01,1
36616,true,0.01,1
36622,true,0.01,1
36628,true,0.01,1
36634,true,0.01,1
36639,true,0.01,1
36645,true,0.01,1
36651,true,0.01,1
36657,true,0.01,1
36663,true,0.01,1
36669,true,0.01,1
36676,true,0.01,1
36682,true,0.01,1
36688,true,0.01,1
36696,false,0.01,1
36700,false,0.01,1
36706,true,0.01,1
36712,false,0.01,1
36719,false,0.01,1
36725,true,0.01,1
36731,true,0.01,1
36738,false,0.01,1
36744,false,0.01,1
36750,true,0.01,1
36753,false,0.01,1
36759,true,0.01,1
36762,false,0.01,1
36768,true,0.01,1
36774,true,0.01,1
36782,false,0.01,1
36787,true,0.01,1
36792,true,0.01,1
36800,false,0.01,1
36806,true,0.01,1
36812,true,0.01,1
36816,false,0.01,1
36822,true,0.01,1
36828,true,0.01,1
36834,false,0.01,1
36840,true,0.01,1
36843,false,0.01,1
36851,true,0.01,1
36857,false,0.01,1
36861,false,0.01,1
36867,true,0.01,1
36873,true,0.01,1
36880,false,0.01,1
36886,true,0.01,1
36891,true,0.01,1
36897,false,0.01,1
36903,true,0.01,1
36909,true,0.01,1
36914,true,0.01,1
36919,true,0.01,1
36925,false,0.01,1
36932,true,0.01,1
36936,true,0.01,1
36945,true,0.01,1
36951,false,0.01,1
36957,true,0.01,1
36961,false,0.01,1
36967,false,0.01,1
36973,true,0.01,1
36983,true,0.01,1
36989,false,0.01,1
36995,true,0.01,1
37001,true,0.01,1
37006,false,0.01,1
37012,true,0.01,1
37019,false,0.01,1
37024,false,0.01,1
37030,false,0.01,1
37036,true,0.01,1
37042,false,0.01,1
37048,true,0.01,1
37054,true,0.01,1
37060,false,0.01,1
37066,true,0.01,1
37070,false,0.01,1
37078,false,0.01,1
37082,true,0.01,1
37090,true,0.01,1
37096,false,0.01,1
37101,false,0.01,1
37106,false,0.01,1
37111,false,0.01,1
37116,true,0.01,1
37121,false,0.01,1
37128,true,0.01,1
37133,false,0.01,1
37138,false,0.01,1
37143,true,0.01,1
37148,true,0.01,1
37153,true,0.01,1
37158,false,0.01,1
37163,true,0.01,1
37168,false,0.01,1
37173,true,0.01,1
37178,false,0.01,1
37183,true,0.01,1
37188,false,0.01,1
37192,true,0.01,1
37197,false,0.01,1
37202,false,0.01,1
37206,false,0.01,1
37210,true,0.01,1
37215,false,0.01,1
37219,true,0.01,1
37224,false,0.01,1
37229,true,0.01,1
37235,false,0.01,1
37239,true,0.01,1
37245,true,0.01,1
37250,true,0.01,1
37254,true,0.01,1
37259,true,0.01,1
37264,true,0.01,1
37269,true,0.01,1
37274,true,0.01,1
37279,true,0.01,1
37284,true,0.01,1
37289,true,0.01,1
37294,true,0.01,1
37299,true,0.01,1
37304,true,0.01,1
37309,true,0.01,1
37314,true,0.01,1
37319,true,0.01,1
37324,true,0.01,1
37330,true,0.01,1
37335,true,0.01,1
37340,true,0.01,1
37344,true,0.01,1
37350,false,0.01,1
37354,true,0.01,1
37359,false,0.01,1
37364,true,0.01,1
37369,true,0.01,1
37374,true,0.01,1
37379,true,0.01,1
37384,true,0.01,1
37389,true,0.01,1
37394,true,0.01,1
37399,true,0.01,1
37404,true,0.01,1
37409,true,0.01,1
37414,true,0.01,1
37419,true,0.01,1
37424,false,0.01,1
37428,false,0.01,1
37433,false,0.01,1
37438,true,0.01,1
37443,true,0.01,1
37448,true,0.01,1
37453,true,0.01,1
37457,true,0.01,1
37463,true,0.01,1
37468,true,0.01,1
37473,true,0.01,1
37478,false,0.01,1
37483,true,0.01,1
37488,true,0.01,1
37493,true,0.01,1
37498,true,0.01,1
37504,true,0.01,1
37508,true,0.01,1
37513,true,0.01,1
37518,true,0.01,1
37523,true,0.01,1
37528,true,0.01,1
37533,true,0.01,1
37538,true,0.01,1
37543,true,0.01,1
37548,true,0.01,1
37553,true,0.01,1
37558,true,0.01,1
37563,true,0.01,1
37568,true,0.01,1
37573,true,0.01,1
37578,true,0.01,1
37584,false,0.01,1
37589,true,0.01,1
37594,false,0.01,1
37599,true,0.01,1
37604,false,0.01,1
37610,true,0.01,1
37615,true,0.01,1
37620,false,0.01,1
37625,true,0.01,1
37630,false,0.01,1
37635,true,0.01,1
37642,true,0.01,1
37647,false,0.01,1
37652,true,0.01,1
37657,true,0.01,1
37662,true,0.01,1
37667,false,0.01,1
37671,false,0.01,1
37676,false,0.01,1
37681,true,0.01,1
37686,true,0.01,1
37691,true,0.01,1
37696,true,0.01,1
37701,false,0.01,1
37705,true,0.01,1
37710,true,0.01,1
37716,true,0.01,1
37721,true,0.01,1
37726,true,0.01,1
37731,true,0.01,1
37736,true,0.01,1
37741,true,0.01,1
37746,false,0.01,1
37751,true,0.01,1
37756,true,0.01,1
37761,true,0.01,1
37766,true,0.01,1
37771,true,0.01,1
37776,true,0.01,1
37781,true,0.01,1
37786,true,0.01,1
37791,true,0.01,1
37796,true,0.01,1
37801,true,0.01,1
37806,true,0.01,1
37811,true,0.01,1
37815,true,0.01,1
37820,true,0.01,1
37825,true,0.01,1
37830,true,0.01,1
37834,true,0.01,1
37839,true,0.01,1
37843,true,0.01,1
37848,true,0.01,1
37853,true,0.01,1
37858,true,0.01,1
37862,true,0.01,1
37867,true,0.01,1
37872,false,0.01,1
37877,true,0.01,1
37882,true,0.01,1
37887,true,0.01,1
37892,true,0.01,1
37898,true,0.01,1
37903,true,0.01,1
37907,true,0.01,1
37912,true,0.01,1
37916,true,0.01,1
37923,true,0.01,1
37928,false,0.01,1
37931,true,0.01,1
37937,false,0.01,1
37941,true,0.01,1
37945,false,0.01,1
37950,true,0.01,1
37956,true,0.01,1
37960,true,0.01,1
37964,false,0.01,1
37968,true,0.01,1
37973,false,0.01,1
37977,true,0.01,1
37981,false,0.01,1
37988,true,0.01,1
37993,true,0.01,1
37998,true,0.01,1
38003,true,0.01,1
38010,true,0.01,1
38015,true,0.01,1
38020,true,0.01,1
38025,true,0.01,1
38030,true,0.01,1
38035,true,0.01,1
38041,true,0.01,1
38046,true,0.01,1
38051,true,0.01,1
38056,true,0.01,1
38061,true,0.01,1
38066,true,0.01,1
38071,true,0.01,1
38076,true,0.01,1
38081,true,0.01,1
38086,true,0.01,1
38091,true,0.01,1
38096,true,0.01,1
38101,true,0.01,1
38106,true,0.01,1
38111,true,0.01,1
38116,true,0.01,1
38121,true,0.01,1
38126,true,0.01,1
38132,true,0.01,1
38137,true,0.01,1
38142,true,0.01,1
38147,true,0.01,1
38152,false,0.01,1
38155,true,0.01,1
38162,false,0.01,1
38164,true,0.01,1
38169,false,0.01,1
38176,true,0.01,1
38181,true,0.01,1
38186,true,0.01,1
38191,true,0.01,1
38196,true,0.01,1
38202,true,0.01,1
38207,false,0.01,1
38210,true,0.01,1
38218,true,0.01,1
38222,true,0.01,1
38227,true,0.01,1
38232,true,0.01,1
38238,true,0.01,1
38243,true,0.01,1
38248,true,0.01,1
38254,true,0.01,1
38259,true,0.01,1
38264,true,0.01,1
38269,false,0.01,1
38275,true,0.01,1
38280,true,0.01,1
38283,true,0.01,1
38288,true,0.01,1
38295,true,0.01,1
38300,true,0.01,1
38305,true,0.01,1
38310,true,0.01,1
38315,true,0.01,1
38322,true,0.01,1
38326,true,0.01,1
38329,true,0.01,1
38333,true,0.01,1
38337,true,0.01,1
38341,true,0.01,1
38344,true,0.01,1
38348,true,0.01,1
38352,true,0.01,1
38356,true,0.01,1
38360,true,0.01,1
38365,true,0.01,1
38369,true,0.01,1
38373,true,0.01,1
38377,true,0.01,1
38381,true,0.01,1
38385,true,0.01,1
38389,true,0.01,1
38392,true,0.01,1
38397,true,0.01,1
38401,true,0.01,1
38405,false,0.01,1
38407,true,0.01,1
38413,false,0.01,1
38416,true,0.01,1
38419,true,0.01,1
38423,false,0.01,1
38427,true,0.01,1
38429,true,0.01,1
38433,true,0.01,1
38437,true,0.01,1
38441,false,0.01,1
38443,true,0.01,1
38447,true,0.01,1
38451,true,0.01,1
38455,true,0.01,1
38459,false,0.01,1
38462,true,0.01,1
38467,false,0.01,1
38470,true,0.01,1
38475,true,0.01,1
38480,false,0.01,1
38485,false,0.01,1
38488,true,0.01,1
38492,true,0.01,1
38496,true,0.01,1
38500,true,0.01,1
38504,true,0.01,1
38508,true,0.01,1
38512,true,0.01,1
38516,true,0.01,1
38520,true,0.01,1
38524,true,0.01,1
38528,true,0.01,1
38532,true,0.01,1
38536,true,0.01,1
38540,false,0.01,1
38544,true,0.01,1
38547,true,0.01,1
38551,true,0.01,1
38555,true,0.01,1
38559,true,0.01,1
38563,false,0.01,1
38567,false,0.01,1
38571,true,0.01,1
38575,true,0.01,1
38579,true,0.01,1
38583,true,0.01,1
38587,true,0.01,1
38591,true,0.01,1
38595,true,0.01,1
38599,true,0.01,1
38603,true,0.01,1
38607,true,0.01,1
38611,true,0.01,1
38615,true,0.01,1
38619,true,0.01,1
38623,true,0.01,1
38627,true,0.01,1
38631,true,0.01,1
38634,true,0.01,1
38639,false,0.01,1
38643,true,0.01,1
38646,false,0.01,1
38648,false,0.01,1
38652,false,0.01,1
38656,false,0.01,1
38660,true,0.01,1
38664,false,0.01,1
38666,false,0.01,1
38670,true,0.01,1
38671,true,0.01,1
38675,false,0.01,1
38679,false,0.01,1
38683,false,0.01,1
38687,true,0.01,1
38692,false,0.01,1
38694,true,0.01,1
38698,true,0.01,1
38702,false,0.01,1
38706,true,0.01,1
38710,false,0.01,1
38711,false,0.01,1
38715,true,0.01,1
38719,false,0.01,1
38723,false,0.01,1
38725,true,0.01,1
38730,true,0.01,1
38735,true,0.01,1
38739,true,0.01,1
38742,true,0.01,1
38746,true,0.01,1
38752,true,0.01,1
38755,true,0.01,1
38760,true,0.01,1
38764,false,0.01,1
38768,true,0.01,1
38772,true,0.01,1
38776,true,0.01,1
38780,true,0.01,1
38784,true,0.01,1
38786,true,0.01,1
38790,false,0.01,1
38794,true,0.01,1
38798,true,0.01,1
38802,false,0.01,1
38805,true,0.01,1
38809,true,0.01,1
38814,true,0.01,1
38819,true,0.01,1
38823,true,0.01,1
38826,true,0.01,1
38830,true,0.01,1
38834,true,0.01,1
38838,true,0.01,1
38841,true,0.01,1
38845,true,0.01,1
38849,true,0.01,1
38853,true,0.01,1
38857,true,0.01,1
38861,true,0.01,1
38865,true,0.01,1
38868,true,0.01,1
38873,true,0.01,1
38876,true,0.01,1
38881,false,0.01,1
38883,true,0.01,1
38887,true,0.01,1
38892,true,0.01,1
38896,true,0.01,1
38902,true,0.01,1
38906,true,0.01,1
38912,true,0.01,1
38915,true,0.01,1
38920,true,0.01,1
38924,true,0.01,1
38928,true,0.01,1
38933,true,0.01,1
38939,true,0.01,1
38941,true,0.01,1
38945,false,0.01,1
38949,true,0.01,1
38953,false,0.01,1
38955,true,0.01,1
38959,true,0.01,1
38963,false,0.01,1
38969,false,0.01,1
38974,true,0.01,1
38978,true,0.01,1
38980,true,0.01,1
38985,true,0.01,1
38989,true,0.01,1
38993,true,0.01,1
38997,false,0.01,1
39000,true,0.01,1
39002,true,0.01,1
39006,false,0.01,1
39010,true,0.01,1
39014,true,0.01,1
39018,true,0.01,1
39020,true,0.01,1
39024,true,0.01,1
39028,true,0.01,1
39033,true,0.01,1
39037,true,0.01,1
39041,true,0.01,1
39045,false,0.01,1
39049,false,0.01,1
39053,true,0.01,1
39058,false,0.01,1
39062,true,0.01,1
39066,true,0.01,1
39069,true,0.01,1
39073,true,0.01,1
39077,true,0.01,1
39081,true,0.01,1
39085,true,0.01,1
39089,true,0.01,1
39093,true,0.01,1
39097,true,0.01,1
39101,true,0.01,1
39105,true,0.01,1
39109,true,0.01,1
39114,true,0.01,1
39119,true,0.01,1
39123,false,0.01,1
39125,false,0.01,1
39131,false,0.01,1
39134,false,0.01,1
39138,true,0.01,1
39142,false,0.01,1
39146,true,0.01,1
39150,false,0.01,1
39151,false,0.01,1
39155,true,0.01,1
39159,false,0.01,1
39163,true,0.01,1
39166,true,0.01,1
39171,true,0.01,1
39175,true,0.01,1
39179,true,0.01,1
39185,true,0.01,1
39190,true,0.01,1
39194,true,0.01,1
39198,true,0.01,1
39201,true,0.01,1
39205,true,0.01,1
39209,false,0.01,1
39213,true,0.01,1
39217,true,0.01,1
39222,true,0.01,1
39226,true,0.01,1
39230,false,0.01,1
39234,true,0.01,1
39237,false,0.01,1
39241,true,0.01,1
39245,true,0.01,1
39249,true,0.01,1
39253,true,0.01,1
39257,true,0.01,1
39261,true,0.01,1
39264,true,0.01,1
39267,true,0.01,1
39271,true,0.01,1
39275,false,0.01,1
39279,true,0.01,1
39283,true,0.01,1
39287,false,0.01,1
39291,false,0.01,1
39295,true,0.01,1
39298,true,0.01,1
39302,false,0.01,1
39306,true,0.01,1
39310,false,0.01,1
39314,true,0.01,1
39318,false,0.01,1
39321,true,0.01,1
39325,true,0.01,1
39330,true,0.01,1
39334,true,0.01,1
39338,false,0.01,1
39342,true,0.01,1
39347,false,0.01,1
39351,true,0.01,1
39354,false,0.01,1
39358,true,0.01,1
39363,false,0.01,1
39367,true,0.01,1
39372,true,0.01,1
39375,true,0.01,1
39380,true,0.01,1
39385,false,0.01,1
39390,true,0.01,1
39393,true,0.01,1
39398,true,0.01,1
39402,true,0.01,1
39406,true,0.01,1
39410,true,0.01,1
39414,true,0.01,1
39418,true,0.01,1
39422,false,0.01,1
39427,true,0.01,1
39431,false,0.01,1
39435,true,0.01,1
39439,true,0.01,1
39442,true,0.01,1
39446,true,0.01,1
39450,true,0.01,1
39453,true,0.01,1
39457,true,0.01,1
39462,true,0.01,1
39466,true,0.01,1
39470,true,0.01,1
39475,true,0.01,1
39479,true,0.01,1
39482,true,0.01,1
39486,true,0.01,1
39490,true,0.01,1
39494,true,0.01,1
39498,true,0.01,1
39503,true,0.01,1
39507,true,0.01,1
39510,true,0.01,1
39514,true,0.01,1
39518,true,0.01,1
39522,true,0.01,1
39526,true,0.01,1
39530,true,0.01,1
39534,true,0.01,1
39537,false,0.01,1
39542,true,0.01,1
39546,false,0.01,1
39550,true,0.01,1
39554,true,0.01,1
39558,true,0.01,1
39562,true,0.01,1
39566,true,0.01,1
39570,true,0.01,1
39574,true,0.01,1
39578,true,0.01,1
39582,true,0.01,1
39586,true,0.01,1
39590,true,0.01,1
39594,true,0.01,1
39598,true,0.01,1
39602,true,0.01,1
39606,true,0.01,1
39610,true,0.01,1
39614,true,0.01,1
39618,true,0.01,1
39623,true,0.01,1
39628,true,0.01,1
39632,true,0.01,1
39636,true,0.01,1
39640,true,0.01,1
39644,true,0.01,1
39648,true,0.01,1
39652,true,0.01,1
39656,false,0.01,1
39659,true,0.01,1
39663,true,0.01,1
39668,true,0.01,1
39672,true,0.01,1
39676,true,0.01,1
39680,true,0.01,1
39684,true,0.01,1
39688,true,0.01,1
39692,true,0.01,1
39696,true,0.01,1
39700,true,0.01,1
39704,true,0.01,1
39708,true,0.01,1
39712,true,0.01,1
39716,true,0.01,1
39720,true,0.01,1
39724,true,0.01,1
39728,true,0.01,1
39732,true,0.01,1
39736,true,0.01,1
39740,true,0.01,1
39745,true,0.01,1
39749,true,0.01,1
39753,true,0.01,1
39757,true,0.01,1
39761,true,0.01,1
39765,true,0.01,1
39769,true,0.01,1
39772,true,0.01,1
39776,true,0.01,1
39781,false,0.01,1
39786,true,0.01,1
39790,false,0.01,1
39794,true,0.01,1
39798,true,0.01,1
39802,true,0.01,1
39806,true,0.01,1
39810,true,0.01,1
39814,true,0.01,1
39818,true,0.01,1
39820,true,0.01,1
39824,true,0.01,1
39828,true,0.01,1
39832,true,0.01,1
39836,true,0.01,1
39840,true,0.01,1
39844,true,0.01,1
39848,true,0.01,1
39852,true,0.01,1
39856,true,0.01,1
39860,true,0.01,1
39864,true,0.01,1
39868,true,0.01,1
39872,false,0.01,1
39877,true,0.01,1
39881,true,0.01,1
39886,true,0.01,1
39890,false,0.01,1
39894,true,0.01,1
39898,true,0.01,1
39901,true,0.01,1
39904,true,0.01,1
39909,true,0.01,1
39912,true,0.01,1
39916,true,0.01,1
39921,true,0.01,1
39924,true,0.01,1
39929,true,0.01,1
39933,true,0.01,1
39937,true,0.01,1
39941,true,0.01,1
39945,true,0.01,1
39948,true,0.01,1
39951,true,0.01,1
39955,true,0.01,1
39959,true,0.01,1
39964,true,0.01,1
39967,true,0.01,1
39971,true,0.01,1
39976,true,0.01,1
39980,true,0.01,1
39984,true,0.01,1
39988,true,0.01,1
39992,true,0.01,1
39996,true,0.01,1
40000,true,0.01,1
40004,true,0.01,1
40008,true,0.01,1
40012,true,0.01,1
40015,true,0.01,1
40020,false,0.01,1
#---------- Wed Nov 30 17:31:02 PST 2022 ----------
#Format: Task Counter Number,Did Simulation Succeed,Last Step Size Used,Number of Simulations Attempted
43783,true,0.01,1
43792,true,0.01,1
43801,true,0.01,1
43814,false,0.01,1
43822,true,0.01,1
43832,false,0.01,1
43842,true,0.01,1
43855,true,0.01,1
43863,true,0.01,1
43869,true,0.01,1
43883,true,0.01,1
43893,true,0.01,1
43903,false,0.01,1
43914,true,0.01,1
43923,true,0.01,1
43932,true,0.01,1
43942,true,0.01,1
43952,true,0.01,1
43962,true,0.01,1
43974,true,0.01,1
43984,false,0.01,1
43994,false,0.01,1
44003,false,0.01,1
44009,true,0.01,1
44020,false,0.01,1
44027,true,0.01,1
44039,true,0.01,1
44049,true,0.01,1
44059,true,0.01,1
44069,true,0.01,1
44079,true,0.01,1
44089,true,0.01,1
44099,true,0.01,1
44109,true,0.01,1
44120,false,0.01,1
44130,true,0.01,1
44140,true,0.01,1
44148,true,0.01,1
44158,true,0.01,1
44167,true,0.01,1
44176,true,0.01,1
44184,true,0.01,1
44190,false,0.01,1
44204,true,0.01,1
44213,true,0.01,1
44221,true,0.01,1
44233,true,0.01,1
44239,true,0.01,1
44252,true,0.01,1
44260,true,0.01,1
44273,false,0.01,1
44278,true,0.01,1
44287,true,0.01,1
44296,true,0.01,1
44305,true,0.01,1
44314,true,0.01,1
44324,true,0.01,1
44332,true,0.01,1
44340,true,0.01,1
44349,true,0.01,1
44358,true,0.01,1
44366,true,0.01,1
44375,true,0.01,1
44384,true,0.01,1
44392,true,0.01,1
44400,true,0.01,1
44409,true,0.01,1
44416,true,0.01,1
44426,true,0.01,1
44434,true,0.01,1
44446,true,0.01,1
44455,true,0.01,1
44462,true,0.01,1
44473,true,0.01,1
44480,false,0.01,1
44489,false,0.01,1
44492,false,0.01,1
44500,true,0.01,1
44514,false,0.01,1
44525,false,0.01,1
44527,true,0.01,1
44537,true,0.01,1
44549,true,0.01,1
44555,false,0.01,1
44561,false,0.01,1
44569,false,0.01,1
44576,true,0.01,1
44583,true,0.01,1
44591,true,0.01,1
44601,true,0.01,1
44610,true,0.01,1
44616,true,0.01,1
44623,true,0.01,1
44633,true,0.01,1
44642,true,0.01,1
44649,true,0.01,1
44657,true,0.01,1
44665,true,0.01,1
44673,true,0.01,1
44681,true,0.01,1
44689,true,0.01,1
44697,true,0.01,1
44703,true,0.01,1
44711,true,0.01,1
44720,true,0.01,1
44727,true,0.01,1
44733,true,0.01,1
44741,false,0.01,1
44749,false,0.01,1
44757,false,0.01,1
44766,false,0.01,1
44774,true,0.01,1
44782,true,0.01,1
44788,true,0.01,1
44798,false,0.01,1
44803,false,0.01,1
44810,true,0.01,1
44818,true,0.01,1
44826,true,0.01,1
44834,true,0.01,1
44840,true,0.01,1
44851,true,0.01,1
44857,true,0.01,1
44867,false,0.01,1
44873,true,0.01,1
44881,true,0.01,1
44889,true,0.01,1
44895,true,0.01,1
44900,true,0.01,1
44908,true,0.01,1
44916,true,0.01,1
44924,true,0.01,1
44932,true,0.01,1
44940,true,0.01,1
44947,true,0.01,1
44957,false,0.01,1
44961,true,0.01,1
44969,true,0.01,1
44979,true,0.01,1
44985,true,0.01,1
44993,false,0.01,1
44999,true,0.01,1
45007,true,0.01,1
45015,true,0.01,1
45020,false,0.01,1
45026,true,0.01,1
45034,true,0.01,1
45040,true,0.01,1
45048,true,0.01,1
45055,false,0.01,1
45061,true,0.01,1
45069,true,0.01,1
45077,true,0.01,1
45086,true,0.01,1
45095,true,0.01,1
45102,true,0.01,1
45109,true,0.01,1
45120,true,0.01,1
45126,true,0.01,1
45135,true,0.01,1
45143,true,0.01,1
45151,true,0.01,1
45159,true,0.01,1
45166,true,0.01,1
45176,true,0.01,1
45183,true,0.01,1
45188,true,0.01,1
45196,true,0.01,1
45208,false,0.01,1
45210,true,0.01,1
45222,false,0.01,1
45229,false,0.01,1
45242,true,0.01,1
45248,true,0.01,1
45260,true,0.01,1
45265,true,0.01,1
45276,true,0.01,1
45281,false,0.01,1
45292,true,0.01,1
45298,false,0.01,1
45306,false,0.01,1
45314,true,0.01,1
45323,false,0.01,1
45331,true,0.01,1
45339,true,0.01,1
45345,true,0.01,1
45350,true,0.01,1
45359,true,0.01,1
45366,true,0.01,1
45374,false,0.01,1
45379,true,0.01,1
45391,true,0.01,1
45397,true,0.01,1
45407,true,0.01,1
45416,true,0.01,1
45423,true,0.01,1
45431,true,0.01,1
45439,true,0.01,1
45447,true,0.01,1
45455,false,0.01,1
45465,true,0.01,1
45470,false,0.01,1
45478,false,0.01,1
45484,true,0.01,1
45489,true,0.01,1
45500,false,0.01,1
45512,true,0.01,1
45516,true,0.01,1
45527,false,0.01,1
45534,true,0.01,1
45540,false,0.01,1
45548,true,0.01,1
45556,true,0.01,1
45564,true,0.01,1
45572,true,0.01,1
45576,true,0.01,1
45586,true,0.01,1
45599,true,0.01,1
45604,true,0.01,1
45616,true,0.01,1
45623,true,0.01,1
45630,true,0.01,1
45638,false,0.01,1
45646,false,0.01,1
45654,true,0.01,1
45662,true,0.01,1
45671,true,0.01,1
45679,true,0.01,1
45686,false,0.01,1
45694,false,0.01,1
45702,false,0.01,1
45705,true,0.01,1
45714,true,0.01,1
45724,true,0.01,1
45734,true,0.01,1
45742,true,0.01,1
45750,true,0.01,1
45762,true,0.01,1
45767,false,0.01,1
45775,true,0.01,1
45786,true,0.01,1
45792,true,0.01,1
45803,true,0.01,1
45814,true,0.01,1
45819,true,0.01,1
45829,true,0.01,1
45840,true,0.01,1
45845,false,0.01,1
45853,false,0.01,1
45860,false,0.01,1
45868,true,0.01,1
45874,true,0.01,1
45883,true,0.01,1
45892,true,0.01,1
45900,true,0.01,1
45909,true,0.01,1
45917,false,0.01,1
45925,false,0.01,1
45933,true,0.01,1
45941,true,0.01,1
45949,true,0.01,1
45955,true,0.01,1
45961,true,0.01,1
45969,true,0.01,1
45977,true,0.01,1
45985,true,0.01,1
45993,true,0.01,1
46001,false,0.01,1
46007,true,0.01,1
46015,true,0.01,1
46023,true,0.01,1
46031,true,0.01,1
46039,true,0.01,1
46045,true,0.01,1
46054,true,0.01,1
46066,true,0.01,1
46072,true,0.01,1
46081,true,0.01,1
46090,false,0.01,1
46097,true,0.01,1
46105,true,0.01,1
46112,true,0.01,1
46119,true,0.01,1
46126,true,0.01,1
46133,true,0.01,1
46140,true,0.01,1
46146,true,0.01,1
46154,true,0.01,1
46161,true,0.01,1
46167,true,0.01,1
46174,true,0.01,1
46179,true,0.01,1
46187,true,0.01,1
46193,true,0.01,1
46201,true,0.01,1
46207,true,0.01,1
46213,true,0.01,1
46220,true,0.01,1
46227,true,0.01,1
46234,true,0.01,1
46241,true,0.01,1
46248,true,0.01,1
46254,true,0.01,1
46260,true,0.01,1
46267,true,0.01,1
46274,true,0.01,1
46281,true,0.01,1
46288,true,0.01,1
46295,true,0.01,1
46302,true,0.01,1
46309,true,0.01,1
46316,true,0.01,1
46324,true,0.01,1
46331,true,0.01,1
46338,true,0.01,1
46345,true,0.01,1
46350,false,0.01,1
46357,true,0.01,1
46364,true,0.01,1
46371,true,0.01,1
46378,true,0.01,1
46385,true,0.01,1
46392,true,0.01,1
46399,true,0.01,1
46406,true,0.01,1
46413,true,0.01,1
46420,true,0.01,1
46427,true,0.01,1
46434,true,0.01,1
46443,true,0.01,1
46449,true,0.01,1
46457,true,0.01,1
46464,true,0.01,1
46471,true,0.01,1
46478,true,0.01,1
46485,true,0.01,1
46492,true,0.01,1
46499,true,0.01,1
46506,true,0.01,1
46513,true,0.01,1
46520,true,0.01,1
46527,true,0.01,1
46534,true,0.01,1
46541,true,0.01,1
46548,true,0.01,1
46556,true,0.01,1
46562,true,0.01,1
46569,true,0.01,1
46575,false,0.01,1
46582,true,0.01,1
46589,true,0.01,1
46595,false,0.01,1
46602,false,0.01,1
46608,true,0.01,1
46614,true,0.01,1
46619,true,0.01,1
46625,true,0.01,1
46631,true,0.01,1
46637,true,0.01,1
46643,true,0.01,1
46649,true,0.01,1
46655,true,0.01,1
46661,true,0.01,1
46667,false,0.01,1
46671,true,0.01,1
46677,true,0.01,1
46682,true,0.01,1
46688,true,0.01,1
46694,true,0.01,1
46700,true,0.01,1
46706,true,0.01,1
46712,true,0.01,1
46721,true,0.01,1
46728,true,0.01,1
46734,true,0.01,1
46742,true,0.01,1
46748,true,0.01,1
46752,true,0.01,1
46758,true,0.01,1
46765,true,0.01,1
46772,true,0.01,1
46778,true,0.01,1
46784,true,0.01,1
46789,true,0.01,1
46795,true,0.01,1
46800,true,0.01,1
46806,true,0.01,1
46812,true,0.01,1
46819,true,0.01,1
46825,true,0.01,1
46831,true,0.01,1
46837,true,0.01,1
46844,true,0.01,1
46850,true,0.01,1
46854,true,0.01,1
46862,true,0.01,1
46867,true,0.01,1
46872,true,0.01,1
46880,true,0.01,1
46886,true,0.01,1
46892,true,0.01,1
46896,true,0.01,1
46902,true,0.01,1
46908,false,0.01,1
46914,true,0.01,1
46920,true,0.01,1
46924,true,0.01,1
46931,true,0.01,1
46937,true,0.01,1
46945,true,0.01,1
46952,true,0.01,1
46958,true,0.01,1
46964,true,0.01,1
46973,true,0.01,1
46980,true,0.01,1
46986,true,0.01,1
46992,true,0.01,1
46998,true,0.01,1
47006,true,0.01,1
47012,true,0.01,1
47018,true,0.01,1
47024,true,0.01,1
47030,true,0.01,1
47036,true,0.01,1
47042,true,0.01,1
47048,true,0.01,1
47054,true,0.01,1
47060,true,0.01,1
47066,true,0.01,1
47072,true,0.01,1
47078,true,0.01,1
47084,true,0.01,1
47090,true,0.01,1
47096,true,0.01,1
47102,true,0.01,1
47108,true,0.01,1
47114,true,0.01,1
47119,true,0.01,1
47125,true,0.01,1
47132,true,0.01,1
47139,true,0.01,1
47147,true,0.01,1
47150,true,0.01,1
47155,true,0.01,1
47161,true,0.01,1
47169,true,0.01,1
47175,true,0.01,1
47183,true,0.01,1
47185,true,0.01,1
47191,true,0.01,1
47198,true,0.01,1
47206,true,0.01,1
47212,true,0.01,1
47219,true,0.01,1
47225,true,0.01,1
47231,true,0.01,1
47237,true,0.01,1
47243,true,0.01,1
47247,true,0.01,1
47254,true,0.01,1
47261,true,0.01,1
47267,true,0.01,1
47273,true,0.01,1
47279,true,0.01,1
47285,true,0.01,1
47292,true,0.01,1
47298,true,0.01,1
47304,true,0.01,1
47310,true,0.01,1
47316,true,0.01,1
47322,true,0.01,1
47328,true,0.01,1
47334,true,0.01,1
47340,true,0.01,1
47347,true,0.01,1
47354,true,0.01,1
47359,true,0.01,1
47365,true,0.01,1
47371,true,0.01,1
47377,true,0.01,1
47383,true,0.01,1
47389,false,0.01,1
47395,false,0.01,1
47402,true,0.01,1
47408,true,0.01,1
47414,true,0.01,1
47420,true,0.01,1
47426,true,0.01,1
47431,true,0.01,1
47436,true,0.01,1
47442,false,0.01,1
47449,false,0.01,1
47455,true,0.01,1
47461,true,0.01,1
47467,true,0.01,1
47473,true,0.01,1
47479,true,0.01,1
47484,true,0.01,1
47491,true,0.01,1
47496,true,0.01,1
47503,true,0.01,1
47509,true,0.01,1
47515,true,0.01,1
47520,true,0.01,1
47526,true,0.01,1
47534,true,0.01,1
47540,true,0.01,1
47546,true,0.01,1
47551,true,0.01,1
47557,true,0.01,1
47563,false,0.01,1
47569,true,0.01,1
47575,true,0.01,1
47581,false,0.01,1
47587,true,0.01,1
47593,true,0.01,1
47599,true,0.01,1
47607,true,0.01,1
47611,true,0.01,1
47618,true,0.01,1
47625,true,0.01,1
47629,false,0.01,1
47635,true,0.01,1
47643,true,0.01,1
47649,true,0.01,1
47654,true,0.01,1
47661,true,0.01,1
47668,true,0.01,1
47672,false,0.01,1
47676,true,0.01,1
47682,true,0.01,1
47688,true,0.01,1
47694,true,0.01,1
47700,true,0.01,1
47707,true,0.01,1
47712,true,0.01,1
47718,true,0.01,1
47724,true,0.01,1
47730,true,0.01,1
47736,true,0.01,1
47742,false,0.01,1
47748,true,0.01,1
47754,true,0.01,1
47760,true,0.01,1
47766,true,0.01,1
47772,true,0.01,1
47778,true,0.01,1
47784,true,0.01,1
47790,true,0.01,1
47796,true,0.01,1
47802,true,0.01,1
47808,true,0.01,1
47814,true,0.01,1
47820,true,0.01,1
47826,true,0.01,1
47832,true,0.01,1
47838,true,0.01,1
47845,true,0.01,1
47851,true,0.01,1
47857,true,0.01,1
47864,true,0.01,1
47870,true,0.01,1
47876,true,0.01,1
47882,true,0.01,1
47888,true,0.01,1
47894,true,0.01,1
47900,true,0.01,1
47906,true,0.01,1
47911,true,0.01,1
47918,true,0.01,1
47924,true,0.01,1
47930,true,0.01,1
47936,true,0.01,1
47942,false,0.01,1
47948,true,0.01,1
47954,true,0.01,1
47960,false,0.01,1
47966,true,0.01,1
47972,true,0.01,1
47977,true,0.01,1
47983,true,0.01,1
47989,true,0.01,1
47993,true,0.01,1
47999,true,0.01,1
48005,true,0.01,1
48011,true,0.01,1
48017,true,0.01,1
48023,true,0.01,1
48027,true,0.01,1
48033,true,0.01,1
48039,false,0.01,1
48047,true,0.01,1
48052,true,0.01,1
48058,true,0.01,1
48064,true,0.01,1
48070,true,0.01,1
48076,false,0.01,1
48082,true,0.01,1
48088,true,0.01,1
48094,false,0.01,1
48102,true,0.01,1
48108,true,0.01,1
48115,true,0.01,1
48121,true,0.01,1
48127,true,0.01,1
48133,true,0.01,1
48140,true,0.01,1
48147,true,0.01,1
48152,false,0.01,1
48156,true,0.01,1
48162,true,0.01,1
48168,false,0.01,1
48174,true,0.01,1
48180,true,0.01,1
48186,false,0.01,1
48192,true,0.01,1
48198,true,0.01,1
48204,true,0.01,1
48210,true,0.01,1
48216,true,0.01,1
48221,true,0.01,1
48227,true,0.01,1
48232,true,0.01,1
48240,true,0.01,1
48246,true,0.01,1
48252,true,0.01,1
48257,true,0.01,1
48263,true,0.01,1
48269,true,0.01,1
48275,true,0.01,1
48281,true,0.01,1
48287,false,0.01,1
48292,true,0.01,1
48298,true,0.01,1
48304,false,0.01,1
48313,true,0.01,1
48319,true,0.01,1
48325,true,0.01,1
48329,true,0.01,1
48335,true,0.01,1
48341,true,0.01,1
48347,true,0.01,1
48353,true,0.01,1
48359,false,0.01,1
48363,true,0.01,1
48368,true,0.01,1
48375,true,0.01,1
48383,true,0.01,1
48388,true,0.01,1
48395,false,0.01,1
48401,true,0.01,1
48406,true,0.01,1
48412,false,0.01,1
48420,false,0.01,1
48426,true,0.01,1
48434,true,0.01,1
48437,true,0.01,1
48442,true,0.01,1
48450,true,0.01,1
48454,true,0.01,1
48460,true,0.01,1
48466,true,0.01,1
48472,true,0.01,1
48478,true,0.01,1
48484,true,0.01,1
48490,true,0.01,1
48496,true,0.01,1
48501,true,0.01,1
48507,true,0.01,1
48513,true,0.01,1
48520,false,0.01,1
48525,true,0.01,1
48532,true,0.01,1
48536,true,0.01,1
48542,true,0.01,1
48548,true,0.01,1
48554,true,0.01,1
48560,true,0.01,1
48566,true,0.01,1
48572,true,0.01,1
48578,true,0.01,1
48584,true,0.01,1
48591,true,0.01,1
48597,true,0.01,1
48602,false,0.01,1
48607,true,0.01,1
48613,true,0.01,1
48619,true,0.01,1
48626,true,0.01,1
48632,true,0.01,1
48637,false,0.01,1
48643,true,0.01,1
48649,true,0.01,1
48656,false,0.01,1
48661,true,0.01,1
48665,false,0.01,1
48669,true,0.01,1
48676,true,0.01,1
48683,true,0.01,1
48690,true,0.01,1
48696,true,0.01,1
48701,false,0.01,1
48706,false,0.01,1
48711,true,0.01,1
48717,true,0.01,1
48723,true,0.01,1
48729,true,0.01,1
48735,true,0.01,1
48741,true,0.01,1
48748,true,0.01,1
48753,true,0.01,1
48761,true,0.01,1
48767,true,0.01,1
48773,false,0.01,1
48780,false,0.01,1
48786,true,0.01,1
48792,true,0.01,1
48795,true,0.01,1
48803,true,0.01,1
48809,true,0.01,1
48815,true,0.01,1
48821,true,0.01,1
48827,true,0.01,1
48834,false,0.01,1
48841,true,0.01,1
48846,true,0.01,1
48852,true,0.01,1
48860,true,0.01,1
48866,true,0.01,1
48874,true,0.01,1
48880,false,0.01,1
48885,true,0.01,1
48891,true,0.01,1
48897,true,0.01,1
48904,true,0.01,1
48909,true,0.01,1
48914,true,0.01,1
48920,true,0.01,1
48926,true,0.01,1
48935,true,0.01,1
48941,true,0.01,1
48947,true,0.01,1
48953,true,0.01,1
48958,true,0.01,1
48965,true,0.01,1
48971,true,0.01,1
48977,true,0.01,1
48983,true,0.01,1
48989,true,0.01,1
48994,true,0.01,1
49002,true,0.01,1
49007,true,0.01,1
49014,true,0.01,1
49020,true,0.01,1
49026,true,0.01,1
49030,true,0.01,1
49037,true,0.01,1
49043,true,0.01,1
49050,true,0.01,1
49055,true,0.01,1
49061,true,0.01,1
49067,true,0.01,1
49071,true,0.01,1
49077,true,0.01,1
49083,true,0.01,1
49089,true,0.01,1
49095,true,0.01,1
49104,false,0.01,1
49112,true,0.01,1
49118,true,0.01,1
49124,false,0.01,1
49130,true,0.01,1
49136,true,0.01,1
49142,false,0.01,1
49148,true,0.01,1
49154,true,0.01,1
49161,true,0.01,1
49167,true,0.01,1
49173,true,0.01,1
49179,true,0.01,1
49185,true,0.01,1
49191,true,0.01,1
49197,true,0.01,1
49203,true,0.01,1
49209,true,0.01,1
49215,true,0.01,1
49221,true,0.01,1
49227,true,0.01,1
49233,true,0.01,1
49239,true,0.01,1
49245,true,0.01,1
49251,true,0.01,1
49257,true,0.01,1
49263,true,0.01,1
49269,true,0.01,1
49275,true,0.01,1
49281,true,0.01,1
49287,true,0.01,1
49293,true,0.01,1
49299,true,0.01,1
49305,true,0.01,1
49311,true,0.01,1
49317,true,0.01,1
49323,true,0.01,1
49329,true,0.01,1
49337,true,0.01,1
49343,true,0.01,1
49349,false,0.01,1
49355,true,0.01,1
49361,true,0.01,1
49367,true,0.01,1
49374,true,0.01,1
49381,true,0.01,1
49386,true,0.01,1
49392,true,0.01,1
49398,true,0.01,1
49403,false,0.01,1
49410,true,0.01,1
49416,true,0.01,1
49422,true,0.01,1
49428,true,0.01,1
49434,true,0.01,1
49440,true,0.01,1
49446,true,0.01,1
49452,true,0.01,1
49458,true,0.01,1
49464,true,0.01,1
49470,true,0.01,1
49476,true,0.01,1
49482,true,0.01,1
49488,true,0.01,1
49494,true,0.01,1
49499,false,0.01,1
49505,true,0.01,1
49510,true,0.01,1
49517,true,0.01,1
49522,true,0.01,1
49528,true,0.01,1
49534,false,0.01,1
49541,true,0.01,1
49547,true,0.01,1
49552,true,0.01,1
49558,true,0.01,1
49564,true,0.01,1
49570,true,0.01,1
49577,false,0.01,1
49582,false,0.01,1
49587,false,0.01,1
49593,true,0.01,1
49603,true,0.01,1
49611,true,0.01,1
49620,false,0.01,1
49629,true,0.01,1
49644,false,0.01,1
49647,false,0.01,1
49659,false,0.01,1
49670,true,0.01,1
49679,true,0.01,1
49689,true,0.01,1
49699,true,0.01,1
49709,true,0.01,1
49725,true,0.01,1
49735,true,0.01,1
49745,true,0.01,1
49756,true,0.01,1
49768,true,0.01,1
49777,true,0.01,1
49787,true,0.01,1
49797,true,0.01,1
49808,true,0.01,1
49816,false,0.01,1
49832,false,0.01,1
49841,false,0.01,1
49851,false,0.01,1
49860,false,0.01,1
49863,true,0.01,1
49872,true,0.01,1
49882,true,0.01,1
49891,true,0.01,1
49902,false,0.01,1
49909,true,0.01,1
49922,false,0.01,1
49932,true,0.01,1
49942,true,0.01,1
49956,false,0.01,1
49962,true,0.01,1
49972,true,0.01,1
49980,true,0.01,1
49993,false,0.01,1
50000,true,0.01,1
50014,true,0.01,1
50024,true,0.01,1
50034,true,0.01,1
50044,true,0.01,1
50054,true,0.01,1
50065,false,0.01,1
50075,false,0.01,1
50086,true,0.01,1
50096,true,0.01,1
50110,false,0.01,1
50119,false,0.01,1
50126,true,0.01,1
50139,true,0.01,1
50150,true,0.01,1
50159,true,0.01,1
50170,true,0.01,1
50178,true,0.01,1
50188,true,0.01,1
50198,true,0.01,1
50209,false,0.01,1
50219,false,0.01,1
50229,true,0.01,1
50239,true,0.01,1
50249,true,0.01,1
50259,true,0.01,1
50269,true,0.01,1
50281,false,0.01,1
50288,true,0.01,1
50302,true,0.01,1
50314,true,0.01,1
50325,false,0.01,1
50336,true,0.01,1
50349,true,0.01,1
50359,true,0.01,1
50369,false,0.01,1
50379,true,0.01,1
50389,true,0.01,1
50400,false,0.01,1
50414,true,0.01,1
50424,true,0.01,1
50431,true,0.01,1
50445,true,0.01,1
50457,true,0.01,1
50467,true,0.01,1
50476,true,0.01,1
50486,true,0.01,1
50496,true,0.01,1
50506,true,0.01,1
50515,true,0.01,1
50525,true,0.01,1
50534,true,0.01,1
50544,false,0.01,1
50547,true,0.01,1
50559,true,0.01,1
50573,false,0.01,1
50579,true,0.01,1
50591,false,0.01,1
50599,false,0.01,1
50607,true,0.01,1
50619,false,0.01,1
50623,true,0.01,1
50632,true,0.01,1
50644,true,0.01,1
50653,true,0.01,1
50664,true,0.01,1
50672,false,0.01,1
50680,true,0.01,1
50690,false,0.01,1
50700,true,0.01,1
50711,true,0.01,1
50721,true,0.01,1
50731,true,0.01,1
50741,true,0.01,1
50751,false,0.01,1
50761,true,0.01,1
50770,true,0.01,1
50779,true,0.01,1
50788,false,0.01,1
50799,true,0.01,1
50809,true,0.01,1
50819,true,0.01,1
50834,false,0.01,1
50840,true,0.01,1
50853,true,0.01,1
50862,true,0.01,1
50872,true,0.01,1
50882,true,0.01,1
50893,true,0.01,1
50903,true,0.01,1
50913,true,0.01,1
50923,true,0.01,1
50932,true,0.01,1
50942,false,0.01,1
50954,true,0.01,1
50963,true,0.01,1
50973,true,0.01,1
50984,true,0.01,1
50993,true,0.01,1
51002,true,0.01,1
51011,true,0.01,1
51020,true,0.01,1
51029,true,0.01,1
51038,true,0.01,1
51048,true,0.01,1
51054,true,0.01,1
51063,true,0.01,1
51071,true,0.01,1
51085,false,0.01,1
51095,false,0.01,1
51102,false,0.01,1
51111,true,0.01,1
51120,true,0.01,1
51131,false,0.01,1
51134,true,0.01,1
51145,true,0.01,1
51152,true,0.01,1
51163,true,0.01,1
51169,true,0.01,1
51180,true,0.01,1
51187,true,0.01,1
51196,true,0.01,1
51207,true,0.01,1
51215,true,0.01,1
51224,true,0.01,1
51233,true,0.01,1
51241,true,0.01,1
51248,true,0.01,1
51260,true,0.01,1
51269,true,0.01,1
51277,true,0.01,1
51287,true,0.01,1
51299,true,0.01,1
51309,false,0.01,1
51319,false,0.01,1
51324,true,0.01,1
51335,true,0.01,1
51341,true,0.01,1
51354,true,0.01,1
51364,false,0.01,1
51371,true,0.01,1
51380,true,0.01,1
51390,true,0.01,1
51400,false,0.01,1
51406,true,0.01,1
51412,true,0.01,1
51423,true,0.01,1
51430,true,0.01,1
51439,true,0.01,1
51449,false,0.01,1
51460,true,0.01,1
51468,true,0.01,1
51475,true,0.01,1
51485,true,0.01,1
51494,true,0.01,1
51500,true,0.01,1
51515,true,0.01,1
51523,true,0.01,1
51528,true,0.01,1
51538,true,0.01,1
51547,true,0.01,1
51559,true,0.01,1
51569,true,0.01,1
51576,true,0.01,1
51582,true,0.01,1
51593,true,0.01,1
51604,true,0.01,1
51613,true,0.01,1
51622,true,0.01,1
51632,true,0.01,1
51640,true,0.01,1
51647,true,0.01,1
51659,true,0.01,1
51665,true,0.01,1
51677,true,0.01,1
51684,true,0.01,1
51688,true,0.01,1
51702,true,0.01,1
51706,true,0.01,1
51722,true,0.01,1
51725,true,0.01,1
51739,true,0.01,1
51744,true,0.01,1
51755,true,0.01,1
51760,false,0.01,1
51769,false,0.01,1
51773,true,0.01,1
51788,false,0.01,1
51791,false,0.01,1
51806,false,0.01,1
51810,true,0.01,1
51817,true,0.01,1
51832,false,0.01,1
51838,true,0.01,1
51846,true,0.01,1
51856,true,0.01,1
51866,true,0.01,1
51876,false,0.01,1
51879,true,0.01,1
51889,true,0.01,1
51899,false,0.01,1
51910,true,0.01,1
51917,true,0.01,1
51927,true,0.01,1
51933,true,0.01,1
51943,true,0.01,1
51950,true,0.01,1
51961,true,0.01,1
51969,true,0.01,1
51975,true,0.01,1
51988,true,0.01,1
51996,true,0.01,1
52002,false,0.01,1
52011,false,0.01,1
52018,true,0.01,1
52026,true,0.01,1
52035,true,0.01,1
52041,true,0.01,1
52056,false,0.01,1
52060,true,0.01,1
52076,false,0.01,1
52079,true,0.01,1
52091,false,0.01,1
52102,true,0.01,1
52112,true,0.01,1
52122,true,0.01,1
52130,true,0.01,1
52144,true,0.01,1
52147,false,0.01,1
52156,true,0.01,1
52171,false,0.01,1
52180,true,0.01,1
52186,true,0.01,1
52192,true,0.01,1
52204,true,0.01,1
52211,true,0.01,1
52221,true,0.01,1
52228,true,0.01,1
52240,true,0.01,1
52245,false,0.01,1
52255,false,0.01,1
52263,false,0.01,1
52267,true,0.01,1
52278,true,0.01,1
52284,true,0.01,1
52298,true,0.01,1
52306,true,0.01,1
52313,true,0.01,1
52326,false,0.01,1
52331,false,0.01,1
52338,true,0.01,1
52349,true,0.01,1
52356,true,0.01,1
52364,true,0.01,1
52379,true,0.01,1
52382,true,0.01,1
52397,true,0.01,1
52404,true,0.01,1
52410,false,0.01,1
52422,false,0.01,1
52429,true,0.01,1
52436,true,0.01,1
52451,false,0.01,1
52452,true,0.01,1
52462,true,0.01,1
52475,true,0.01,1
52481,true,0.01,1
52492,true,0.01,1
52500,true,0.01,1
52513,true,0.01,1
52523,true,0.01,1
52529,true,0.01,1
52534,true,0.01,1
52549,true,0.01,1
52555,true,0.01,1
52566,true,0.01,1
52575,true,0.01,1
52582,true,0.01,1
52588,true,0.01,1
52597,true,0.01,1
52612,true,0.01,1
52618,true,0.01,1
52625,true,0.01,1
52639,true,0.01,1
52646,true,0.01,1
52656,true,0.01,1
52666,true,0.01,1
52670,false,0.01,1
52682,true,0.01,1
52693,true,0.01,1
52700,true,0.01,1
52707,true,0.01,1
52714,true,0.01,1
52726,true,0.01,1
52732,false,0.01,1
52743,true,0.01,1
52756,true,0.01,1
52762,true,0.01,1
52770,true,0.01,1
52784,true,0.01,1
52788,true,0.01,1
52802,true,0.01,1
52808,true,0.01,1
52813,true,0.01,1
52826,true,0.01,1
52832,true,0.01,1
52843,true,0.01,1
52850,true,0.01,1
52862,true,0.01,1
52870,true,0.01,1
52877,true,0.01,1
52890,true,0.01,1
52901,true,0.01,1
52908,true,0.01,1
52916,true,0.01,1
52924,true,0.01,1
52932,true,0.01,1
52940,false,0.01,1
52955,true,0.01,1
52964,true,0.01,1
52971,true,0.01,1
52979,true,0.01,1
52990,false,0.01,1
53000,true,0.01,1
53009,true,0.01,1
53016,true,0.01,1
53024,true,0.01,1
53029,true,0.01,1
53038,true,0.01,1
53050,true,0.01,1
53059,true,0.01,1
53067,true,0.01,1
53075,true,0.01,1
53086,true,0.01,1
53098,true,0.01,1
53106,true,0.01,1
53116,true,0.01,1
53123,true,0.01,1
53129,true,0.01,1
53140,true,0.01,1
53148,true,0.01,1
53154,false,0.01,1
53162,true,0.01,1
53169,true,0.01,1
53177,true,0.01,1
53184,true,0.01,1
53190,false,0.01,1
53196,true,0.01,1
53202,true,0.01,1
53207,true,0.01,1
53213,true,0.01,1
53219,true,0.01,1
53226,false,0.01,1
53235,true,0.01,1
53241,true,0.01,1
53247,true,0.01,1
53251,true,0.01,1
53256,true,0.01,1
53262,true,0.01,1
53268,true,0.01,1
53274,true,0.01,1
53278,true,0.01,1
53284,true,0.01,1
53290,false,0.01,1
53297,true,0.01,1
53302,true,0.01,1
53308,true,0.01,1
53314,true,0.01,1
53320,true,0.01,1
53326,true,0.01,1
53332,true,0.01,1
53338,true,0.01,1
53345,true,0.01,1
53351,true,0.01,1
53357,true,0.01,1
53362,true,0.01,1
53368,true,0.01,1
53374,true,0.01,1
53380,true,0.01,1
53386,true,0.01,1
53392,true,0.01,1
53398,true,0.01,1
53404,true,0.01,1
53410,true,0.01,1
53416,true,0.01,1
53423,true,0.01,1
53429,true,0.01,1
53435,true,0.01,1
53441,true,0.01,1
53445,true,0.01,1
53453,true,0.01,1
53458,true,0.01,1
53464,true,0.01,1
53470,false,0.01,1
53473,true,0.01,1
53479,false,0.01,1
53484,true,0.01,1
53490,true,0.01,1
53496,true,0.01,1
53502,true,0.01,1
53508,true,0.01,1
53513,true,0.01,1
53519,true,0.01,1
53525,true,0.01,1
53533,true,0.01,1
53542,true,0.01,1
53548,true,0.01,1
53554,true,0.01,1
53559,true,0.01,1
53566,true,0.01,1
53572,true,0.01,1
53578,true,0.01,1
53584,true,0.01,1
53591,true,0.01,1
53596,true,0.01,1
53604,true,0.01,1
53610,true,0.01,1
53616,true,0.01,1
53622,true,0.01,1
53628,true,0.01,1
53635,true,0.01,1
53641,true,0.01,1
53649,true,0.01,1
53655,true,0.01,1
53661,true,0.01,1
53667,true,0.01,1
53672,true,0.01,1
53678,true,0.01,1
53684,true,0.01,1
53688,true,0.01,1
53695,true,0.01,1
53702,true,0.01,1
53708,true,0.01,1
53714,true,0.01,1
53720,true,0.01,1
53726,true,0.01,1
53732,true,0.01,1
53740,false,0.01,1
53746,true,0.01,1
53752,true,0.01,1
53758,true,0.01,1
53765,true,0.01,1
53771,true,0.01,1
53777,true,0.01,1
53785,true,0.01,1
53791,true,0.01,1
53797,true,0.01,1
53803,true,0.01,1
53808,true,0.01,1
53814,true,0.01,1
53821,true,0.01,1
53827,true,0.01,1
53834,true,0.01,1
53840,true,0.01,1
53848,true,0.01,1
53854,true,0.01,1
53860,true,0.01,1
53866,true,0.01,1
53872,true,0.01,1
53878,true,0.01,1
53884,true,0.01,1
53889,true,0.01,1
53895,true,0.01,1
53902,true,0.01,1
53907,true,0.01,1
53914,true,0.01,1
53920,true,0.01,1
53927,true,0.01,1
53933,true,0.01,1
53939,true,0.01,1
53945,true,0.01,1
53951,false,0.01,1
53957,true,0.01,1
53962,false,0.01,1
53969,true,0.01,1
53975,false,0.01,1
53981,true,0.01,1
53987,true,0.01,1
53993,true,0.01,1
53998,true,0.01,1
54004,true,0.01,1
54010,true,0.01,1
54015,true,0.01,1
54021,true,0.01,1
54027,true,0.01,1
54033,true,0.01,1
54039,true,0.01,1
54045,true,0.01,1
54051,false,0.01,1
54059,true,0.01,1
54064,true,0.01,1
54071,true,0.01,1
54077,true,0.01,1
54081,true,0.01,1
54087,true,0.01,1
54093,true,0.01,1
54099,true,0.01,1
54105,true,0.01,1
54113,true,0.01,1
54118,true,0.01,1
54125,true,0.01,1
54132,true,0.01,1
54138,true,0.01,1
54144,true,0.01,1
54149,true,0.01,1
54155,true,0.01,1
54161,true,0.01,1
54170,true,0.01,1
54176,true,0.01,1
54182,true,0.01,1
54186,true,0.01,1
54192,true,0.01,1
54198,true,0.01,1
54206,true,0.01,1
54212,true,0.01,1
54215,true,0.01,1
54222,true,0.01,1
54230,true,0.01,1
54234,false,0.01,1
54242,true,0.01,1
54246,true,0.01,1
54252,true,0.01,1
54258,false,0.01,1
54265,true,0.01,1
54271,true,0.01,1
54278,true,0.01,1
54284,true,0.01,1
54290,true,0.01,1
54296,true,0.01,1
54302,true,0.01,1
54307,true,0.01,1
54313,true,0.01,1
54319,true,0.01,1
54326,true,0.01,1
54332,true,0.01,1
54337,true,0.01,1
54343,true,0.01,1
54349,true,0.01,1
54355,true,0.01,1
54362,true,0.01,1
54366,true,0.01,1
54372,true,0.01,1
54378,true,0.01,1
54384,true,0.01,1
54391,true,0.01,1
54396,true,0.01,1
54402,true,0.01,1
54409,true,0.01,1
54415,true,0.01,1
54421,true,0.01,1
54427,true,0.01,1
54433,true,0.01,1
54439,true,0.01,1
54445,true,0.01,1
54451,true,0.01,1
54457,false,0.01,1
54464,false,0.01,1
54470,true,0.01,1
54476,true,0.01,1
54482,true,0.01,1
54488,true,0.01,1
54494,true,0.01,1
54500,true,0.01,1
54506,true,0.01,1
54512,true,0.01,1
54516,true,0.01,1
54523,true,0.01,1
54529,false,0.01,1
54536,true,0.01,1
54542,true,0.01,1
54548,true,0.01,1
54554,true,0.01,1
54560,true,0.01,1
54566,false,0.01,1
54573,true,0.01,1
54581,true,0.01,1
54587,true,0.01,1
54593,true,0.01,1
54599,true,0.01,1
54604,true,0.01,1
54610,false,0.01,1
54616,true,0.01,1
54621,true,0.01,1
54626,true,0.01,1
54632,true,0.01,1
54638,true,0.01,1
54644,true,0.01,1
54651,true,0.01,1
54657,true,0.01,1
54663,true,0.01,1
54671,true,0.01,1
54677,false,0.01,1
54681,true,0.01,1
54687,true,0.01,1
54693,true,0.01,1
54701,true,0.01,1
54708,true,0.01,1
54713,false,0.01,1
54716,true,0.01,1
54722,false,0.01,1
54728,true,0.01,1
54734,true,0.01,1
54739,false,0.01,1
54746,true,0.01,1
54752,true,0.01,1
54758,false,0.01,1
54763,true,0.01,1
54769,true,0.01,1
54775,true,0.01,1
54781,false,0.01,1
54787,true,0.01,1
54792,true,0.01,1
54798,true,0.01,1
54804,true,0.01,1
54808,true,0.01,1
54814,true,0.01,1
54820,true,0.01,1
54825,true,0.01,1
54831,true,0.01,1
54838,false,0.01,1
54845,true,0.01,1
54851,true,0.01,1
54857,false,0.01,1
54864,false,0.01,1
54870,true,0.01,1
54876,true,0.01,1
54880,true,0.01,1
54886,true,0.01,1
54893,true,0.01,1
54898,true,0.01,1
54903,true,0.01,1
54907,true,0.01,1
54912,true,0.01,1
54917,true,0.01,1
54922,true,0.01,1
54927,true,0.01,1
54934,true,0.01,1
54939,true,0.01,1
54944,true,0.01,1
54949,true,0.01,1
54954,false,0.01,1
54959,true,0.01,1
54963,true,0.01,1
54969,true,0.01,1
54974,false,0.01,1
54978,true,0.01,1
54983,false,0.01,1
54988,true,0.01,1
54993,true,0.01,1
54999,true,0.01,1
55003,true,0.01,1
55008,true,0.01,1
55013,true,0.01,1
55018,true,0.01,1
55022,true,0.01,1
55027,true,0.01,1
55032,true,0.01,1
55037,true,0.01,1
55042,true,0.01,1
55047,true,0.01,1
55052,true,0.01,1
55058,true,0.01,1
55063,true,0.01,1
55068,true,0.01,1
55073,true,0.01,1
55078,true,0.01,1
55083,true,0.01,1
55088,true,0.01,1
55093,true,0.01,1
55097,true,0.01,1
55100,false,0.01,1
55105,true,0.01,1
55109,false,0.01,1
55113,true,0.01,1
55117,false,0.01,1
55121,true,0.01,1
55125,false,0.01,1
55129,true,0.01,1
55133,true,0.01,1
55137,true,0.01,1
55141,true,0.01,1
55145,true,0.01,1
55149,true,0.01,1
55153,false,0.01,1
55158,true,0.01,1
55161,false,0.01,1
55165,true,0.01,1
55169,true,0.01,1
55173,true,0.01,1
55177,true,0.01,1
55181,false,0.01,1
55184,true,0.01,1
55187,false,0.01,1
55191,true,0.01,1
55195,true,0.01,1
55199,false,0.01,1
55203,true,0.01,1
55207,false,0.01,1
55211,true,0.01,1
55213,true,0.01,1
55218,true,0.01,1
55222,true,0.01,1
55226,false,0.01,1
55230,true,0.01,1
55234,false,0.01,1
55238,true,0.01,1
55242,true,0.01,1
55246,true,0.01,1
55250,false,0.01,1
55254,true,0.01,1
55258,true,0.01,1
55262,true,0.01,1
55266,true,0.01,1
55270,true,0.01,1
55274,true,0.01,1
55278,true,0.01,1
55282,true,0.01,1
55286,true,0.01,1
55290,true,0.01,1
55294,true,0.01,1
55298,true,0.01,1
55302,true,0.01,1
55306,true,0.01,1
55310,true,0.01,1
55314,true,0.01,1
55318,true,0.01,1
55322,true,0.01,1
55326,true,0.01,1
55330,true,0.01,1
55334,false,0.01,1
55339,true,0.01,1
55342,false,0.01,1
55346,true,0.01,1
55351,false,0.01,1
55355,true,0.01,1
55358,true,0.01,1
55362,true,0.01,1
55367,true,0.01,1
55371,true,0.01,1
55374,true,0.01,1
55379,true,0.01,1
55382,true,0.01,1
55386,false,0.01,1
55390,true,0.01,1
55394,true,0.01,1
55398,true,0.01,1
55401,true,0.01,1
55404,true,0.01,1
55409,true,0.01,1
55412,true,0.01,1
55414,false,0.01,1
55416,true,0.01,1
55419,true,0.01,1
55422,false,0.01,1
55425,true,0.01,1
55428,true,0.01,1
55431,true,0.01,1
55436,true,0.01,1
55439,true,0.01,1
55442,false,0.01,1
55443,true,0.01,1
55446,true,0.01,1
55451,false,0.01,1
55452,true,0.01,1
55455,true,0.01,1
55458,true,0.01,1
55462,true,0.01,1
55465,true,0.01,1
55468,false,0.01,1
55470,true,0.01,1
55473,true,0.01,1
55475,true,0.01,1
55478,false,0.01,1
55480,true,0.01,1
55483,true,0.01,1
55486,false,0.01,1
55489,true,0.01,1
55492,true,0.01,1
55495,true,0.01,1
55498,true,0.01,1
55501,true,0.01,1
55504,false,0.01,1
55507,true,0.01,1
55510,true,0.01,1
55513,true,0.01,1
55516,true,0.01,1
55519,true,0.01,1
55522,true,0.01,1
55526,true,0.01,1
55529,true,0.01,1
55532,true,0.01,1
55535,true,0.01,1
55538,true,0.01,1
55541,true,0.01,1
55545,true,0.01,1
55548,true,0.01,1
55551,true,0.01,1
55554,true,0.01,1
55556,true,0.01,1
55560,true,0.01,1
55562,true,0.01,1
55565,true,0.01,1
55568,true,0.01,1
55571,true,0.01,1
55574,true,0.01,1
55577,true,0.01,1
55580,true,0.01,1
55584,false,0.01,1
55587,true,0.01,1
55590,true,0.01,1
55593,true,0.01,1
55596,true,0.01,1
55599,true,0.01,1
55602,true,0.01,1
55606,true,0.01,1
55609,true,0.01,1
55612,true,0.01,1
55615,true,0.01,1
55618,true,0.01,1
55621,true,0.01,1
55624,true,0.01,1
55627,true,0.01,1
55630,true,0.01,1
55633,true,0.01,1
55636,true,0.01,1
55639,true,0.01,1
55642,true,0.01,1
55645,true,0.01,1
55648,false,0.01,1
55651,true,0.01,1
55654,true,0.01,1
55657,false,0.01,1
55659,true,0.01,1
55662,true,0.01,1
55665,true,0.01,1
55668,true,0.01,1
55671,true,0.01,1
55674,true,0.01,1
55679,true,0.01,1
55682,true,0.01,1
55685,false,0.01,1
55688,true,0.01,1
55691,true,0.01,1
55694,false,0.01,1
55696,true,0.01,1
55699,true,0.01,1
55702,false,0.01,1
55705,true,0.01,1
55708,true,0.01,1
55711,false,0.01,1
55714,true,0.01,1
55717,true,0.01,1
55720,false,0.01,1
55723,true,0.01,1
55726,true,0.01,1
55729,true,0.01,1
55732,true,0.01,1
55735,true,0.01,1
55738,false,0.01,1
55740,true,0.01,1
55743,true,0.01,1
55746,true,0.01,1
55749,true,0.01,1
55752,true,0.01,1
55755,true,0.01,1
55758,true,0.01,1
55760,true,0.01,1
55763,true,0.01,1
55766,true,0.01,1
55770,true,0.01,1
55773,true,0.01,1
55776,true,0.01,1
55779,true,0.01,1
55782,true,0.01,1
55785,true,0.01,1
55788,true,0.01,1
55791,true,0.01,1
55794,true,0.01,1
55796,true,0.01,1
55798,true,0.01,1
55801,false,0.01,1
55804,true,0.01,1
55807,true,0.01,1
55810,true,0.01,1
55813,true,0.01,1
55816,true,0.01,1
55824,true,0.01,1
55832,true,0.01,1
55842,true,0.01,1
55851,true,0.01,1
55862,true,0.01,1
55871,true,0.01,1
55881,true,0.01,1
55891,false,0.01,1
55898,true,0.01,1
55911,true,0.01,1
55921,true,0.01,1
55931,true,0.01,1
55942,true,0.01,1
55951,true,0.01,1
55961,true,0.01,1
55970,true,0.01,1
55979,true,0.01,1
55989,true,0.01,1
55999,true,0.01,1
56009,true,0.01,1
56021,true,0.01,1
56033,true,0.01,1
56043,true,0.01,1
56053,true,0.01,1
56063,true,0.01,1
56074,true,0.01,1
56084,true,0.01,1
56094,true,0.01,1
56105,true,0.01,1
56115,true,0.01,1
56125,true,0.01,1
56135,false,0.01,1
56148,true,0.01,1
56162,true,0.01,1
56172,false,0.01,1
56184,true,0.01,1
56193,true,0.01,1
56202,true,0.01,1
56212,true,0.01,1
56219,false,0.01,1
56230,false,0.01,1
56242,true,0.01,1
56252,true,0.01,1
56262,true,0.01,1
56270,true,0.01,1
56285,true,0.01,1
56293,true,0.01,1
56304,true,0.01,1
56314,true,0.01,1
56324,true,0.01,1
56334,true,0.01,1
56344,true,0.01,1
56354,true,0.01,1
56366,true,0.01,1
56376,false,0.01,1
56383,false,0.01,1
56394,false,0.01,1
56399,true,0.01,1
56411,true,0.01,1
56421,false,0.01,1
56424,true,0.01,1
56436,true,0.01,1
56447,true,0.01,1
56455,true,0.01,1
56462,false,0.01,1
56475,false,0.01,1
56486,true,0.01,1
56497,true,0.01,1
56508,true,0.01,1
56517,true,0.01,1
56525,true,0.01,1
56535,false,0.01,1
56547,true,0.01,1
56557,true,0.01,1
56567,true,0.01,1
56577,true,0.01,1
56587,true,0.01,1
56597,true,0.01,1
56607,true,0.01,1
56617,true,0.01,1
56628,false,0.01,1
56634,true,0.01,1
56645,true,0.01,1
56656,true,0.01,1
56670,true,0.01,1
56677,true,0.01,1
56689,true,0.01,1
56698,true,0.01,1
56704,true,0.01,1
56717,false,0.01,1
56724,false,0.01,1
56736,true,0.01,1
56746,true,0.01,1
56756,true,0.01,1
56770,false,0.01,1
56778,true,0.01,1
56787,false,0.01,1
56794,true,0.01,1
56806,false,0.01,1
56815,false,0.01,1
56823,false,0.01,1
56832,false,0.01,1
56843,false,0.01,1
56856,true,0.01,1
56867,true,0.01,1
56877,false,0.01,1
56892,true,0.01,1
56902,true,0.01,1
56913,false,0.01,1
56921,false,0.01,1
56937,true,0.01,1
56947,true,0.01,1
56957,true,0.01,1
56968,true,0.01,1
56979,false,0.01,1
56991,true,0.01,1
57001,true,0.01,1
57010,true,0.01,1
57023,true,0.01,1
57033,false,0.01,1
57040,true,0.01,1
57051,false,0.01,1
57060,false,0.01,1
57070,false,0.01,1
57080,true,0.01,1
57091,true,0.01,1
57099,true,0.01,1
57109,true,0.01,1
57124,false,0.01,1
57129,true,0.01,1
57142,false,0.01,1
57149,false,0.01,1
57161,false,0.01,1
57171,true,0.01,1
57181,true,0.01,1
57195,false,0.01,1
57208,true,0.01,1
57217,true,0.01,1
57227,true,0.01,1
57237,true,0.01,1
57247,true,0.01,1
57257,true,0.01,1
57269,false,0.01,1
57279,true,0.01,1
57289,true,0.01,1
57299,true,0.01,1
57311,true,0.01,1
57321,false,0.01,1
57331,true,0.01,1
57339,false,0.01,1
57349,false,0.01,1
57359,false,0.01,1
57369,true,0.01,1
57379,true,0.01,1
57390,true,0.01,1
57402,false,0.01,1
57406,true,0.01,1
57416,false,0.01,1
57425,false,0.01,1
57438,false,0.01,1
57444,false,0.01,1
57452,true,0.01,1
57464,true,0.01,1
57474,false,0.01,1
57482,true,0.01,1
57492,true,0.01,1
57503,false,0.01,1
57511,false,0.01,1
57519,false,0.01,1
57526,true,0.01,1
57535,true,0.01,1
57545,true,0.01,1
57553,true,0.01,1
57561,true,0.01,1
57569,true,0.01,1
57576,true,0.01,1
57584,true,0.01,1
57594,true,0.01,1
57601,false,0.01,1
57607,true,0.01,1
57614,true,0.01,1
57624,true,0.01,1
57634,true,0.01,1
57641,false,0.01,1
57652,true,0.01,1
57661,true,0.01,1
57670,true,0.01,1
57676,true,0.01,1
57685,true,0.01,1
57696,true,0.01,1
57701,false,0.01,1
57708,true,0.01,1
57717,true,0.01,1
57727,true,0.01,1
57736,true,0.01,1
57745,true,0.01,1
57753,true,0.01,1
57761,false,0.01,1
57769,true,0.01,1
57777,true,0.01,1
57785,true,0.01,1
57794,true,0.01,1
57802,true,0.01,1
57810,true,0.01,1
57818,true,0.01,1
57828,true,0.01,1
57835,false,0.01,1
57844,false,0.01,1
57851,true,0.01,1
57861,false,0.01,1
57865,true,0.01,1
57877,true,0.01,1
57883,true,0.01,1
57892,true,0.01,1
57901,true,0.01,1
57908,false,0.01,1
57915,true,0.01,1
57924,true,0.01,1
57932,true,0.01,1
57940,true,0.01,1
57948,true,0.01,1
57955,true,0.01,1
57964,false,0.01,1
57974,true,0.01,1
57982,true,0.01,1
57989,false,0.01,1
57997,false,0.01,1
58005,true,0.01,1
58013,true,0.01,1
58021,true,0.01,1
58029,true,0.01,1
58037,true,0.01,1
58044,true,0.01,1
58052,true,0.01,1
58061,true,0.01,1
58071,true,0.01,1
58077,true,0.01,1
58087,false,0.01,1
58095,true,0.01,1
58103,true,0.01,1
58111,true,0.01,1
58119,true,0.01,1
58127,true,0.01,1
58134,true,0.01,1
58143,true,0.01,1
58152,true,0.01,1
58163,true,0.01,1
58172,true,0.01,1
58181,true,0.01,1
58189,true,0.01,1
58200,true,0.01,1
58206,true,0.01,1
58214,true,0.01,1
58226,true,0.01,1
58235,true,0.01,1
58245,true,0.01,1
58253,true,0.01,1
58259,true,0.01,1
58270,true,0.01,1
58278,true,0.01,1
58285,true,0.01,1
58295,true,0.01,1
58306,true,0.01,1
58313,true,0.01,1
58323,false,0.01,1
58331,false,0.01,1
58335,true,0.01,1
58343,true,0.01,1
58355,true,0.01,1
58364,true,0.01,1
58370,false,0.01,1
58376,false,0.01,1
58384,false,0.01,1
58388,true,0.01,1
58401,false,0.01,1
58407,true,0.01,1
58415,true,0.01,1
58427,false,0.01,1
58436,true,0.01,1
58445,true,0.01,1
58449,false,0.01,1
58461,false,0.01,1
58472,true,0.01,1
58478,false,0.01,1
58487,false,0.01,1
58492,true,0.01,1
58501,true,0.01,1
58510,true,0.01,1
58522,true,0.01,1
58527,true,0.01,1
58536,true,0.01,1
58545,true,0.01,1
58554,true,0.01,1
58563,false,0.01,1
58570,true,0.01,1
58580,false,0.01,1
58590,false,0.01,1
58593,false,0.01,1
58608,false,0.01,1
58614,true,0.01,1
58620,false,0.01,1
58635,false,0.01,1
58641,true,0.01,1
58647,true,0.01,1
58659,true,0.01,1
58669,true,0.01,1
58679,true,0.01,1
58685,true,0.01,1
58696,true,0.01,1
58703,true,0.01,1
58710,true,0.01,1
58718,true,0.01,1
58731,true,0.01,1
58739,false,0.01,1
58742,false,0.01,1
58750,true,0.01,1
58758,true,0.01,1
58766,true,0.01,1
58775,true,0.01,1
58783,true,0.01,1
58791,true,0.01,1
58797,true,0.01,1
58806,false,0.01,1
58813,true,0.01,1
58823,false,0.01,1
58833,false,0.01,1
58836,true,0.01,1
58851,false,0.01,1
58853,false,0.01,1
58861,false,0.01,1
58867,true,0.01,1
58875,true,0.01,1
58880,false,0.01,1
58888,false,0.01,1
58895,false,0.01,1
58903,true,0.01,1
58911,true,0.01,1
58917,true,0.01,1
58926,true,0.01,1
58935,true,0.01,1
58942,true,0.01,1
58956,true,0.01,1
58964,true,0.01,1
58971,false,0.01,1
58980,true,0.01,1
58989,true,0.01,1
58997,true,0.01,1
59005,true,0.01,1
59013,true,0.01,1
59022,true,0.01,1
59030,true,0.01,1
59038,true,0.01,1
59046,true,0.01,1
