TaskNumber,models/jawmodel/models/tongue/exciters/GGP:excitation,models/jawmodel/models/tongue/exciters/GGM:excitation,models/jawmodel/models/tongue/exciters/GGA:excitation,models/jawmodel/models/tongue/exciters/STY:excitation,models/jawmodel/models/tongue/exciters/GH:excitation,models/jawmodel/models/tongue/exciters/MH:excitation,models/jawmodel/models/tongue/exciters/HG:excitation,models/jawmodel/models/tongue/exciters/TRANS:excitation,models/jawmodel/models/tongue/exciters/VERT:excitation,models/jawmodel/models/tongue/exciters/SL:excitation,models/jawmodel/models/tongue/exciters/IL:excitation
43783,0.5,0,0.5,0,0,0,0,0.2,0.2,0.5,0.2
43792,0.5,0,0.5,0,0,0,0,0.2,0.5,0.5,0.2
43801,0.5,0,0.5,0,0,0,0,0.5,0,0.5,0.2
43814,0.5,0,0.5,0,0,0,0,0.5,0.5,0,0.5
43822,0.5,0,0.5,0,0,0,0.2,0,0,0,0.2
43832,0.5,0,0.5,0,0,0,0.2,0,0.2,0,0.5
43842,0.5,0,0.5,0,0,0,0.2,0,0.5,0.2,0
43855,0.5,0,0.5,0,0,0,0.2,0.2,0,0.5,0.2
43863,0.5,0,0.5,0,0,0,0.2,0.2,0.2,0.5,0
43869,0.5,0,0.5,0,0,0,0.2,0.2,0.5,0.2,0
43883,0.5,0,0.5,0,0,0,0.2,0.5,0,0.5,0.5
43893,0.5,0,0.5,0,0,0,0.2,0.5,0.5,0,0
43903,0.5,0,0.5,0,0,0,0.5,0,0,0,0.2
43914,0.5,0,0.5,0,0,0,0.5,0,0.2,0.2,0
43923,0.5,0,0.5,0,0,0,0.5,0,0.5,0.2,0
43932,0.5,0,0.5,0,0,0,0.5,0.2,0,0.2,0
43942,0.5,0,0.5,0,0,0,0.5,0.2,0.2,0.2,0.2
43952,0.5,0,0.5,0,0,0,0.5,0.2,0.5,0.2,0.5
43962,0.5,0,0.5,0,0,0,0.5,0.5,0,0.5,0
43974,0.5,0,0.5,0,0,0,0.5,0.5,0.5,0,0
43984,0.5,0,0.5,0,0,0.2,0,0,0,0,0.2
43994,0.5,0,0.5,0,0,0.2,0,0,0.2,0,0.5
44003,0.5,0,0.5,0,0,0.2,0,0,0.5,0,0.5
44009,0.5,0,0.5,0,0,0.2,0,0,0.5,0.5,0.5
44020,0.5,0,0.5,0,0,0.2,0,0.2,0.2,0,0.2
44027,0.5,0,0.5,0,0,0.2,0,0.2,0.2,0.5,0.5
44039,0.5,0,0.5,0,0,0.2,0,0.5,0,0,0.5
44049,0.5,0,0.5,0,0,0.2,0,0.5,0.2,0.2,0
44059,0.5,0,0.5,0,0,0.2,0,0.5,0.5,0.2,0.2
44069,0.5,0,0.5,0,0,0.2,0.2,0,0,0.2,0.5
44079,0.5,0,0.5,0,0,0.2,0.2,0,0.2,0.5,0
44089,0.5,0,0.5,0,0,0.2,0.2,0,0.5,0.5,0.2
44099,0.5,0,0.5,0,0,0.2,0.2,0.2,0,0.5,0.5
44109,0.5,0,0.5,0,0,0.2,0.2,0.2,0.5,0,0
44120,0.5,0,0.5,0,0,0.2,0.2,0.5,0,0,0.5
44130,0.5,0,0.5,0,0,0.2,0.2,0.5,0.2,0.2,0
44140,0.5,0,0.5,0,0,0.2,0.2,0.5,0.5,0.2,0.2
44148,0.5,0,0.5,0,0,0.2,0.5,0,0,0.2,0
44158,0.5,0,0.5,0,0,0.2,0.5,0,0.2,0.2,0.2
44167,0.5,0,0.5,0,0,0.2,0.5,0,0.5,0.2,0.2
44176,0.5,0,0.5,0,0,0.2,0.5,0.2,0,0.2,0.2
44184,0.5,0,0.5,0,0,0.2,0.5,0.2,0.2,0.2,0
44190,0.5,0,0.5,0,0,0.2,0.5,0.2,0.5,0,0
44204,0.5,0,0.5,0,0,0.2,0.5,0.5,0,0.2,0.5
44213,0.5,0,0.5,0,0,0.2,0.5,0.5,0.2,0.2,0.5
44221,0.5,0,0.5,0,0,0.2,0.5,0.5,0.5,0.2,0.2
44233,0.5,0,0.5,0,0,0.5,0,0,0,0.5,0.2
44239,0.5,0,0.5,0,0,0.5,0,0,0.2,0.2,0.2
44252,0.5,0,0.5,0,0,0.5,0,0,0.5,0.5,0.5
44260,0.5,0,0.5,0,0,0.5,0,0.2,0,0.5,0.2
44273,0.5,0,0.5,0,0,0.5,0,0.2,0.5,0,0.5
44278,0.5,0,0.5,0,0,0.5,0,0.2,0.5,0.5,0.2
44287,0.5,0,0.5,0,0,0.5,0,0.5,0,0.5,0.2
44296,0.5,0,0.5,0,0,0.5,0,0.5,0.2,0.5,0.2
44305,0.5,0,0.5,0,0,0.5,0,0.5,0.5,0.5,0.2
44314,0.5,0,0.5,0,0,0.5,0.2,0,0,0.5,0.2
44324,0.5,0,0.5,0,0,0.5,0.2,0,0.2,0.5,0.5
44332,0.5,0,0.5,0,0,0.5,0.2,0,0.5,0.5,0.2
44340,0.5,0,0.5,0,0,0.5,0.2,0.2,0,0.5,0
44349,0.5,0,0.5,0,0,0.5,0.2,0.2,0.2,0.5,0
44358,0.5,0,0.5,0,0,0.5,0.2,0.2,0.5,0.5,0
44366,0.5,0,0.5,0,0,0.5,0.2,0.5,0,0.2,0.5
44375,0.5,0,0.5,0,0,0.5,0.2,0.5,0.2,0.2,0.5
44384,0.5,0,0.5,0,0,0.5,0.2,0.5,0.5,0.2,0.5
44392,0.5,0,0.5,0,0,0.5,0.5,0,0,0.2,0.2
44400,0.5,0,0.5,0,0,0.5,0.5,0,0.2,0.2,0
44409,0.5,0,0.5,0,0,0.5,0.5,0,0.5,0.2,0
44416,0.5,0,0.5,0,0,0.5,0.5,0.2,0,0,0.2
44426,0.5,0,0.5,0,0,0.5,0.5,0.2,0.2,0,0.5
44434,0.5,0,0.5,0,0,0.5,0.5,0.2,0.5,0,0.2
44446,0.5,0,0.5,0,0,0.5,0.5,0.5,0,0.2,0.2
44455,0.5,0,0.5,0,0,0.5,0.5,0.5,0.2,0.2,0.2
44462,0.5,0,0.5,0,0,0.5,0.5,0.5,0.5,0,0.5
44473,0.5,0,0.5,0.2,0,0,0,0,0,0.2,0.2
44480,0.5,0,0.5,0.2,0,0,0,0,0.2,0,0.5
44489,0.5,0,0.5,0.2,0,0,0,0,0.5,0,0.5
44492,0.5,0,0.5,0.2,0,0,0,0,0.5,0.2,0.5
44500,0.5,0,0.5,0.2,0,0,0,0.2,0,0.2,0.2
44514,0.5,0,0.5,0.2,0,0,0,0.2,0.5,0,0
44525,0.5,0,0.5,0.2,0,0,0,0.5,0,0,0.5
44527,0.5,0,0.5,0.2,0,0,0,0.5,0,0.2,0.2
44537,0.5,0,0.5,0.2,0,0,0,0.5,0.2,0.2,0.5
44549,0.5,0,0.5,0.2,0,0,0,0.5,0.5,0.5,0.5
44555,0.5,0,0.5,0.2,0,0,0.2,0,0,0.2,0.5
44561,0.5,0,0.5,0.2,0,0,0.2,0,0.2,0,0.5
44569,0.5,0,0.5,0.2,0,0,0.2,0,0.5,0,0.2
44576,0.5,0,0.5,0.2,0,0,0.2,0,0.5,0.5,0.5
44583,0.5,0,0.5,0.2,0,0,0.2,0.2,0,0.5,0
44591,0.5,0,0.5,0.2,0,0,0.2,0.2,0.2,0.2,0.5
44601,0.5,0,0.5,0.2,0,0,0.2,0.2,0.5,0.5,0
44610,0.5,0,0.5,0.2,0,0,0.2,0.5,0,0.5,0
44616,0.5,0,0.5,0.2,0,0,0.2,0.5,0.2,0.2,0
44623,0.5,0,0.5,0.2,0,0,0.2,0.5,0.5,0,0.2
44633,0.5,0,0.5,0.2,0,0,0.5,0,0,0,0.5
44642,0.5,0,0.5,0.2,0,0,0.5,0,0.2,0,0.5
44649,0.5,0,0.5,0.2,0,0,0.5,0,0.5,0,0
44657,0.5,0,0.5,0.2,0,0,0.5,0,0.5,0.5,0.5
44665,0.5,0,0.5,0.2,0,0,0.5,0.2,0,0.5,0.2
44673,0.5,0,0.5,0.2,0,0,0.5,0.2,0.2,0.5,0
44681,0.5,0,0.5,0.2,0,0,0.5,0.2,0.5,0.2,0.5
44689,0.5,0,0.5,0.2,0,0,0.5,0.5,0,0.2,0.2
44697,0.5,0,0.5,0.2,0,0,0.5,0.5,0.2,0.2,0
44703,0.5,0,0.5,0.2,0,0,0.5,0.5,0.5,0,0
44711,0.5,0,0.5,0.2,0,0,0.5,0.5,0.5,0.5,0.5
44720,0.5,0,0.5,0.2,0,0.2,0,0,0,0.5,0.5
44727,0.5,0,0.5,0.2,0,0.2,0,0,0.2,0.5,0
44733,0.5,0,0.5,0.2,0,0.2,0,0,0.5,0.2,0
44741,0.5,0,0.5,0.2,0,0.2,0,0.2,0,0,0.5
44749,0.5,0,0.5,0.2,0,0.2,0,0.2,0.2,0,0.2
44757,0.5,0,0.5,0.2,0,0.2,0,0.2,0.5,0,0
44766,0.5,0,0.5,0.2,0,0.2,0,0.5,0,0,0
44774,0.5,0,0.5,0.2,0,0.2,0,0.5,0,0.5,0.5
44782,0.5,0,0.5,0.2,0,0.2,0,0.5,0.2,0.5,0.2
44788,0.5,0,0.5,0.2,0,0.2,0,0.5,0.5,0.2,0.2
44798,0.5,0,0.5,0.2,0,0.2,0.2,0,0,0.2,0.5
44803,0.5,0,0.5,0.2,0,0.2,0.2,0,0.2,0,0.2
44810,0.5,0,0.5,0.2,0,0.2,0.2,0,0.2,0.5,0.5
44818,0.5,0,0.5,0.2,0,0.2,0.2,0,0.5,0.5,0.2
44826,0.5,0,0.5,0.2,0,0.2,0.2,0.2,0,0.5,0
44834,0.5,0,0.5,0.2,0,0.2,0.2,0.2,0.2,0.2,0.5
44840,0.5,0,0.5,0.2,0,0.2,0.2,0.2,0.5,0,0.5
44851,0.5,0,0.5,0.2,0,0.2,0.2,0.5,0,0.2,0.2
44857,0.5,0,0.5,0.2,0,0.2,0.2,0.5,0.2,0,0.2
44867,0.5,0,0.5,0.2,0,0.2,0.2,0.5,0.5,0,0.5
44873,0.5,0,0.5,0.2,0,0.2,0.2,0.5,0.5,0.5,0.5
44881,0.5,0,0.5,0.2,0,0.2,0.5,0,0,0.5,0.2
44889,0.5,0,0.5,0.2,0,0.2,0.5,0,0.2,0.5,0
44895,0.5,0,0.5,0.2,0,0.2,0.5,0,0.5,0.2,0
44900,0.5,0,0.5,0.2,0,0.2,0.5,0,0.5,0.5,0.5
44908,0.5,0,0.5,0.2,0,0.2,0.5,0.2,0,0.5,0.2
44916,0.5,0,0.5,0.2,0,0.2,0.5,0.2,0.2,0.5,0
44924,0.5,0,0.5,0.2,0,0.2,0.5,0.2,0.5,0.2,0.5
44932,0.5,0,0.5,0.2,0,0.2,0.5,0.5,0,0.2,0.2
44940,0.5,0,0.5,0.2,0,0.2,0.5,0.5,0.2,0.2,0
44947,0.5,0,0.5,0.2,0,0.2,0.5,0.5,0.5,0,0.2
44957,0.5,0,0.5,0.2,0,0.5,0,0,0,0,0.5
44961,0.5,0,0.5,0.2,0,0.5,0,0,0,0.5,0
44969,0.5,0,0.5,0.2,0,0.5,0,0,0.2,0.2,0.5
44979,0.5,0,0.5,0.2,0,0.5,0,0,0.5,0.5,0
44985,0.5,0,0.5,0.2,0,0.5,0,0.2,0,0.2,0
44993,0.5,0,0.5,0.2,0,0.5,0,0.2,0.2,0,0.5
44999,0.5,0,0.5,0.2,0,0.5,0,0.2,0.2,0.5,0.5
45007,0.5,0,0.5,0.2,0,0.5,0,0.2,0.5,0.5,0.2
45015,0.5,0,0.5,0.2,0,0.5,0,0.5,0,0.5,0
45020,0.5,0,0.5,0.2,0,0.5,0,0.5,0.2,0,0.5
45026,0.5,0,0.5,0.2,0,0.5,0,0.5,0.2,0.5,0.5
45034,0.5,0,0.5,0.2,0,0.5,0,0.5,0.5,0.5,0.2
45040,0.5,0,0.5,0.2,0,0.5,0.2,0,0,0.2,0.2
45048,0.5,0,0.5,0.2,0,0.5,0.2,0,0.2,0.2,0
45055,0.5,0,0.5,0.2,0,0.5,0.2,0,0.5,0,0.2
45061,0.5,0,0.5,0.2,0,0.5,0.2,0,0.5,0.5,0.2
45069,0.5,0,0.5,0.2,0,0.5,0.2,0.2,0,0.5,0
45077,0.5,0,0.5,0.2,0,0.5,0.2,0.2,0.2,0.2,0.5
45086,0.5,0,0.5,0.2,0,0.5,0.2,0.2,0.5,0.2,0.5
45095,0.5,0,0.5,0.2,0,0.5,0.2,0.5,0,0.2,0.5
45102,0.5,0,0.5,0.2,0,0.5,0.2,0.5,0.2,0.2,0
45109,0.5,0,0.5,0.2,0,0.5,0.2,0.5,0.5,0,0.2
45120,0.5,0,0.5,0.2,0,0.5,0.5,0,0,0.2,0
45126,0.5,0,0.5,0.2,0,0.5,0.5,0,0.2,0,0
45135,0.5,0,0.5,0.2,0,0.5,0.5,0,0.5,0,0
45143,0.5,0,0.5,0.2,0,0.5,0.5,0,0.5,0.5,0.5
45151,0.5,0,0.5,0.2,0,0.5,0.5,0.2,0,0.5,0.2
45159,0.5,0,0.5,0.2,0,0.5,0.5,0.2,0.2,0.5,0
45166,0.5,0,0.5,0.2,0,0.5,0.5,0.2,0.5,0.2,0.2
45176,0.5,0,0.5,0.2,0,0.5,0.5,0.5,0,0.2,0.5
45183,0.5,0,0.5,0.2,0,0.5,0.5,0.5,0.2,0.2,0
45188,0.5,0,0.5,0.2,0,0.5,0.5,0.5,0.2,0.5,0.5
45196,0.5,0,0.5,0.2,0,0.5,0.5,0.5,0.5,0.5,0.2
45208,0.5,0,0.5,0.5,0,0,0,0,0.2,0,0.2
45210,0.5,0,0.5,0.5,0,0,0,0,0.2,0.2,0
45222,0.5,0,0.5,0.5,0,0,0,0,0.5,0.5,0
45229,0.5,0,0.5,0.5,0,0,0,0.2,0,0.2,0.2
45242,0.5,0,0.5,0.5,0,0,0,0.2,0.2,0.5,0.5
45248,0.5,0,0.5,0.5,0,0,0,0.2,0.5,0.2,0.5
45260,0.5,0,0.5,0.5,0,0,0,0.5,0,0.5,0.5
45265,0.5,0,0.5,0.5,0,0,0,0.5,0.2,0.2,0.2
45276,0.5,0,0.5,0.5,0,0,0,0.5,0.5,0.5,0
45281,0.5,0,0.5,0.5,0,0,0.2,0,0,0,0.5
45292,0.5,0,0.5,0.5,0,0,0.2,0,0.2,0.2,0.2
45298,0.5,0,0.5,0.5,0,0,0.2,0,0.5,0,0.2
45306,0.5,0,0.5,0.5,0,0,0.2,0.2,0,0,0
45314,0.5,0,0.5,0.5,0,0,0.2,0.2,0,0.5,0.5
45323,0.5,0,0.5,0.5,0,0,0.2,0.2,0.2,0.5,0.5
45331,0.5,0,0.5,0.5,0,0,0.2,0.2,0.5,0.5,0.2
45339,0.5,0,0.5,0.5,0,0,0.2,0.5,0,0.5,0
45345,0.5,0,0.5,0.5,0,0,0.2,0.5,0.2,0.2,0
45350,0.5,0,0.5,0.5,0,0,0.2,0.5,0.2,0.5,0.5
45359,0.5,0,0.5,0.5,0,0,0.2,0.5,0.5,0.5,0.5
45366,0.5,0,0.5,0.5,0,0,0.5,0,0,0.5,0
45374,0.5,0,0.5,0.5,0,0,0.5,0,0.2,0.2,0.5
45379,0.5,0,0.5,0.5,0,0,0.5,0,0.5,0,0.2
45391,0.5,0,0.5,0.5,0,0,0.5,0.2,0,0.2,0.2
45397,0.5,0,0.5,0.5,0,0,0.5,0.2,0.2,0,0.2
45407,0.5,0,0.5,0.5,0,0,0.5,0.2,0.5,0,0.5
45416,0.5,0,0.5,0.5,0,0,0.5,0.5,0,0,0.5
45423,0.5,0,0.5,0.5,0,0,0.5,0.5,0.2,0,0
45431,0.5,0,0.5,0.5,0,0,0.5,0.5,0.2,0.5,0.5
45439,0.5,0,0.5,0.5,0,0,0.5,0.5,0.5,0.5,0.2
45447,0.5,0,0.5,0.5,0,0.2,0,0,0,0.5,0
45455,0.5,0,0.5,0.5,0,0.2,0,0,0.2,0.2,0.5
45465,0.5,0,0.5,0.5,0,0.2,0,0,0.5,0.5,0
45470,0.5,0,0.5,0.5,0,0.2,0,0.2,0,0,0.5
45478,0.5,0,0.5,0.5,0,0.2,0,0.2,0.2,0,0.2
45484,0.5,0,0.5,0.5,0,0.2,0,0.2,0.2,0.5,0.2
45489,0.5,0,0.5,0.5,0,0.2,0,0.2,0.5,0.2,0
45500,0.5,0,0.5,0.5,0,0.2,0,0.5,0,0.2,0.5
45512,0.5,0,0.5,0.5,0,0.2,0,0.5,0.2,0.5,0.5
45516,0.5,0,0.5,0.5,0,0.2,0,0.5,0.5,0.2,0
45527,0.5,0,0.5,0.5,0,0.2,0.2,0,0,0.2,0.5
45534,0.5,0,0.5,0.5,0,0.2,0.2,0,0.2,0.2,0
45540,0.5,0,0.5,0.5,0,0.2,0.2,0,0.5,0,0
45548,0.5,0,0.5,0.5,0,0.2,0.2,0,0.5,0.5,0.5
45556,0.5,0,0.5,0.5,0,0.2,0.2,0.2,0,0.5,0.2
45564,0.5,0,0.5,0.5,0,0.2,0.2,0.2,0.2,0.5,0
45572,0.5,0,0.5,0.5,0,0.2,0.2,0.2,0.5,0.2,0.5
45576,0.5,0,0.5,0.5,0,0.2,0.2,0.5,0,0,0
45586,0.5,0,0.5,0.5,0,0.2,0.2,0.5,0.2,0,0.2
45599,0.5,0,0.5,0.5,0,0.2,0.2,0.5,0.5,0.2,0.5
45604,0.5,0,0.5,0.5,0,0.2,0.5,0,0,0,0.2
45616,0.5,0,0.5,0.5,0,0.2,0.5,0,0.2,0.2,0.2
45623,0.5,0,0.5,0.5,0,0.2,0.5,0,0.5,0,0.5
45630,0.5,0,0.5,0.5,0,0.2,0.5,0.2,0,0,0
45638,0.5,0,0.5,0.5,0,0.2,0.5,0.2,0,0.5,0.5
45646,0.5,0,0.5,0.5,0,0.2,0.5,0.2,0.2,0.5,0.2
45654,0.5,0,0.5,0.5,0,0.2,0.5,0.2,0.5,0.5,0
45662,0.5,0,0.5,0.5,0,0.2,0.5,0.5,0,0.2,0.5
45671,0.5,0,0.5,0.5,0,0.2,0.5,0.5,0.2,0.2,0.5
45679,0.5,0,0.5,0.5,0,0.2,0.5,0.5,0.5,0.2,0.2
45686,0.5,0,0.5,0.5,0,0.5,0,0,0,0,0.5
45694,0.5,0,0.5,0.5,0,0.5,0,0,0.2,0,0.2
45702,0.5,0,0.5,0.5,0,0.5,0,0,0.5,0,0
45705,0.5,0,0.5,0.5,0,0.5,0,0,0.5,0.2,0
45714,0.5,0,0.5,0.5,0,0.5,0,0.2,0,0.2,0
45724,0.5,0,0.5,0.5,0,0.5,0,0.2,0.2,0.2,0.2
45734,0.5,0,0.5,0.5,0,0.5,0,0.2,0.5,0.2,0.5
45742,0.5,0,0.5,0.5,0,0.5,0,0.5,0,0.2,0.2
45750,0.5,0,0.5,0.5,0,0.5,0,0.5,0.2,0.2,0
45762,0.5,0,0.5,0.5,0,0.5,0,0.5,0.5,0.5,0
45767,0.5,0,0.5,0.5,0,0.5,0.2,0,0,0,0.5
45775,0.5,0,0.5,0.5,0,0.5,0.2,0,0.2,0,0.2
45786,0.5,0,0.5,0.5,0,0.5,0.2,0,0.5,0.2,0
45792,0.5,0,0.5,0.5,0,0.5,0.2,0.2,0,0,0
45803,0.5,0,0.5,0.5,0,0.5,0.2,0.2,0.2,0,0.5
45814,0.5,0,0.5,0.5,0,0.5,0.2,0.2,0.5,0.2,0.2
45819,0.5,0,0.5,0.5,0,0.5,0.2,0.5,0,0,0
45829,0.5,0,0.5,0.5,0,0.5,0.2,0.5,0.2,0,0.2
45840,0.5,0,0.5,0.5,0,0.5,0.2,0.5,0.5,0.2,0
45845,0.5,0,0.5,0.5,0,0.5,0.2,0.5,0.5,0.5,0.5
45853,0.5,0,0.5,0.5,0,0.5,0.5,0,0,0.5,0.2
45860,0.5,0,0.5,0.5,0,0.5,0.5,0,0.2,0.2,0.5
45868,0.5,0,0.5,0.5,0,0.5,0.5,0,0.5,0.2,0.2
45874,0.5,0,0.5,0.5,0,0.5,0.5,0.2,0,0,0.2
45883,0.5,0,0.5,0.5,0,0.5,0.5,0.2,0.2,0,0.2
45892,0.5,0,0.5,0.5,0,0.5,0.5,0.2,0.5,0,0.2
45900,0.5,0,0.5,0.5,0,0.5,0.5,0.5,0,0,0
45909,0.5,0,0.5,0.5,0,0.5,0.5,0.5,0.2,0,0
45917,0.5,0,0.5,0.5,0,0.5,0.5,0.5,0.2,0.5,0.5
45925,0.5,0,0.5,0.5,0,0.5,0.5,0.5,0.5,0.5,0.2
45933,0.5,0.2,0,0,0,0,0,0,0,0.5,0
45941,0.5,0.2,0,0,0,0,0,0,0.2,0.2,0.5
45949,0.5,0.2,0,0,0,0,0,0,0.5,0.2,0.2
45955,0.5,0.2,0,0,0,0,0,0.2,0,0,0.2
45961,0.5,0.2,0,0,0,0,0,0.2,0,0.5,0.2
45969,0.5,0.2,0,0,0,0,0,0.2,0.2,0.5,0
45977,0.5,0.2,0,0,0,0,0,0.2,0.5,0.2,0.5
45985,0.5,0.2,0,0,0,0,0,0.5,0,0.2,0.2
45993,0.5,0.2,0,0,0,0,0,0.5,0.2,0.2,0
46001,0.5,0.2,0,0,0,0,0,0.5,0.5,0,0.5
46007,0.5,0.2,0,0,0,0,0,0.5,0.5,0.5,0.5
46015,0.5,0.2,0,0,0,0,0.2,0,0,0.5,0.2
46023,0.5,0.2,0,0,0,0,0.2,0,0.2,0.5,0
46031,0.5,0.2,0,0,0,0,0.2,0,0.5,0.2,0.5
46039,0.5,0.2,0,0,0,0,0.2,0.2,0,0.2,0.2
46045,0.5,0.2,0,0,0,0,0.2,0.2,0.2,0,0.2
46054,0.5,0.2,0,0,0,0,0.2,0.2,0.5,0,0.2
46066,0.5,0.2,0,0,0,0,0.2,0.5,0,0.2,0.2
46072,0.5,0.2,0,0,0,0,0.2,0.5,0.2,0,0.2
46081,0.5,0.2,0,0,0,0,0.2,0.5,0.5,0,0.2
46090,0.5,0.2,0,0,0,0,0.5,0,0,0,0.2
46097,0.5,0.2,0,0,0,0,0.5,0,0,0.5,0.5
46105,0.5,0.2,0,0,0,0,0.5,0,0.2,0.5,0.2
46112,0.5,0.2,0,0,0,0,0.5,0,0.5,0.2,0.5
46119,0.5,0.2,0,0,0,0,0.5,0.2,0,0.2,0
46126,0.5,0.2,0,0,0,0,0.5,0.2,0.2,0,0.2
46133,0.5,0.2,0,0,0,0,0.5,0.2,0.2,0.5,0.5
46140,0.5,0.2,0,0,0,0,0.5,0.2,0.5,0.5,0
46146,0.5,0.2,0,0,0,0,0.5,0.5,0,0.2,0
46154,0.5,0.2,0,0,0,0,0.5,0.5,0.2,0,0.5
46161,0.5,0.2,0,0,0,0,0.5,0.5,0.5,0,0
46167,0.5,0.2,0,0,0,0,0.5,0.5,0.5,0.5,0
46174,0.5,0.2,0,0,0,0.2,0,0,0,0.2,0.2
46179,0.5,0.2,0,0,0,0.2,0,0,0.2,0,0
46187,0.5,0.2,0,0,0,0.2,0,0,0.2,0.5,0.5
46193,0.5,0.2,0,0,0,0.2,0,0,0.5,0.2,0.5
46201,0.5,0.2,0,0,0,0.2,0,0.2,0,0.2,0.2
46207,0.5,0.2,0,0,0,0.2,0,0.2,0.2,0,0.2
46213,0.5,0.2,0,0,0,0.2,0,0.2,0.2,0.5,0.2
46220,0.5,0.2,0,0,0,0.2,0,0.2,0.5,0.2,0.5
46227,0.5,0.2,0,0,0,0.2,0,0.5,0,0.2,0
46234,0.5,0.2,0,0,0,0.2,0,0.5,0.2,0,0.2
46241,0.5,0.2,0,0,0,0.2,0,0.5,0.2,0.5,0.5
46248,0.5,0.2,0,0,0,0.2,0,0.5,0.5,0.5,0
46254,0.5,0.2,0,0,0,0.2,0.2,0,0,0.2,0
46260,0.5,0.2,0,0,0,0.2,0.2,0,0.2,0,0
46267,0.5,0.2,0,0,0,0.2,0.2,0,0.2,0.5,0.2
46274,0.5,0.2,0,0,0,0.2,0.2,0,0.5,0.2,0.5
46281,0.5,0.2,0,0,0,0.2,0.2,0.2,0,0.2,0
46288,0.5,0.2,0,0,0,0.2,0.2,0.2,0.2,0,0.2
46295,0.5,0.2,0,0,0,0.2,0.2,0.2,0.2,0.5,0.5
46302,0.5,0.2,0,0,0,0.2,0.2,0.2,0.5,0.5,0
46309,0.5,0.2,0,0,0,0.2,0.2,0.5,0,0.2,0.2
46316,0.5,0.2,0,0,0,0.2,0.2,0.5,0.2,0,0.5
46324,0.5,0.2,0,0,0,0.2,0.2,0.5,0.5,0,0.2
46331,0.5,0.2,0,0,0,0.2,0.2,0.5,0.5,0.5,0.5
46338,0.5,0.2,0,0,0,0.2,0.5,0,0,0.5,0
46345,0.5,0.2,0,0,0,0.2,0.5,0,0.2,0.2,0.2
46350,0.5,0.2,0,0,0,0.2,0.5,0,0.5,0,0
46357,0.5,0.2,0,0,0,0.2,0.5,0,0.5,0.5,0.2
46364,0.5,0.2,0,0,0,0.2,0.5,0.2,0,0.2,0.5
46371,0.5,0.2,0,0,0,0.2,0.5,0.2,0.2,0.2,0
46378,0.5,0.2,0,0,0,0.2,0.5,0.2,0.5,0,0.2
46385,0.5,0.2,0,0,0,0.2,0.5,0.2,0.5,0.5,0.5
46392,0.5,0.2,0,0,0,0.2,0.5,0.5,0,0.5,0
46399,0.5,0.2,0,0,0,0.2,0.5,0.5,0.2,0.2,0.2
46406,0.5,0.2,0,0,0,0.2,0.5,0.5,0.5,0,0.5
46413,0.5,0.2,0,0,0,0.5,0,0,0,0,0
46420,0.5,0.2,0,0,0,0.5,0,0,0,0.5,0.2
46427,0.5,0.2,0,0,0,0.5,0,0,0.2,0.2,0.5
46434,0.5,0.2,0,0,0,0.5,0,0,0.5,0.2,0
46443,0.5,0.2,0,0,0,0.5,0,0.2,0,0.2,0
46449,0.5,0.2,0,0,0,0.5,0,0.2,0.2,0,0
46457,0.5,0.2,0,0,0,0.5,0,0.2,0.2,0.5,0.5
46464,0.5,0.2,0,0,0,0.5,0,0.2,0.5,0.5,0
46471,0.5,0.2,0,0,0,0.5,0,0.5,0,0.2,0.2
46478,0.5,0.2,0,0,0,0.5,0,0.5,0.2,0,0.5
46485,0.5,0.2,0,0,0,0.5,0,0.5,0.5,0,0
46492,0.5,0.2,0,0,0,0.5,0,0.5,0.5,0.5,0.2
46499,0.5,0.2,0,0,0,0.5,0.2,0,0,0.2,0.5
46506,0.5,0.2,0,0,0,0.5,0.2,0,0.2,0.2,0
46513,0.5,0.2,0,0,0,0.5,0.2,0,0.5,0,0.2
46520,0.5,0.2,0,0,0,0.5,0.2,0,0.5,0.5,0.5
46527,0.5,0.2,0,0,0,0.5,0.2,0.2,0,0.5,0
46534,0.5,0.2,0,0,0,0.5,0.2,0.2,0.2,0.2,0.2
46541,0.5,0.2,0,0,0,0.5,0.2,0.2,0.5,0,0.5
46548,0.5,0.2,0,0,0,0.5,0.2,0.5,0,0,0
46556,0.5,0.2,0,0,0,0.5,0.2,0.5,0,0.5,0.5
46562,0.5,0.2,0,0,0,0.5,0.2,0.5,0.2,0.2,0.5
46569,0.5,0.2,0,0,0,0.5,0.2,0.5,0.5,0.2,0
46575,0.5,0.2,0,0,0,0.5,0.5,0,0,0,0
46582,0.5,0.2,0,0,0,0.5,0.5,0,0,0.5,0.2
46589,0.5,0.2,0,0,0,0.5,0.5,0,0.2,0.2,0.5
46595,0.5,0.2,0,0,0,0.5,0.5,0,0.5,0,0.5
46602,0.5,0.2,0,0,0,0.5,0.5,0.2,0,0,0
46608,0.5,0.2,0,0,0,0.5,0.5,0.2,0,0.5,0
46614,0.5,0.2,0,0,0,0.5,0.5,0.2,0.2,0.2,0
46619,0.5,0.2,0,0,0,0.5,0.5,0.2,0.2,0.5,0.5
46625,0.5,0.2,0,0,0,0.5,0.5,0.2,0.5,0.2,0.5
46631,0.5,0.2,0,0,0,0.5,0.5,0.5,0,0,0.5
46637,0.5,0.2,0,0,0,0.5,0.5,0.5,0,0.5,0.5
46643,0.5,0.2,0,0,0,0.5,0.5,0.5,0.2,0.2,0.5
46649,0.5,0.2,0,0,0,0.5,0.5,0.5,0.5,0,0.5
46655,0.5,0.2,0,0,0,0.5,0.5,0.5,0.5,0.5,0.5
46661,0.5,0.2,0,0.2,0,0,0,0,0,0.2,0.5
46667,0.5,0.2,0,0.2,0,0,0,0,0.2,0,0.5
46671,0.5,0.2,0,0.2,0,0,0,0,0.2,0.5,0
46677,0.5,0.2,0,0.2,0,0,0,0,0.5,0.2,0
46682,0.5,0.2,0,0.2,0,0,0,0,0.5,0.5,0.5
46688,0.5,0.2,0,0.2,0,0,0,0.2,0,0.2,0.5
46694,0.5,0.2,0,0.2,0,0,0,0.2,0.2,0,0.5
46700,0.5,0.2,0,0.2,0,0,0,0.2,0.2,0.5,0.5
46706,0.5,0.2,0,0.2,0,0,0,0.2,0.5,0.2,0.5
46712,0.5,0.2,0,0.2,0,0,0,0.5,0,0,0.5
46721,0.5,0.2,0,0.2,0,0,0,0.5,0.2,0,0.5
46728,0.5,0.2,0,0.2,0,0,0,0.5,0.5,0,0
46734,0.5,0.2,0,0.2,0,0,0,0.5,0.5,0.5,0
46742,0.5,0.2,0,0.2,0,0,0.2,0,0,0.2,0.5
46748,0.5,0.2,0,0.2,0,0,0.2,0,0.2,0,0.5
46752,0.5,0.2,0,0.2,0,0,0.2,0,0.2,0.5,0
46758,0.5,0.2,0,0.2,0,0,0.2,0,0.5,0.2,0
46765,0.5,0.2,0,0.2,0,0,0.2,0.2,0,0,0.2
46772,0.5,0.2,0,0.2,0,0,0.2,0.2,0,0.5,0.5
46778,0.5,0.2,0,0.2,0,0,0.2,0.2,0.2,0.2,0.5
46784,0.5,0.2,0,0.2,0,0,0.2,0.2,0.5,0,0.5
46789,0.5,0.2,0,0.2,0,0,0.2,0.2,0.5,0.5,0.2
46795,0.5,0.2,0,0.2,0,0,0.2,0.5,0,0.2,0.2
46800,0.5,0.2,0,0.2,0,0,0.2,0.5,0.2,0,0
46806,0.5,0.2,0,0.2,0,0,0.2,0.5,0.2,0.5,0
46812,0.5,0.2,0,0.2,0,0,0.2,0.5,0.5,0.2,0
46819,0.5,0.2,0,0.2,0,0,0.5,0,0,0,0.2
46825,0.5,0.2,0,0.2,0,0,0.5,0,0,0.5,0.2
46831,0.5,0.2,0,0.2,0,0,0.5,0,0.2,0.2,0.2
46837,0.5,0.2,0,0.2,0,0,0.5,0,0.5,0,0.2
46844,0.5,0.2,0,0.2,0,0,0.5,0,0.5,0.5,0.5
46850,0.5,0.2,0,0.2,0,0,0.5,0.2,0,0.2,0.5
46854,0.5,0.2,0,0.2,0,0,0.5,0.2,0.2,0,0
46862,0.5,0.2,0,0.2,0,0,0.5,0.2,0.2,0.5,0.5
46867,0.5,0.2,0,0.2,0,0,0.5,0.2,0.5,0.2,0.2
46872,0.5,0.2,0,0.2,0,0,0.5,0.5,0,0,0
46880,0.5,0.2,0,0.2,0,0,0.5,0.5,0,0.5,0.5
46886,0.5,0.2,0,0.2,0,0,0.5,0.5,0.2,0.2,0.5
46892,0.5,0.2,0,0.2,0,0,0.5,0.5,0.5,0,0.5
46896,0.5,0.2,0,0.2,0,0,0.5,0.5,0.5,0.5,0
46902,0.5,0.2,0,0.2,0,0.2,0,0,0,0.2,0
46908,0.5,0.2,0,0.2,0,0.2,0,0,0.2,0,0
46914,0.5,0.2,0,0.2,0,0.2,0,0,0.2,0.5,0
46920,0.5,0.2,0,0.2,0,0.2,0,0,0.5,0.2,0
46924,0.5,0.2,0,0.2,0,0.2,0,0,0.5,0.5,0.2
46931,0.5,0.2,0,0.2,0,0.2,0,0.2,0,0.2,0.5
46937,0.5,0.2,0,0.2,0,0.2,0,0.2,0.2,0,0.5
46945,0.5,0.2,0,0.2,0,0.2,0,0.2,0.5,0,0.2
46952,0.5,0.2,0,0.2,0,0.2,0,0.2,0.5,0.5,0.5
46958,0.5,0.2,0,0.2,0,0.2,0,0.5,0,0.2,0.5
46964,0.5,0.2,0,0.2,0,0.2,0,0.5,0.2,0,0.5
46973,0.5,0.2,0,0.2,0,0.2,0,0.5,0.5,0,0.5
46980,0.5,0.2,0,0.2,0,0.2,0.2,0,0,0,0
46986,0.5,0.2,0,0.2,0,0.2,0.2,0,0,0.5,0
46992,0.5,0.2,0,0.2,0,0.2,0.2,0,0.2,0.2,0
46998,0.5,0.2,0,0.2,0,0.2,0.2,0,0.5,0,0
47006,0.5,0.2,0,0.2,0,0.2,0.2,0,0.5,0.5,0.5
47012,0.5,0.2,0,0.2,0,0.2,0.2,0.2,0,0.2,0.5
47018,0.5,0.2,0,0.2,0,0.2,0.2,0.2,0.2,0,0.5
47024,0.5,0.2,0,0.2,0,0.2,0.2,0.2,0.2,0.5,0.5
47030,0.5,0.2,0,0.2,0,0.2,0.2,0.2,0.5,0.2,0.5
47036,0.5,0.2,0,0.2,0,0.2,0.2,0.5,0,0,0.5
47042,0.5,0.2,0,0.2,0,0.2,0.2,0.5,0,0.5,0.5
47048,0.5,0.2,0,0.2,0,0.2,0.2,0.5,0.2,0.2,0.5
47054,0.5,0.2,0,0.2,0,0.2,0.2,0.5,0.5,0,0.5
47060,0.5,0.2,0,0.2,0,0.2,0.2,0.5,0.5,0.5,0.5
47066,0.5,0.2,0,0.2,0,0.2,0.5,0,0,0.2,0.5
47072,0.5,0.2,0,0.2,0,0.2,0.5,0,0.2,0,0.5
47078,0.5,0.2,0,0.2,0,0.2,0.5,0,0.2,0.5,0.5
47084,0.5,0.2,0,0.2,0,0.2,0.5,0,0.5,0.2,0.5
47090,0.5,0.2,0,0.2,0,0.2,0.5,0.2,0,0,0.5
47096,0.5,0.2,0,0.2,0,0.2,0.5,0.2,0,0.5,0.5
47102,0.5,0.2,0,0.2,0,0.2,0.5,0.2,0.2,0.2,0.5
47108,0.5,0.2,0,0.2,0,0.2,0.5,0.2,0.5,0,0.5
47114,0.5,0.2,0,0.2,0,0.2,0.5,0.2,0.5,0.5,0.5
47119,0.5,0.2,0,0.2,0,0.2,0.5,0.5,0,0.2,0.2
47125,0.5,0.2,0,0.2,0,0.2,0.5,0.5,0.2,0,0.2
47132,0.5,0.2,0,0.2,0,0.2,0.5,0.5,0.2,0.5,0.5
47139,0.5,0.2,0,0.2,0,0.2,0.5,0.5,0.5,0.5,0
47147,0.5,0.2,0,0.2,0,0.5,0,0,0,0.2,0.5
47150,0.5,0.2,0,0.2,0,0.5,0,0,0,0.5,0.5
47155,0.5,0.2,0,0.2,0,0.5,0,0,0.2,0.2,0.2
47161,0.5,0.2,0,0.2,0,0.5,0,0,0.5,0,0.2
47169,0.5,0.2,0,0.2,0,0.5,0,0.2,0,0,0
47175,0.5,0.2,0,0.2,0,0.5,0,0.2,0,0.5,0
47183,0.5,0.2,0,0.2,0,0.5,0,0.2,0.2,0.2,0.5
47185,0.5,0.2,0,0.2,0,0.5,0,0.2,0.2,0.5,0.2
47191,0.5,0.2,0,0.2,0,0.5,0,0.2,0.5,0.2,0.2
47198,0.5,0.2,0,0.2,0,0.5,0,0.5,0,0,0.5
47206,0.5,0.2,0,0.2,0,0.5,0,0.5,0.2,0,0.2
47212,0.5,0.2,0,0.2,0,0.5,0,0.5,0.2,0.5,0.2
47219,0.5,0.2,0,0.2,0,0.5,0,0.5,0.5,0.2,0.5
47225,0.5,0.2,0,0.2,0,0.5,0.2,0,0,0,0.5
47231,0.5,0.2,0,0.2,0,0.5,0.2,0,0,0.5,0.5
47237,0.5,0.2,0,0.2,0,0.5,0.2,0,0.2,0.2,0.5
47243,0.5,0.2,0,0.2,0,0.5,0.2,0,0.5,0,0.5
47247,0.5,0.2,0,0.2,0,0.5,0.2,0,0.5,0.5,0
47254,0.5,0.2,0,0.2,0,0.5,0.2,0.2,0,0.2,0.2
47261,0.5,0.2,0,0.2,0,0.5,0.2,0.2,0.2,0,0.5
47267,0.5,0.2,0,0.2,0,0.5,0.2,0.2,0.2,0.5,0.5
47273,0.5,0.2,0,0.2,0,0.5,0.2,0.2,0.5,0.2,0.5
47279,0.5,0.2,0,0.2,0,0.5,0.2,0.5,0,0,0.5
47285,0.5,0.2,0,0.2,0,0.5,0.2,0.5,0,0.5,0.5
47292,0.5,0.2,0,0.2,0,0.5,0.2,0.5,0.2,0.5,0
47298,0.5,0.2,0,0.2,0,0.5,0.2,0.5,0.5,0.2,0
47304,0.5,0.2,0,0.2,0,0.5,0.5,0,0,0,0
47310,0.5,0.2,0,0.2,0,0.5,0.5,0,0,0.5,0
47316,0.5,0.2,0,0.2,0,0.5,0.5,0,0.2,0.2,0
47322,0.5,0.2,0,0.2,0,0.5,0.5,0,0.5,0,0
47328,0.5,0.2,0,0.2,0,0.5,0.5,0,0.5,0.5,0
47334,0.5,0.2,0,0.2,0,0.5,0.5,0.2,0,0.2,0
47340,0.5,0.2,0,0.2,0,0.5,0.5,0.2,0.2,0,0
47347,0.5,0.2,0,0.2,0,0.5,0.5,0.2,0.2,0.5,0.2
47354,0.5,0.2,0,0.2,0,0.5,0.5,0.2,0.5,0.2,0.5
47359,0.5,0.2,0,0.2,0,0.5,0.5,0.5,0,0,0.2
47365,0.5,0.2,0,0.2,0,0.5,0.5,0.5,0,0.5,0.2
47371,0.5,0.2,0,0.2,0,0.5,0.5,0.5,0.2,0.2,0.2
47377,0.5,0.2,0,0.2,0,0.5,0.5,0.5,0.5,0,0.2
47383,0.5,0.2,0,0.2,0,0.5,0.5,0.5,0.5,0.5,0.2
47389,0.5,0.2,0,0.5,0,0,0,0,0,0.2,0.2
47395,0.5,0.2,0,0.5,0,0,0,0,0.2,0,0.2
47402,0.5,0.2,0,0.5,0,0,0,0,0.2,0.5,0.5
47408,0.5,0.2,0,0.5,0,0,0,0,0.5,0.2,0.5
47414,0.5,0.2,0,0.5,0,0,0,0.2,0,0,0.5
47420,0.5,0.2,0,0.5,0,0,0,0.2,0,0.5,0.5
47426,0.5,0.2,0,0.5,0,0,0,0.2,0.2,0.2,0.5
47431,0.5,0.2,0,0.5,0,0,0,0.2,0.5,0,0.2
47436,0.5,0.2,0,0.5,0,0,0,0.2,0.5,0.5,0
47442,0.5,0.2,0,0.5,0,0,0,0.5,0,0.2,0
47449,0.5,0.2,0,0.5,0,0,0,0.5,0.2,0,0.2
47455,0.5,0.2,0,0.5,0,0,0,0.5,0.2,0.5,0.2
47461,0.5,0.2,0,0.5,0,0,0,0.5,0.5,0.2,0.2
47467,0.5,0.2,0,0.5,0,0,0.2,0,0,0,0.2
47473,0.5,0.2,0,0.5,0,0,0.2,0,0,0.5,0.2
47479,0.5,0.2,0,0.5,0,0,0.2,0,0.2,0.2,0.2
47484,0.5,0.2,0,0.5,0,0,0.2,0,0.5,0,0
47491,0.5,0.2,0,0.5,0,0,0.2,0,0.5,0.5,0.2
47496,0.5,0.2,0,0.5,0,0,0.2,0.2,0,0.2,0
47503,0.5,0.2,0,0.5,0,0,0.2,0.2,0.2,0,0.2
47509,0.5,0.2,0,0.5,0,0,0.2,0.2,0.2,0.5,0.2
47515,0.5,0.2,0,0.5,0,0,0.2,0.2,0.5,0.2,0.2
47520,0.5,0.2,0,0.5,0,0,0.2,0.5,0,0,0
47526,0.5,0.2,0,0.5,0,0,0.2,0.5,0,0.5,0
47534,0.5,0.2,0,0.5,0,0,0.2,0.5,0.2,0.2,0.5
47540,0.5,0.2,0,0.5,0,0,0.2,0.5,0.5,0,0.5
47546,0.5,0.2,0,0.5,0,0,0.2,0.5,0.5,0.5,0.5
47551,0.5,0.2,0,0.5,0,0,0.5,0,0,0.2,0.2
47557,0.5,0.2,0,0.5,0,0,0.5,0,0.2,0,0.2
47563,0.5,0.2,0,0.5,0,0,0.5,0,0.2,0.5,0.2
47569,0.5,0.2,0,0.5,0,0,0.5,0,0.5,0.2,0.2
47575,0.5,0.2,0,0.5,0,0,0.5,0.2,0,0,0.2
47581,0.5,0.2,0,0.5,0,0,0.5,0.2,0,0.5,0.2
47587,0.5,0.2,0,0.5,0,0,0.5,0.2,0.2,0.2,0.2
47593,0.5,0.2,0,0.5,0,0,0.5,0.2,0.5,0,0.2
47599,0.5,0.2,0,0.5,0,0,0.5,0.2,0.5,0.5,0.2
47607,0.5,0.2,0,0.5,0,0,0.5,0.5,0,0.5,0
47611,0.5,0.2,0,0.5,0,0,0.5,0.5,0.2,0,0.2
47618,0.5,0.2,0,0.5,0,0,0.5,0.5,0.2,0.5,0.5
47625,0.5,0.2,0,0.5,0,0,0.5,0.5,0.5,0.5,0
47629,0.5,0.2,0,0.5,0,0.2,0,0,0,0,0.2
47635,0.5,0.2,0,0.5,0,0.2,0,0,0,0.5,0.2
47643,0.5,0.2,0,0.5,0,0.2,0,0,0.2,0.5,0
47649,0.5,0.2,0,0.5,0,0.2,0,0,0.5,0.2,0
47654,0.5,0.2,0,0.5,0,0.2,0,0,0.5,0.5,0.5
47661,0.5,0.2,0,0.5,0,0.2,0,0.2,0,0.5,0
47668,0.5,0.2,0,0.5,0,0.2,0,0.2,0.2,0.2,0.2
47672,0.5,0.2,0,0.5,0,0.2,0,0.2,0.2,0.5,0.5
47676,0.5,0.2,0,0.5,0,0.2,0,0.2,0.5,0.2,0
47682,0.5,0.2,0,0.5,0,0.2,0,0.5,0,0,0
47688,0.5,0.2,0,0.5,0,0.2,0,0.5,0,0.5,0
47694,0.5,0.2,0,0.5,0,0.2,0,0.5,0.2,0.2,0
47700,0.5,0.2,0,0.5,0,0.2,0,0.5,0.5,0,0
47707,0.5,0.2,0,0.5,0,0.2,0,0.5,0.5,0.5,0.2
47712,0.5,0.2,0,0.5,0,0.2,0.2,0,0,0.2,0
47718,0.5,0.2,0,0.5,0,0.2,0.2,0,0.2,0,0
47724,0.5,0.2,0,0.5,0,0.2,0.2,0,0.2,0.5,0
47730,0.5,0.2,0,0.5,0,0.2,0.2,0,0.5,0.2,0
47736,0.5,0.2,0,0.5,0,0.2,0.2,0.2,0,0,0
47742,0.5,0.2,0,0.5,0,0.2,0.2,0.2,0,0.5,0
47748,0.5,0.2,0,0.5,0,0.2,0.2,0.2,0.2,0.2,0
47754,0.5,0.2,0,0.5,0,0.2,0.2,0.2,0.5,0,0
47760,0.5,0.2,0,0.5,0,0.2,0.2,0.2,0.5,0.5,0
47766,0.5,0.2,0,0.5,0,0.2,0.2,0.5,0,0.2,0
47772,0.5,0.2,0,0.5,0,0.2,0.2,0.5,0.2,0,0
47778,0.5,0.2,0,0.5,0,0.2,0.2,0.5,0.2,0.5,0
47784,0.5,0.2,0,0.5,0,0.2,0.2,0.5,0.5,0.2,0
47790,0.5,0.2,0,0.5,0,0.2,0.5,0,0,0,0
47796,0.5,0.2,0,0.5,0,0.2,0.5,0,0,0.5,0
47802,0.5,0.2,0,0.5,0,0.2,0.5,0,0.2,0.2,0
47808,0.5,0.2,0,0.5,0,0.2,0.5,0,0.5,0,0
47814,0.5,0.2,0,0.5,0,0.2,0.5,0,0.5,0.5,0
47820,0.5,0.2,0,0.5,0,0.2,0.5,0.2,0,0.2,0
47826,0.5,0.2,0,0.5,0,0.2,0.5,0.2,0.2,0,0
47832,0.5,0.2,0,0.5,0,0.2,0.5,0.2,0.2,0.5,0
47838,0.5,0.2,0,0.5,0,0.2,0.5,0.2,0.5,0.2,0
47845,0.5,0.2,0,0.5,0,0.2,0.5,0.5,0,0,0.2
47851,0.5,0.2,0,0.5,0,0.2,0.5,0.5,0,0.5,0.2
47857,0.5,0.2,0,0.5,0,0.2,0.5,0.5,0.2,0.2,0.2
47864,0.5,0.2,0,0.5,0,0.2,0.5,0.5,0.5,0,0.5
47870,0.5,0.2,0,0.5,0,0.2,0.5,0.5,0.5,0.5,0.5
47876,0.5,0.2,0,0.5,0,0.5,0,0,0,0.2,0.5
47882,0.5,0.2,0,0.5,0,0.5,0,0,0.2,0,0.5
47888,0.5,0.2,0,0.5,0,0.5,0,0,0.2,0.5,0.5
47894,0.5,0.2,0,0.5,0,0.5,0,0,0.5,0.2,0.5
47900,0.5,0.2,0,0.5,0,0.5,0,0.2,0,0,0.5
47906,0.5,0.2,0,0.5,0,0.5,0,0.2,0,0.5,0.5
47911,0.5,0.2,0,0.5,0,0.5,0,0.2,0.2,0.2,0.2
47918,0.5,0.2,0,0.5,0,0.5,0,0.2,0.5,0,0.5
47924,0.5,0.2,0,0.5,0,0.5,0,0.2,0.5,0.5,0.5
47930,0.5,0.2,0,0.5,0,0.5,0,0.5,0,0.2,0.5
47936,0.5,0.2,0,0.5,0,0.5,0,0.5,0.2,0,0.5
47942,0.5,0.2,0,0.5,0,0.5,0,0.5,0.2,0.5,0.5
47948,0.5,0.2,0,0.5,0,0.5,0,0.5,0.5,0.2,0.5
47954,0.5,0.2,0,0.5,0,0.5,0.2,0,0,0,0.5
47960,0.5,0.2,0,0.5,0,0.5,0.2,0,0,0.5,0.5
47966,0.5,0.2,0,0.5,0,0.5,0.2,0,0.2,0.2,0.5
47972,0.5,0.2,0,0.5,0,0.5,0.2,0,0.5,0,0.5
47977,0.5,0.2,0,0.5,0,0.5,0.2,0,0.5,0.5,0.2
47983,0.5,0.2,0,0.5,0,0.5,0.2,0.2,0,0.2,0.2
47989,0.5,0.2,0,0.5,0,0.5,0.2,0.2,0.2,0,0.2
47993,0.5,0.2,0,0.5,0,0.5,0.2,0.2,0.2,0.2,0.5
47999,0.5,0.2,0,0.5,0,0.5,0.2,0.2,0.5,0,0.5
48005,0.5,0.2,0,0.5,0,0.5,0.2,0.2,0.5,0.5,0.5
48011,0.5,0.2,0,0.5,0,0.5,0.2,0.5,0,0.2,0.5
48017,0.5,0.2,0,0.5,0,0.5,0.2,0.5,0.2,0,0.5
48023,0.5,0.2,0,0.5,0,0.5,0.2,0.5,0.2,0.5,0.5
48027,0.5,0.2,0,0.5,0,0.5,0.2,0.5,0.5,0.2,0
48033,0.5,0.2,0,0.5,0,0.5,0.5,0,0,0,0
48039,0.5,0.2,0,0.5,0,0.5,0.5,0,0,0.5,0
48047,0.5,0.2,0,0.5,0,0.5,0.5,0,0.2,0.2,0.5
48052,0.5,0.2,0,0.5,0,0.5,0.5,0,0.5,0,0.2
48058,0.5,0.2,0,0.5,0,0.5,0.5,0,0.5,0.5,0.2
48064,0.5,0.2,0,0.5,0,0.5,0.5,0.2,0,0.2,0.2
48070,0.5,0.2,0,0.5,0,0.5,0.5,0.2,0.2,0,0.2
48076,0.5,0.2,0,0.5,0,0.5,0.5,0.2,0.2,0.5,0.2
48082,0.5,0.2,0,0.5,0,0.5,0.5,0.2,0.5,0.2,0.2
48088,0.5,0.2,0,0.5,0,0.5,0.5,0.5,0,0,0.2
48094,0.5,0.2,0,0.5,0,0.5,0.5,0.5,0,0.5,0.2
48102,0.5,0.2,0,0.5,0,0.5,0.5,0.5,0.2,0.5,0
48108,0.5,0.2,0,0.5,0,0.5,0.5,0.5,0.5,0.2,0
48115,0.5,0.2,0.2,0,0,0,0,0,0,0,0.2
48121,0.5,0.2,0.2,0,0,0,0,0,0,0.5,0.2
48127,0.5,0.2,0.2,0,0,0,0,0,0.2,0.2,0.2
48133,0.5,0.2,0.2,0,0,0,0,0,0.5,0,0.2
48140,0.5,0.2,0.2,0,0,0,0,0,0.5,0.5,0.5
48147,0.5,0.2,0.2,0,0,0,0,0.2,0,0.5,0
48152,0.5,0.2,0.2,0,0,0,0,0.2,0.2,0,0.5
48156,0.5,0.2,0.2,0,0,0,0,0.2,0.2,0.5,0
48162,0.5,0.2,0.2,0,0,0,0,0.2,0.5,0.2,0
48168,0.5,0.2,0.2,0,0,0,0,0.5,0,0,0
48174,0.5,0.2,0.2,0,0,0,0,0.5,0,0.5,0
48180,0.5,0.2,0.2,0,0,0,0,0.5,0.2,0.2,0
48186,0.5,0.2,0.2,0,0,0,0,0.5,0.5,0,0
48192,0.5,0.2,0.2,0,0,0,0,0.5,0.5,0.5,0
48198,0.5,0.2,0.2,0,0,0,0.2,0,0,0.2,0
48204,0.5,0.2,0.2,0,0,0,0.2,0,0.2,0,0
48210,0.5,0.2,0.2,0,0,0,0.2,0,0.2,0.5,0
48216,0.5,0.2,0.2,0,0,0,0.2,0,0.5,0.2,0
48221,0.5,0.2,0.2,0,0,0,0.2,0,0.5,0.5,0.5
48227,0.5,0.2,0.2,0,0,0,0.2,0.2,0,0.2,0.5
48232,0.5,0.2,0.2,0,0,0,0.2,0.2,0.2,0,0.2
48240,0.5,0.2,0.2,0,0,0,0.2,0.2,0.5,0,0
48246,0.5,0.2,0.2,0,0,0,0.2,0.2,0.5,0.5,0
48252,0.5,0.2,0.2,0,0,0,0.2,0.5,0,0.2,0
48257,0.5,0.2,0.2,0,0,0,0.2,0.5,0,0.5,0.5
48263,0.5,0.2,0.2,0,0,0,0.2,0.5,0.2,0.2,0.5
48269,0.5,0.2,0.2,0,0,0,0.2,0.5,0.5,0,0.5
48275,0.5,0.2,0.2,0,0,0,0.2,0.5,0.5,0.5,0.5
48281,0.5,0.2,0.2,0,0,0,0.5,0,0,0.2,0.5
48287,0.5,0.2,0.2,0,0,0,0.5,0,0.2,0,0.5
48292,0.5,0.2,0.2,0,0,0,0.5,0,0.2,0.5,0.2
48298,0.5,0.2,0.2,0,0,0,0.5,0,0.5,0.2,0.2
48304,0.5,0.2,0.2,0,0,0,0.5,0.2,0,0,0.2
48313,0.5,0.2,0.2,0,0,0,0.5,0.2,0.2,0,0.2
48319,0.5,0.2,0.2,0,0,0,0.5,0.2,0.2,0.5,0.2
48325,0.5,0.2,0.2,0,0,0,0.5,0.2,0.5,0.2,0.2
48329,0.5,0.2,0.2,0,0,0,0.5,0.2,0.5,0.5,0.5
48335,0.5,0.2,0.2,0,0,0,0.5,0.5,0,0.2,0.5
48341,0.5,0.2,0.2,0,0,0,0.5,0.5,0.2,0,0.5
48347,0.5,0.2,0.2,0,0,0,0.5,0.5,0.2,0.5,0.5
48353,0.5,0.2,0.2,0,0,0,0.5,0.5,0.5,0.2,0.5
48359,0.5,0.2,0.2,0,0,0.2,0,0,0,0,0.5
48363,0.5,0.2,0.2,0,0,0.2,0,0,0,0.5,0
48368,0.5,0.2,0.2,0,0,0.2,0,0,0.2,0,0.5
48375,0.5,0.2,0.2,0,0,0.2,0,0,0.5,0,0
48383,0.5,0.2,0.2,0,0,0.2,0,0,0.5,0.5,0.5
48388,0.5,0.2,0.2,0,0,0.2,0,0.2,0,0.2,0.2
48395,0.5,0.2,0.2,0,0,0.2,0,0.2,0.2,0,0.5
48401,0.5,0.2,0.2,0,0,0.2,0,0.2,0.2,0.5,0.5
48406,0.5,0.2,0.2,0,0,0.2,0,0.2,0.5,0.2,0.2
48412,0.5,0.2,0.2,0,0,0.2,0,0.5,0,0,0.2
48420,0.5,0.2,0.2,0,0,0.2,0,0.5,0.2,0,0
48426,0.5,0.2,0.2,0,0,0.2,0,0.5,0.2,0.5,0
48434,0.5,0.2,0.2,0,0,0.2,0,0.5,0.5,0.2,0.5
48437,0.5,0.2,0.2,0,0,0.2,0,0.5,0.5,0.5,0.5
48442,0.5,0.2,0.2,0,0,0.2,0.2,0,0,0.2,0.2
48450,0.5,0.2,0.2,0,0,0.2,0.2,0,0.2,0.2,0
48454,0.5,0.2,0.2,0,0,0.2,0.2,0,0.2,0.5,0.2
48460,0.5,0.2,0.2,0,0,0.2,0.2,0,0.5,0.2,0.2
48466,0.5,0.2,0.2,0,0,0.2,0.2,0.2,0,0,0.2
48472,0.5,0.2,0.2,0,0,0.2,0.2,0.2,0,0.5,0.2
48478,0.5,0.2,0.2,0,0,0.2,0.2,0.2,0.2,0.2,0.2
48484,0.5,0.2,0.2,0,0,0.2,0.2,0.2,0.5,0,0.2
48490,0.5,0.2,0.2,0,0,0.2,0.2,0.2,0.5,0.5,0.2
48496,0.5,0.2,0.2,0,0,0.2,0.2,0.5,0,0.2,0.2
48501,0.5,0.2,0.2,0,0,0.2,0.2,0.5,0.2,0,0
48507,0.5,0.2,0.2,0,0,0.2,0.2,0.5,0.2,0.5,0
48513,0.5,0.2,0.2,0,0,0.2,0.2,0.5,0.5,0.2,0
48520,0.5,0.2,0.2,0,0,0.2,0.5,0,0,0,0.2
48525,0.5,0.2,0.2,0,0,0.2,0.5,0,0,0.5,0
48532,0.5,0.2,0.2,0,0,0.2,0.5,0,0.2,0.2,0.2
48536,0.5,0.2,0.2,0,0,0.2,0.5,0,0.2,0.5,0.5
48542,0.5,0.2,0.2,0,0,0.2,0.5,0,0.5,0.2,0.5
48548,0.5,0.2,0.2,0,0,0.2,0.5,0.2,0,0,0.5
48554,0.5,0.2,0.2,0,0,0.2,0.5,0.2,0,0.5,0.5
48560,0.5,0.2,0.2,0,0,0.2,0.5,0.2,0.2,0.2,0.5
48566,0.5,0.2,0.2,0,0,0.2,0.5,0.2,0.5,0,0.5
48572,0.5,0.2,0.2,0,0,0.2,0.5,0.2,0.5,0.5,0.5
48578,0.5,0.2,0.2,0,0,0.2,0.5,0.5,0,0.2,0.5
48584,0.5,0.2,0.2,0,0,0.2,0.5,0.5,0.2,0,0.5
48591,0.5,0.2,0.2,0,0,0.2,0.5,0.5,0.5,0,0
48597,0.5,0.2,0.2,0,0,0.2,0.5,0.5,0.5,0.5,0
48602,0.5,0.2,0.2,0,0,0.5,0,0,0,0,0.5
48607,0.5,0.2,0.2,0,0,0.5,0,0,0,0.5,0.2
48613,0.5,0.2,0.2,0,0,0.5,0,0,0.2,0.2,0.2
48619,0.5,0.2,0.2,0,0,0.5,0,0,0.5,0,0.2
48626,0.5,0.2,0.2,0,0,0.5,0,0,0.5,0.5,0.5
48632,0.5,0.2,0.2,0,0,0.5,0,0.2,0,0.2,0.5
48637,0.5,0.2,0.2,0,0,0.5,0,0.2,0.2,0,0.2
48643,0.5,0.2,0.2,0,0,0.5,0,0.2,0.2,0.5,0.2
48649,0.5,0.2,0.2,0,0,0.5,0,0.2,0.5,0.2,0.2
48656,0.5,0.2,0.2,0,0,0.5,0,0.5,0,0,0.5
48661,0.5,0.2,0.2,0,0,0.5,0,0.5,0,0.5,0.2
48665,0.5,0.2,0.2,0,0,0.5,0,0.5,0.2,0,0.5
48669,0.5,0.2,0.2,0,0,0.5,0,0.5,0.2,0.5,0
48676,0.5,0.2,0.2,0,0,0.5,0,0.5,0.5,0.2,0.2
48683,0.5,0.2,0.2,0,0,0.5,0.2,0,0,0,0.5
48690,0.5,0.2,0.2,0,0,0.5,0.2,0,0.2,0,0
48696,0.5,0.2,0.2,0,0,0.5,0.2,0,0.2,0.5,0
48701,0.5,0.2,0.2,0,0,0.5,0.2,0,0.5,0,0.5
48706,0.5,0.2,0.2,0,0,0.5,0.2,0,0.5,0.5,0.2
48711,0.5,0.2,0.2,0,0,0.5,0.2,0.2,0,0.2,0
48717,0.5,0.2,0.2,0,0,0.5,0.2,0.2,0.2,0,0
48723,0.5,0.2,0.2,0,0,0.5,0.2,0.2,0.2,0.5,0
48729,0.5,0.2,0.2,0,0,0.5,0.2,0.2,0.5,0.2,0
48735,0.5,0.2,0.2,0,0,0.5,0.2,0.5,0,0,0
48741,0.5,0.2,0.2,0,0,0.5,0.2,0.5,0,0.5,0
48748,0.5,0.2,0.2,0,0,0.5,0.2,0.5,0.2,0.2,0.2
48753,0.5,0.2,0.2,0,0,0.5,0.2,0.5,0.5,0,0
48761,0.5,0.2,0.2,0,0,0.5,0.2,0.5,0.5,0.5,0.5
48767,0.5,0.2,0.2,0,0,0.5,0.5,0,0,0.2,0.5
48773,0.5,0.2,0.2,0,0,0.5,0.5,0,0.2,0,0.5
48780,0.5,0.2,0.2,0,0,0.5,0.5,0,0.5,0,0
48786,0.5,0.2,0.2,0,0,0.5,0.5,0,0.5,0.5,0
48792,0.5,0.2,0.2,0,0,0.5,0.5,0.2,0,0.2,0
48795,0.5,0.2,0.2,0,0,0.5,0.5,0.2,0,0.5,0
48803,0.5,0.2,0.2,0,0,0.5,0.5,0.2,0.2,0.2,0.5
48809,0.5,0.2,0.2,0,0,0.5,0.5,0.2,0.5,0,0.5
48815,0.5,0.2,0.2,0,0,0.5,0.5,0.2,0.5,0.5,0.5
48821,0.5,0.2,0.2,0,0,0.5,0.5,0.5,0,0.2,0.5
48827,0.5,0.2,0.2,0,0,0.5,0.5,0.5,0.2,0,0.5
48834,0.5,0.2,0.2,0,0,0.5,0.5,0.5,0.5,0,0
48841,0.5,0.2,0.2,0,0,0.5,0.5,0.5,0.5,0.5,0.2
48846,0.5,0.2,0.2,0.2,0,0,0,0,0,0.2,0
48852,0.5,0.2,0.2,0.2,0,0,0,0,0.2,0,0
48860,0.5,0.2,0.2,0.2,0,0,0,0,0.2,0.5,0.5
48866,0.5,0.2,0.2,0.2,0,0,0,0,0.5,0.2,0.5
48874,0.5,0.2,0.2,0.2,0,0,0,0.2,0,0.2,0.2
48880,0.5,0.2,0.2,0.2,0,0,0,0.2,0.2,0,0.2
48885,0.5,0.2,0.2,0.2,0,0,0,0.2,0.2,0.5,0
48891,0.5,0.2,0.2,0.2,0,0,0,0.2,0.5,0.2,0
48897,0.5,0.2,0.2,0.2,0,0,0,0.5,0,0,0
48904,0.5,0.2,0.2,0.2,0,0,0,0.5,0,0.5,0.2
48909,0.5,0.2,0.2,0.2,0,0,0,0.5,0.2,0.2,0
48914,0.5,0.2,0.2,0.2,0,0,0,0.5,0.2,0.5,0.5
48920,0.5,0.2,0.2,0.2,0,0,0,0.5,0.5,0.2,0.5
48926,0.5,0.2,0.2,0.2,0,0,0.2,0,0,0,0.5
48935,0.5,0.2,0.2,0.2,0,0,0.2,0,0.2,0,0.5
48941,0.5,0.2,0.2,0.2,0,0,0.2,0,0.2,0.5,0.5
48947,0.5,0.2,0.2,0.2,0,0,0.2,0,0.5,0.2,0.5
48953,0.5,0.2,0.2,0.2,0,0,0.2,0.2,0,0,0.5
48958,0.5,0.2,0.2,0.2,0,0,0.2,0.2,0,0.5,0.2
48965,0.5,0.2,0.2,0.2,0,0,0.2,0.2,0.2,0.2,0.5
48971,0.5,0.2,0.2,0.2,0,0,0.2,0.2,0.5,0,0.5
48977,0.5,0.2,0.2,0.2,0,0,0.2,0.2,0.5,0.5,0.5
48983,0.5,0.2,0.2,0.2,0,0,0.2,0.5,0,0.2,0.5
48989,0.5,0.2,0.2,0.2,0,0,0.2,0.5,0.2,0,0.5
48994,0.5,0.2,0.2,0.2,0,0,0.2,0.5,0.2,0.5,0.2
49002,0.5,0.2,0.2,0.2,0,0,0.2,0.5,0.5,0.5,0
49007,0.5,0.2,0.2,0.2,0,0,0.5,0,0,0,0.5
49014,0.5,0.2,0.2,0.2,0,0,0.5,0,0.2,0,0
49020,0.5,0.2,0.2,0.2,0,0,0.5,0,0.2,0.5,0
49026,0.5,0.2,0.2,0.2,0,0,0.5,0,0.5,0.2,0
49030,0.5,0.2,0.2,0.2,0,0,0.5,0,0.5,0.5,0.2
49037,0.5,0.2,0.2,0.2,0,0,0.5,0.2,0,0.2,0.5
49043,0.5,0.2,0.2,0.2,0,0,0.5,0.2,0.2,0,0.5
49050,0.5,0.2,0.2,0.2,0,0,0.5,0.2,0.5,0,0
49055,0.5,0.2,0.2,0.2,0,0,0.5,0.2,0.5,0.2,0.5
49061,0.5,0.2,0.2,0.2,0,0,0.5,0.5,0,0,0.5
49067,0.5,0.2,0.2,0.2,0,0,0.5,0.5,0,0.5,0.5
49071,0.5,0.2,0.2,0.2,0,0,0.5,0.5,0.2,0.2,0
49077,0.5,0.2,0.2,0.2,0,0,0.5,0.5,0.5,0,0
49083,0.5,0.2,0.2,0.2,0,0,0.5,0.5,0.5,0.5,0
49089,0.5,0.2,0.2,0.2,0,0.2,0,0,0,0.2,0
49095,0.5,0.2,0.2,0.2,0,0.2,0,0,0.2,0,0
49104,0.5,0.2,0.2,0.2,0,0.2,0,0,0.5,0,0
49112,0.5,0.2,0.2,0.2,0,0.2,0,0,0.5,0.5,0.5
49118,0.5,0.2,0.2,0.2,0,0.2,0,0.2,0,0.2,0.5
49124,0.5,0.2,0.2,0.2,0,0.2,0,0.2,0.2,0,0.5
49130,0.5,0.2,0.2,0.2,0,0.2,0,0.2,0.2,0.5,0.5
49136,0.5,0.2,0.2,0.2,0,0.2,0,0.2,0.5,0.2,0.5
49142,0.5,0.2,0.2,0.2,0,0.2,0,0.5,0,0,0.5
49148,0.5,0.2,0.2,0.2,0,0.2,0,0.5,0,0.5,0.5
49154,0.5,0.2,0.2,0.2,0,0.2,0,0.5,0.2,0.2,0.5
49161,0.5,0.2,0.2,0.2,0,0.2,0,0.5,0.5,0.2,0
49167,0.5,0.2,0.2,0.2,0,0.2,0.2,0,0,0,0
49173,0.5,0.2,0.2,0.2,0,0.2,0.2,0,0,0.5,0
49179,0.5,0.2,0.2,0.2,0,0.2,0.2,0,0.2,0.2,0
49185,0.5,0.2,0.2,0.2,0,0.2,0.2,0,0.5,0,0
49191,0.5,0.2,0.2,0.2,0,0.2,0.2,0,0.5,0.5,0
49197,0.5,0.2,0.2,0.2,0,0.2,0.2,0.2,0,0.2,0
49203,0.5,0.2,0.2,0.2,0,0.2,0.2,0.2,0.2,0,0
49209,0.5,0.2,0.2,0.2,0,0.2,0.2,0.2,0.2,0.5,0
49215,0.5,0.2,0.2,0.2,0,0.2,0.2,0.2,0.5,0.2,0
49221,0.5,0.2,0.2,0.2,0,0.2,0.2,0.5,0,0,0
49227,0.5,0.2,0.2,0.2,0,0.2,0.2,0.5,0,0.5,0
49233,0.5,0.2,0.2,0.2,0,0.2,0.2,0.5,0.2,0.2,0
49239,0.5,0.2,0.2,0.2,0,0.2,0.2,0.5,0.5,0,0
49245,0.5,0.2,0.2,0.2,0,0.2,0.2,0.5,0.5,0.5,0
49251,0.5,0.2,0.2,0.2,0,0.2,0.5,0,0,0.2,0
49257,0.5,0.2,0.2,0.2,0,0.2,0.5,0,0.2,0,0
49263,0.5,0.2,0.2,0.2,0,0.2,0.5,0,0.2,0.5,0
49269,0.5,0.2,0.2,0.2,0,0.2,0.5,0,0.5,0.2,0
49275,0.5,0.2,0.2,0.2,0,0.2,0.5,0.2,0,0,0
49281,0.5,0.2,0.2,0.2,0,0.2,0.5,0.2,0,0.5,0
49287,0.5,0.2,0.2,0.2,0,0.2,0.5,0.2,0.2,0.2,0
49293,0.5,0.2,0.2,0.2,0,0.2,0.5,0.2,0.5,0,0
49299,0.5,0.2,0.2,0.2,0,0.2,0.5,0.2,0.5,0.5,0
49305,0.5,0.2,0.2,0.2,0,0.2,0.5,0.5,0,0.2,0
49311,0.5,0.2,0.2,0.2,0,0.2,0.5,0.5,0.2,0,0
49317,0.5,0.2,0.2,0.2,0,0.2,0.5,0.5,0.2,0.5,0
49323,0.5,0.2,0.2,0.2,0,0.2,0.5,0.5,0.5,0.2,0
49329,0.5,0.2,0.2,0.2,0,0.5,0,0,0,0,0
49337,0.5,0.2,0.2,0.2,0,0.5,0,0,0,0.5,0.5
49343,0.5,0.2,0.2,0.2,0,0.5,0,0,0.2,0.2,0.5
49349,0.5,0.2,0.2,0.2,0,0.5,0,0,0.5,0,0.5
49355,0.5,0.2,0.2,0.2,0,0.5,0,0,0.5,0.5,0.5
49361,0.5,0.2,0.2,0.2,0,0.5,0,0.2,0,0.2,0.5
49367,0.5,0.2,0.2,0.2,0,0.5,0,0.2,0.2,0,0.5
49374,0.5,0.2,0.2,0.2,0,0.5,0,0.2,0.5,0,0
49381,0.5,0.2,0.2,0.2,0,0.5,0,0.2,0.5,0.5,0.2
49386,0.5,0.2,0.2,0.2,0,0.5,0,0.5,0,0.2,0
49392,0.5,0.2,0.2,0.2,0,0.5,0,0.5,0.2,0,0
49398,0.5,0.2,0.2,0.2,0,0.5,0,0.5,0.2,0.5,0
49403,0.5,0.2,0.2,0.2,0,0.5,0,0.5,0.5,0,0.5
49410,0.5,0.2,0.2,0.2,0,0.5,0.2,0,0,0,0
49416,0.5,0.2,0.2,0.2,0,0.5,0.2,0,0,0.5,0
49422,0.5,0.2,0.2,0.2,0,0.5,0.2,0,0.2,0.2,0
49428,0.5,0.2,0.2,0.2,0,0.5,0.2,0,0.5,0,0
49434,0.5,0.2,0.2,0.2,0,0.5,0.2,0,0.5,0.5,0
49440,0.5,0.2,0.2,0.2,0,0.5,0.2,0.2,0,0.2,0
49446,0.5,0.2,0.2,0.2,0,0.5,0.2,0.2,0.2,0,0
49452,0.5,0.2,0.2,0.2,0,0.5,0.2,0.2,0.2,0.5,0
49458,0.5,0.2,0.2,0.2,0,0.5,0.2,0.2,0.5,0.2,0
49464,0.5,0.2,0.2,0.2,0,0.5,0.2,0.5,0,0,0
49470,0.5,0.2,0.2,0.2,0,0.5,0.2,0.5,0,0.5,0
49476,0.5,0.2,0.2,0.2,0,0.5,0.2,0.5,0.2,0.2,0
49482,0.5,0.2,0.2,0.2,0,0.5,0.2,0.5,0.5,0,0
49488,0.5,0.2,0.2,0.2,0,0.5,0.2,0.5,0.5,0.5,0
49494,0.5,0.2,0.2,0.2,0,0.5,0.5,0,0,0.2,0
49499,0.5,0.2,0.2,0.2,0,0.5,0.5,0,0,0.5,0.5
49505,0.5,0.2,0.2,0.2,0,0.5,0.5,0,0.2,0.2,0.5
49510,0.5,0.2,0.2,0.2,0,0.5,0.5,0,0.5,0,0.2
49517,0.5,0.2,0.2,0.2,0,0.5,0.5,0,0.5,0.5,0.5
49522,0.5,0.2,0.2,0.2,0,0.5,0.5,0.2,0,0.2,0.2
49528,0.5,0.2,0.2,0.2,0,0.5,0.5,0.2,0.2,0,0.2
49534,0.5,0.2,0.2,0.2,0,0.5,0.5,0.2,0.2,0.5,0.2
49541,0.5,0.2,0.2,0.2,0,0.5,0.5,0.2,0.5,0.2,0.5
49547,0.5,0.2,0.2,0.2,0,0.5,0.5,0.5,0,0,0.5
49552,0.5,0.2,0.2,0.2,0,0.5,0.5,0.5,0,0.5,0.2
49558,0.5,0.2,0.2,0.2,0,0.5,0.5,0.5,0.2,0.2,0.2
49564,0.5,0.2,0.2,0.2,0,0.5,0.5,0.5,0.5,0,0.2
49570,0.5,0.2,0.2,0.2,0,0.5,0.5,0.5,0.5,0.5,0.2
49577,0.5,0.2,0.2,0.5,0,0,0,0,0,0.2,0.5
49582,0.5,0.2,0.2,0.5,0,0,0,0,0.2,0,0.2
49587,0.5,0.2,0.2,0.5,0,0,0,0,0.2,0.5,0
49593,0.5,0.2,0.2,0.5,0,0,0,0,0.5,0.2,0
49603,0.5,0.2,0.2,0.5,0,0,0,0.2,0,0.2,0.2
49611,0.5,0.2,0.2,0.5,0,0,0,0.2,0.2,0.2,0
49620,0.5,0.2,0.2,0.5,0,0,0,0.2,0.5,0.2,0
49629,0.5,0.2,0.2,0.5,0,0,0,0.5,0,0.2,0
49644,0.5,0.2,0.2,0.5,0,0,0,0.5,0.5,0,0
49647,0.5,0.2,0.2,0.5,0,0,0,0.5,0.5,0.2,0
49659,0.5,0.2,0.2,0.5,0,0,0.2,0,0,0.5,0
49670,0.5,0.2,0.2,0.5,0,0,0.2,0,0.2,0.5,0.5
49679,0.5,0.2,0.2,0.5,0,0,0.2,0,0.5,0.5,0.5
49689,0.5,0.2,0.2,0.5,0,0,0.2,0.2,0.2,0,0
49699,0.5,0.2,0.2,0.5,0,0,0.2,0.2,0.5,0,0.2
49709,0.5,0.2,0.2,0.5,0,0,0.2,0.5,0,0,0.5
49725,0.5,0.2,0.2,0.5,0,0,0.2,0.5,0.5,0,0
49735,0.5,0.2,0.2,0.5,0,0,0.5,0,0,0,0.2
49745,0.5,0.2,0.2,0.5,0,0,0.5,0,0.2,0,0.5
49756,0.5,0.2,0.2,0.5,0,0,0.5,0,0.5,0.2,0.2
49768,0.5,0.2,0.2,0.5,0,0,0.5,0.2,0,0.5,0.2
49777,0.5,0.2,0.2,0.5,0,0,0.5,0.2,0.2,0.5,0.2
49787,0.5,0.2,0.2,0.5,0,0,0.5,0.2,0.5,0.5,0.5
49797,0.5,0.2,0.2,0.5,0,0,0.5,0.5,0.2,0,0
49808,0.5,0.2,0.2,0.5,0,0,0.5,0.5,0.5,0,0.5
49816,0.5,0.2,0.2,0.5,0,0.2,0,0,0,0,0.2
49832,0.5,0.2,0.2,0.5,0,0.2,0,0,0.2,0.5,0.5
49841,0.5,0.2,0.2,0.5,0,0.2,0,0,0.5,0.5,0.5
49851,0.5,0.2,0.2,0.5,0,0.2,0,0.2,0.2,0,0
49860,0.5,0.2,0.2,0.5,0,0.2,0,0.2,0.5,0,0
49863,0.5,0.2,0.2,0.5,0,0.2,0,0.2,0.5,0.2,0
49872,0.5,0.2,0.2,0.5,0,0.2,0,0.5,0,0.2,0
49882,0.5,0.2,0.2,0.5,0,0.2,0,0.5,0.2,0.2,0.2
49891,0.5,0.2,0.2,0.5,0,0.2,0,0.5,0.5,0.2,0.2
49902,0.5,0.2,0.2,0.5,0,0.2,0.2,0,0,0.5,0
49909,0.5,0.2,0.2,0.5,0,0.2,0.2,0,0.2,0.2,0.2
49922,0.5,0.2,0.2,0.5,0,0.2,0.2,0,0.5,0.5,0.5
49932,0.5,0.2,0.2,0.5,0,0.2,0.2,0.2,0.2,0,0
49942,0.5,0.2,0.2,0.5,0,0.2,0.2,0.2,0.5,0,0.2
49956,0.5,0.2,0.2,0.5,0,0.2,0.2,0.5,0,0.5,0
49962,0.5,0.2,0.2,0.5,0,0.2,0.2,0.5,0.2,0.2,0
49972,0.5,0.2,0.2,0.5,0,0.2,0.2,0.5,0.5,0.2,0.2
49980,0.5,0.2,0.2,0.5,0,0.2,0.5,0,0,0.2,0
49993,0.5,0.2,0.2,0.5,0,0.2,0.5,0,0.2,0.5,0.2
50000,0.5,0.2,0.2,0.5,0,0.2,0.5,0,0.5,0.2,0.5
50014,0.5,0.2,0.2,0.5,0,0.2,0.5,0.2,0.2,0,0.2
50024,0.5,0.2,0.2,0.5,0,0.2,0.5,0.2,0.5,0,0.5
50034,0.5,0.2,0.2,0.5,0,0.2,0.5,0.5,0,0.2,0
50044,0.5,0.2,0.2,0.5,0,0.2,0.5,0.5,0.2,0.2,0.2
50054,0.5,0.2,0.2,0.5,0,0.2,0.5,0.5,0.5,0.2,0.5
50065,0.5,0.2,0.2,0.5,0,0.5,0,0,0,0.5,0.2
50075,0.5,0.2,0.2,0.5,0,0.5,0,0,0.2,0.5,0.5
50086,0.5,0.2,0.2,0.5,0,0.5,0,0.2,0,0,0.2
50096,0.5,0.2,0.2,0.5,0,0.5,0,0.2,0.2,0,0.5
50110,0.5,0.2,0.2,0.5,0,0.5,0,0.2,0.5,0.5,0.2
50119,0.5,0.2,0.2,0.5,0,0.5,0,0.5,0,0.5,0.2
50126,0.5,0.2,0.2,0.5,0,0.5,0,0.5,0.2,0.2,0.5
50139,0.5,0.2,0.2,0.5,0,0.5,0.2,0,0,0,0
50150,0.5,0.2,0.2,0.5,0,0.5,0.2,0,0.2,0,0.5
50159,0.5,0.2,0.2,0.5,0,0.5,0.2,0,0.5,0,0.5
50170,0.5,0.2,0.2,0.5,0,0.5,0.2,0.2,0,0.2,0.2
50178,0.5,0.2,0.2,0.5,0,0.5,0.2,0.2,0.2,0.2,0
50188,0.5,0.2,0.2,0.5,0,0.5,0.2,0.2,0.5,0.2,0.2
50198,0.5,0.2,0.2,0.5,0,0.5,0.2,0.5,0,0.2,0.5
50209,0.5,0.2,0.2,0.5,0,0.5,0.2,0.5,0.2,0.5,0.2
50219,0.5,0.2,0.2,0.5,0,0.5,0.2,0.5,0.5,0.5,0.5
50229,0.5,0.2,0.2,0.5,0,0.5,0.5,0,0.2,0,0
50239,0.5,0.2,0.2,0.5,0,0.5,0.5,0,0.5,0,0.2
50249,0.5,0.2,0.2,0.5,0,0.5,0.5,0.2,0,0,0.5
50259,0.5,0.2,0.2,0.5,0,0.5,0.5,0.2,0.2,0.2,0
50269,0.5,0.2,0.2,0.5,0,0.5,0.5,0.2,0.5,0.2,0.2
50281,0.5,0.2,0.2,0.5,0,0.5,0.5,0.5,0,0.5,0.2
50288,0.5,0.2,0.2,0.5,0,0.5,0.5,0.5,0.2,0.2,0.5
50302,0.5,0.2,0.5,0,0,0,0,0,0,0,0.2
50314,0.5,0.2,0.5,0,0,0,0,0,0.2,0.2,0.2
50325,0.5,0.2,0.5,0,0,0,0,0,0.5,0.5,0
50336,0.5,0.2,0.5,0,0,0,0,0.2,0,0.5,0.5
50349,0.5,0.2,0.5,0,0,0,0,0.2,0.5,0.2,0
50359,0.5,0.2,0.5,0,0,0,0,0.5,0,0.2,0.2
50369,0.5,0.2,0.5,0,0,0,0,0.5,0.2,0.2,0.5
50379,0.5,0.2,0.5,0,0,0,0,0.5,0.5,0.5,0
50389,0.5,0.2,0.5,0,0,0,0.2,0,0,0.5,0.2
50400,0.5,0.2,0.5,0,0,0,0.2,0,0.5,0,0
50414,0.5,0.2,0.5,0,0,0,0.2,0.2,0,0.2,0.5
50424,0.5,0.2,0.5,0,0,0,0.2,0.2,0.2,0.5,0
50431,0.5,0.2,0.5,0,0,0,0.2,0.2,0.5,0.2,0.2
50445,0.5,0.2,0.5,0,0,0,0.2,0.5,0.2,0,0
50457,0.5,0.2,0.5,0,0,0,0.2,0.5,0.5,0.2,0
50467,0.5,0.2,0.5,0,0,0,0.5,0,0,0.2,0.2
50476,0.5,0.2,0.5,0,0,0,0.5,0,0.2,0.2,0.2
50486,0.5,0.2,0.5,0,0,0,0.5,0,0.5,0.2,0.5
50496,0.5,0.2,0.5,0,0,0,0.5,0.2,0,0.5,0
50506,0.5,0.2,0.5,0,0,0,0.5,0.2,0.2,0.5,0.2
50515,0.5,0.2,0.5,0,0,0,0.5,0.2,0.5,0.5,0.2
50525,0.5,0.2,0.5,0,0,0,0.5,0.5,0,0.5,0.5
50534,0.5,0.2,0.5,0,0,0,0.5,0.5,0.2,0.5,0.5
50544,0.5,0.2,0.5,0,0,0.2,0,0,0,0,0
50547,0.5,0.2,0.5,0,0,0.2,0,0,0,0.2,0
50559,0.5,0.2,0.5,0,0,0.2,0,0,0.2,0.5,0
50573,0.5,0.2,0.5,0,0,0.2,0,0.2,0,0,0.5
50579,0.5,0.2,0.5,0,0,0.2,0,0.2,0,0.5,0.5
50591,0.5,0.2,0.5,0,0,0.2,0,0.2,0.5,0,0.5
50599,0.5,0.2,0.5,0,0,0.2,0,0.5,0,0,0.2
50607,0.5,0.2,0.5,0,0,0.2,0,0.5,0.2,0,0
50619,0.5,0.2,0.5,0,0,0.2,0,0.5,0.5,0.2,0
50623,0.5,0.2,0.5,0,0,0.2,0,0.5,0.5,0.5,0.2
50632,0.5,0.2,0.5,0,0,0.2,0.2,0,0,0.5,0.2
50644,0.5,0.2,0.5,0,0,0.2,0.2,0,0.5,0,0.2
50653,0.5,0.2,0.5,0,0,0.2,0.2,0.2,0,0,0.2
50664,0.5,0.2,0.5,0,0,0.2,0.2,0.2,0.2,0.2,0
50672,0.5,0.2,0.5,0,0,0.2,0.2,0.2,0.5,0,0.5
50680,0.5,0.2,0.5,0,0,0.2,0.2,0.5,0,0,0.2
50690,0.5,0.2,0.5,0,0,0.2,0.2,0.5,0.2,0,0.5
50700,0.5,0.2,0.5,0,0,0.2,0.2,0.5,0.5,0.2,0
50711,0.5,0.2,0.5,0,0,0.2,0.5,0,0,0.2,0.5
50721,0.5,0.2,0.5,0,0,0.2,0.5,0,0.2,0.5,0
50731,0.5,0.2,0.5,0,0,0.2,0.5,0,0.5,0.5,0.2
50741,0.5,0.2,0.5,0,0,0.2,0.5,0.2,0,0.5,0.5
50751,0.5,0.2,0.5,0,0,0.2,0.5,0.2,0.5,0,0
50761,0.5,0.2,0.5,0,0,0.2,0.5,0.5,0,0,0.2
50770,0.5,0.2,0.5,0,0,0.2,0.5,0.5,0.2,0,0.2
50779,0.5,0.2,0.5,0,0,0.2,0.5,0.5,0.5,0,0.2
50788,0.5,0.2,0.5,0,0,0.5,0,0,0,0,0.2
50799,0.5,0.2,0.5,0,0,0.5,0,0,0.2,0.2,0
50809,0.5,0.2,0.5,0,0,0.5,0,0,0.5,0.2,0.2
50819,0.5,0.2,0.5,0,0,0.5,0,0.2,0,0.2,0.5
50834,0.5,0.2,0.5,0,0,0.5,0,0.2,0.5,0,0.5
50840,0.5,0.2,0.5,0,0,0.5,0,0.2,0.5,0.5,0.5
50853,0.5,0.2,0.5,0,0,0.5,0,0.5,0.2,0.2,0
50862,0.5,0.2,0.5,0,0,0.5,0,0.5,0.5,0.2,0
50872,0.5,0.2,0.5,0,0,0.5,0.2,0,0,0.2,0.2
50882,0.5,0.2,0.5,0,0,0.5,0.2,0,0.2,0.2,0.5
50893,0.5,0.2,0.5,0,0,0.5,0.2,0,0.5,0.5,0.2
50903,0.5,0.2,0.5,0,0,0.5,0.2,0.2,0,0.5,0.5
50913,0.5,0.2,0.5,0,0,0.5,0.2,0.2,0.5,0,0
50923,0.5,0.2,0.5,0,0,0.5,0.2,0.5,0,0,0.2
50932,0.5,0.2,0.5,0,0,0.5,0.2,0.5,0.2,0,0.2
50942,0.5,0.2,0.5,0,0,0.5,0.2,0.5,0.5,0,0.5
50954,0.5,0.2,0.5,0,0,0.5,0.5,0,0,0.2,0.5
50963,0.5,0.2,0.5,0,0,0.5,0.5,0,0.2,0.2,0.5
50973,0.5,0.2,0.5,0,0,0.5,0.5,0,0.5,0.5,0
50984,0.5,0.2,0.5,0,0,0.5,0.5,0.2,0,0.5,0.5
50993,0.5,0.2,0.5,0,0,0.5,0.5,0.2,0.2,0.5,0.5
51002,0.5,0.2,0.5,0,0,0.5,0.5,0.2,0.5,0.5,0.5
51011,0.5,0.2,0.5,0,0,0.5,0.5,0.5,0,0.5,0.5
51020,0.5,0.2,0.5,0,0,0.5,0.5,0.5,0.2,0.5,0.5
51029,0.5,0.2,0.5,0,0,0.5,0.5,0.5,0.5,0.5,0.5
51038,0.5,0.2,0.5,0.2,0,0,0,0,0,0.5,0.5
51048,0.5,0.2,0.5,0.2,0,0,0,0,0.5,0,0
51054,0.5,0.2,0.5,0.2,0,0,0,0,0.5,0.5,0
51063,0.5,0.2,0.5,0.2,0,0,0,0.2,0,0.5,0
51071,0.5,0.2,0.5,0.2,0,0,0,0.2,0.2,0.2,0.5
51085,0.5,0.2,0.5,0.2,0,0,0,0.5,0,0,0.2
51095,0.5,0.2,0.5,0.2,0,0,0,0.5,0.2,0,0.5
51102,0.5,0.2,0.5,0.2,0,0,0,0.5,0.5,0,0
51111,0.5,0.2,0.5,0.2,0,0,0.2,0,0,0,0
51120,0.5,0.2,0.5,0.2,0,0,0.2,0,0.2,0,0
51131,0.5,0.2,0.5,0.2,0,0,0.2,0,0.5,0,0.5
51134,0.5,0.2,0.5,0.2,0,0,0.2,0,0.5,0.2,0.5
51145,0.5,0.2,0.5,0.2,0,0,0.2,0.2,0,0.5,0.2
51152,0.5,0.2,0.5,0.2,0,0,0.2,0.2,0.2,0.2,0.5
51163,0.5,0.2,0.5,0.2,0,0,0.2,0.2,0.5,0.5,0.2
51169,0.5,0.2,0.5,0.2,0,0,0.2,0.5,0,0.2,0.2
51180,0.5,0.2,0.5,0.2,0,0,0.2,0.5,0.2,0.5,0
51187,0.5,0.2,0.5,0.2,0,0,0.2,0.5,0.5,0.2,0.2
51196,0.5,0.2,0.5,0.2,0,0,0.5,0,0,0.2,0.2
51207,0.5,0.2,0.5,0.2,0,0,0.5,0,0.2,0.5,0
51215,0.5,0.2,0.5,0.2,0,0,0.5,0,0.5,0.2,0.5
51224,0.5,0.2,0.5,0.2,0,0,0.5,0.2,0,0.2,0.5
51233,0.5,0.2,0.5,0.2,0,0,0.5,0.2,0.2,0.2,0.5
51241,0.5,0.2,0.5,0.2,0,0,0.5,0.2,0.5,0.2,0.2
51248,0.5,0.2,0.5,0.2,0,0,0.5,0.5,0,0,0.5
51260,0.5,0.2,0.5,0.2,0,0,0.5,0.5,0.2,0.2,0.5
51269,0.5,0.2,0.5,0.2,0,0,0.5,0.5,0.5,0.2,0.5
51277,0.5,0.2,0.5,0.2,0,0.2,0,0,0,0.2,0.2
51287,0.5,0.2,0.5,0.2,0,0.2,0,0,0.2,0.2,0.5
51299,0.5,0.2,0.5,0.2,0,0.2,0,0,0.5,0.5,0.5
51309,0.5,0.2,0.5,0.2,0,0.2,0,0.2,0.2,0,0
51319,0.5,0.2,0.5,0.2,0,0.2,0,0.2,0.5,0,0.2
51324,0.5,0.2,0.5,0.2,0,0.2,0,0.2,0.5,0.5,0
51335,0.5,0.2,0.5,0.2,0,0.2,0,0.5,0,0.5,0.5
51341,0.5,0.2,0.5,0.2,0,0.2,0,0.5,0.2,0.2,0.5
51354,0.5,0.2,0.5,0.2,0,0.2,0.2,0,0,0,0
51364,0.5,0.2,0.5,0.2,0,0.2,0.2,0,0.2,0,0.2
51371,0.5,0.2,0.5,0.2,0,0.2,0.2,0,0.2,0.5,0.5
51380,0.5,0.2,0.5,0.2,0,0.2,0.2,0,0.5,0.5,0.5
51390,0.5,0.2,0.5,0.2,0,0.2,0.2,0.2,0.2,0,0
51400,0.5,0.2,0.5,0.2,0,0.2,0.2,0.2,0.5,0,0.2
51406,0.5,0.2,0.5,0.2,0,0.2,0.2,0.2,0.5,0.5,0.2
51412,0.5,0.2,0.5,0.2,0,0.2,0.2,0.5,0,0.2,0.2
51423,0.5,0.2,0.5,0.2,0,0.2,0.2,0.5,0.2,0.5,0
51430,0.5,0.2,0.5,0.2,0,0.2,0.2,0.5,0.5,0.2,0.2
51439,0.5,0.2,0.5,0.2,0,0.2,0.5,0,0,0.2,0.2
51449,0.5,0.2,0.5,0.2,0,0.2,0.5,0,0.2,0.2,0.5
51460,0.5,0.2,0.5,0.2,0,0.2,0.5,0,0.5,0.5,0.2
51468,0.5,0.2,0.5,0.2,0,0.2,0.5,0.2,0,0.5,0
51475,0.5,0.2,0.5,0.2,0,0.2,0.5,0.2,0.2,0.2,0.2
51485,0.5,0.2,0.5,0.2,0,0.2,0.5,0.2,0.5,0.2,0.5
51494,0.5,0.2,0.5,0.2,0,0.2,0.5,0.5,0,0.2,0.5
51500,0.5,0.2,0.5,0.2,0,0.2,0.5,0.5,0.2,0,0.5
51515,0.5,0.2,0.5,0.2,0,0.2,0.5,0.5,0.5,0.5,0.5
51523,0.5,0.2,0.5,0.2,0,0.5,0,0,0,0.5,0.2
51528,0.5,0.2,0.5,0.2,0,0.5,0,0,0.2,0.2,0
51538,0.5,0.2,0.5,0.2,0,0.5,0,0,0.5,0.2,0.2
51547,0.5,0.2,0.5,0.2,0,0.5,0,0.2,0,0.2,0.2
51559,0.5,0.2,0.5,0.2,0,0.5,0,0.2,0.2,0.5,0.2
51569,0.5,0.2,0.5,0.2,0,0.5,0,0.2,0.5,0.5,0.5
51576,0.5,0.2,0.5,0.2,0,0.5,0,0.5,0,0.5,0
51582,0.5,0.2,0.5,0.2,0,0.5,0,0.5,0.2,0.2,0
51593,0.5,0.2,0.5,0.2,0,0.5,0,0.5,0.5,0.2,0.5
51604,0.5,0.2,0.5,0.2,0,0.5,0.2,0,0,0.5,0.2
51613,0.5,0.2,0.5,0.2,0,0.5,0.2,0,0.2,0.5,0.2
51622,0.5,0.2,0.5,0.2,0,0.5,0.2,0,0.5,0.5,0.2
51632,0.5,0.2,0.5,0.2,0,0.5,0.2,0.2,0,0.5,0.5
51640,0.5,0.2,0.5,0.2,0,0.5,0.2,0.2,0.2,0.5,0.2
51647,0.5,0.2,0.5,0.2,0,0.5,0.2,0.2,0.5,0.2,0.5
51659,0.5,0.2,0.5,0.2,0,0.5,0.2,0.5,0,0.5,0.5
51665,0.5,0.2,0.5,0.2,0,0.5,0.2,0.5,0.2,0.2,0.5
51677,0.5,0.2,0.5,0.2,0,0.5,0.2,0.5,0.5,0.5,0.5
51684,0.5,0.2,0.5,0.2,0,0.5,0.5,0,0,0.5,0
51688,0.5,0.2,0.5,0.2,0,0.5,0.5,0,0.2,0,0.2
51702,0.5,0.2,0.5,0.2,0,0.5,0.5,0,0.5,0.5,0
51706,0.5,0.2,0.5,0.2,0,0.5,0.5,0.2,0,0,0.2
51722,0.5,0.2,0.5,0.2,0,0.5,0.5,0.2,0.2,0.5,0.5
51725,0.5,0.2,0.5,0.2,0,0.5,0.5,0.2,0.5,0,0.5
51739,0.5,0.2,0.5,0.2,0,0.5,0.5,0.5,0,0.5,0.2
51744,0.5,0.2,0.5,0.2,0,0.5,0.5,0.5,0.2,0.2,0
51755,0.5,0.2,0.5,0.2,0,0.5,0.5,0.5,0.5,0.2,0.5
51760,0.5,0.2,0.5,0.5,0,0,0,0,0,0,0.2
51769,0.5,0.2,0.5,0.5,0,0,0,0,0.2,0,0.2
51773,0.5,0.2,0.5,0.5,0,0,0,0,0.2,0.2,0.5
51788,0.5,0.2,0.5,0.5,0,0,0,0.2,0,0,0.5
51791,0.5,0.2,0.5,0.5,0,0,0,0.2,0,0.2,0.5
51806,0.5,0.2,0.5,0.5,0,0,0,0.2,0.5,0,0.5
51810,0.5,0.2,0.5,0.5,0,0,0,0.2,0.5,0.5,0
51817,0.5,0.2,0.5,0.5,0,0,0,0.5,0,0.2,0.2
51832,0.5,0.2,0.5,0.5,0,0,0,0.5,0.5,0,0.2
51838,0.5,0.2,0.5,0.5,0,0,0,0.5,0.5,0.5,0.2
51846,0.5,0.2,0.5,0.5,0,0,0.2,0,0,0.5,0
51856,0.5,0.2,0.5,0.5,0,0,0.2,0,0.2,0.5,0.2
51866,0.5,0.2,0.5,0.5,0,0,0.2,0,0.5,0.5,0.5
51876,0.5,0.2,0.5,0.5,0,0,0.2,0.2,0.2,0,0
51879,0.5,0.2,0.5,0.5,0,0,0.2,0.2,0.2,0.2,0
51889,0.5,0.2,0.5,0.5,0,0,0.2,0.2,0.5,0.2,0.2
51899,0.5,0.2,0.5,0.5,0,0,0.2,0.5,0,0.2,0.5
51910,0.5,0.2,0.5,0.5,0,0,0.2,0.5,0.2,0.5,0.2
51917,0.5,0.2,0.5,0.5,0,0,0.2,0.5,0.5,0.2,0.5
51927,0.5,0.2,0.5,0.5,0,0,0.5,0,0,0.5,0
51933,0.5,0.2,0.5,0.5,0,0,0.5,0,0.2,0.2,0
51943,0.5,0.2,0.5,0.5,0,0,0.5,0,0.5,0.2,0.2
51950,0.5,0.2,0.5,0.5,0,0,0.5,0.2,0,0,0.5
51961,0.5,0.2,0.5,0.5,0,0,0.5,0.2,0.2,0.2,0.2
51969,0.5,0.2,0.5,0.5,0,0,0.5,0.2,0.5,0.2,0
51975,0.5,0.2,0.5,0.5,0,0,0.5,0.5,0,0,0
51988,0.5,0.2,0.5,0.5,0,0,0.5,0.5,0.2,0.2,0.2
51996,0.5,0.2,0.5,0.5,0,0,0.5,0.5,0.5,0.2,0
52002,0.5,0.2,0.5,0.5,0,0.2,0,0,0,0,0
52011,0.5,0.2,0.5,0.5,0,0.2,0,0,0.2,0,0
52018,0.5,0.2,0.5,0.5,0,0.2,0,0,0.2,0.5,0.2
52026,0.5,0.2,0.5,0.5,0,0.2,0,0,0.5,0.5,0
52035,0.5,0.2,0.5,0.5,0,0.2,0,0.2,0,0.5,0
52041,0.5,0.2,0.5,0.5,0,0.2,0,0.2,0.2,0.2,0
52056,0.5,0.2,0.5,0.5,0,0.2,0,0.5,0,0,0
52060,0.5,0.2,0.5,0.5,0,0.2,0,0.5,0,0.2,0.2
52076,0.5,0.2,0.5,0.5,0,0.2,0,0.5,0.5,0,0.5
52079,0.5,0.2,0.5,0.5,0,0.2,0,0.5,0.5,0.2,0.5
52091,0.5,0.2,0.5,0.5,0,0.2,0.2,0,0,0.5,0.5
52102,0.5,0.2,0.5,0.5,0,0.2,0.2,0,0.5,0,0.2
52112,0.5,0.2,0.5,0.5,0,0.2,0.2,0.2,0,0,0.5
52122,0.5,0.2,0.5,0.5,0,0.2,0.2,0.2,0.2,0.2,0
52130,0.5,0.2,0.5,0.5,0,0.2,0.2,0.2,0.5,0,0.5
52144,0.5,0.2,0.5,0.5,0,0.2,0.2,0.5,0,0.5,0.2
52147,0.5,0.2,0.5,0.5,0,0.2,0.2,0.5,0.2,0,0.2
52156,0.5,0.2,0.5,0.5,0,0.2,0.2,0.5,0.5,0,0.2
52171,0.5,0.2,0.5,0.5,0,0.2,0.5,0,0,0.5,0.2
52180,0.5,0.2,0.5,0.5,0,0.2,0.5,0,0.2,0.5,0.2
52186,0.5,0.2,0.5,0.5,0,0.2,0.5,0,0.5,0.2,0.2
52192,0.5,0.2,0.5,0.5,0,0.2,0.5,0.2,0,0,0.2
52204,0.5,0.2,0.5,0.5,0,0.2,0.5,0.2,0.2,0.2,0.2
52211,0.5,0.2,0.5,0.5,0,0.2,0.5,0.2,0.5,0,0.5
52221,0.5,0.2,0.5,0.5,0,0.2,0.5,0.5,0,0.2,0
52228,0.5,0.2,0.5,0.5,0,0.2,0.5,0.5,0.2,0,0.2
52240,0.5,0.2,0.5,0.5,0,0.2,0.5,0.5,0.5,0.2,0.2
52245,0.5,0.2,0.5,0.5,0,0.5,0,0,0,0,0
52255,0.5,0.2,0.5,0.5,0,0.5,0,0,0.2,0,0.2
52263,0.5,0.2,0.5,0.5,0,0.5,0,0,0.5,0,0
52267,0.5,0.2,0.5,0.5,0,0.5,0,0,0.5,0.2,0.2
52278,0.5,0.2,0.5,0.5,0,0.5,0,0.2,0,0.5,0
52284,0.5,0.2,0.5,0.5,0,0.5,0,0.2,0.2,0.2,0
52298,0.5,0.2,0.5,0.5,0,0.5,0,0.2,0.5,0.5,0.5
52306,0.5,0.2,0.5,0.5,0,0.5,0,0.5,0,0.5,0.2
52313,0.5,0.2,0.5,0.5,0,0.5,0,0.5,0.2,0.2,0.5
52326,0.5,0.2,0.5,0.5,0,0.5,0.2,0,0,0,0
52331,0.5,0.2,0.5,0.5,0,0.5,0.2,0,0,0.2,0.5
52338,0.5,0.2,0.5,0.5,0,0.5,0.2,0,0.2,0.2,0
52349,0.5,0.2,0.5,0.5,0,0.5,0.2,0,0.5,0.2,0.5
52356,0.5,0.2,0.5,0.5,0,0.5,0.2,0.2,0,0.2,0
52364,0.5,0.2,0.5,0.5,0,0.5,0.2,0.2,0.2,0,0.5
52379,0.5,0.2,0.5,0.5,0,0.5,0.2,0.2,0.5,0.5,0.5
52382,0.5,0.2,0.5,0.5,0,0.5,0.2,0.5,0,0,0.5
52397,0.5,0.2,0.5,0.5,0,0.5,0.2,0.5,0.2,0.5,0.5
52404,0.5,0.2,0.5,0.5,0,0.5,0.2,0.5,0.5,0.5,0
52410,0.5,0.2,0.5,0.5,0,0.5,0.5,0,0,0.2,0
52422,0.5,0.2,0.5,0.5,0,0.5,0.5,0,0.2,0.5,0
52429,0.5,0.2,0.5,0.5,0,0.5,0.5,0,0.5,0.2,0.2
52436,0.5,0.2,0.5,0.5,0,0.5,0.5,0.2,0,0,0.5
52451,0.5,0.2,0.5,0.5,0,0.5,0.5,0.2,0.2,0.5,0.5
52452,0.5,0.2,0.5,0.5,0,0.5,0.5,0.2,0.5,0,0
52462,0.5,0.2,0.5,0.5,0,0.5,0.5,0.5,0,0,0.2
52475,0.5,0.2,0.5,0.5,0,0.5,0.5,0.5,0.2,0.2,0.5
52481,0.5,0.2,0.5,0.5,0,0.5,0.5,0.5,0.5,0,0.5
52492,0.5,0.5,0,0,0,0,0,0,0,0.2,0.2
52500,0.5,0.5,0,0,0,0,0,0,0.2,0.2,0
52513,0.5,0.5,0,0,0,0,0,0,0.5,0.5,0.2
52523,0.5,0.5,0,0,0,0,0,0.2,0,0.5,0.5
52529,0.5,0.5,0,0,0,0,0,0.2,0.2,0.2,0.5
52534,0.5,0.5,0,0,0,0,0,0.2,0.5,0,0.2
52549,0.5,0.5,0,0,0,0,0,0.5,0,0.5,0.2
52555,0.5,0.5,0,0,0,0,0,0.5,0.2,0.2,0.2
52566,0.5,0.5,0,0,0,0,0,0.5,0.5,0.5,0
52575,0.5,0.5,0,0,0,0,0.2,0,0,0.5,0
52582,0.5,0.5,0,0,0,0,0.2,0,0.2,0.2,0.2
52588,0.5,0.5,0,0,0,0,0.2,0,0.5,0,0.2
52597,0.5,0.5,0,0,0,0,0.2,0.2,0,0,0.2
52612,0.5,0.5,0,0,0,0,0.2,0.2,0.2,0.5,0.2
52618,0.5,0.5,0,0,0,0,0.2,0.2,0.5,0.2,0.2
52625,0.5,0.5,0,0,0,0,0.2,0.5,0,0,0.5
52639,0.5,0.5,0,0,0,0,0.2,0.5,0.2,0.5,0.2
52646,0.5,0.5,0,0,0,0,0.2,0.5,0.5,0.2,0.5
52656,0.5,0.5,0,0,0,0,0.5,0,0,0.5,0
52666,0.5,0.5,0,0,0,0,0.5,0,0.2,0.5,0.2
52670,0.5,0.5,0,0,0,0,0.5,0,0.5,0,0.5
52682,0.5,0.5,0,0,0,0,0.5,0.2,0,0.2,0.5
52693,0.5,0.5,0,0,0,0,0.5,0.2,0.2,0.5,0.2
52700,0.5,0.5,0,0,0,0,0.5,0.2,0.5,0.2,0.5
52707,0.5,0.5,0,0,0,0,0.5,0.5,0,0.2,0
52714,0.5,0.5,0,0,0,0,0.5,0.5,0.2,0,0.2
52726,0.5,0.5,0,0,0,0,0.5,0.5,0.5,0.2,0.2
52732,0.5,0.5,0,0,0,0.2,0,0,0,0,0.2
52743,0.5,0.5,0,0,0,0.2,0,0,0.2,0.2,0
52756,0.5,0.5,0,0,0,0.2,0,0,0.5,0.5,0.2
52762,0.5,0.5,0,0,0,0.2,0,0.2,0,0.2,0.2
52770,0.5,0.5,0,0,0,0.2,0,0.2,0.2,0.2,0
52784,0.5,0.5,0,0,0,0.2,0,0.2,0.5,0.5,0.5
52788,0.5,0.5,0,0,0,0.2,0,0.5,0,0.2,0
52802,0.5,0.5,0,0,0,0.2,0,0.5,0.2,0.5,0.5
52808,0.5,0.5,0,0,0,0.2,0,0.5,0.5,0.2,0.5
52813,0.5,0.5,0,0,0,0.2,0.2,0,0,0,0.2
52826,0.5,0.5,0,0,0,0.2,0.2,0,0.2,0.2,0.5
52832,0.5,0.5,0,0,0,0.2,0.2,0,0.5,0,0.5
52843,0.5,0.5,0,0,0,0.2,0.2,0.2,0,0.2,0.2
52850,0.5,0.5,0,0,0,0.2,0.2,0.2,0.2,0,0.5
52862,0.5,0.5,0,0,0,0.2,0.2,0.2,0.5,0.2,0.5
52870,0.5,0.5,0,0,0,0.2,0.2,0.5,0,0.2,0.2
52877,0.5,0.5,0,0,0,0.2,0.2,0.5,0.2,0,0.5
52890,0.5,0.5,0,0,0,0.2,0.2,0.5,0.5,0.5,0
52901,0.5,0.5,0,0,0,0.2,0.5,0,0,0.5,0.5
52908,0.5,0.5,0,0,0,0.2,0.5,0,0.2,0.5,0
52916,0.5,0.5,0,0,0,0.2,0.5,0,0.5,0.2,0.5
52924,0.5,0.5,0,0,0,0.2,0.5,0.2,0,0.2,0.2
52932,0.5,0.5,0,0,0,0.2,0.5,0.2,0.2,0.2,0
52940,0.5,0.5,0,0,0,0.2,0.5,0.2,0.5,0,0.5
52955,0.5,0.5,0,0,0,0.2,0.5,0.5,0,0.5,0.5
52964,0.5,0.5,0,0,0,0.2,0.5,0.5,0.2,0.5,0.5
52971,0.5,0.5,0,0,0,0.2,0.5,0.5,0.5,0.5,0
52979,0.5,0.5,0,0,0,0.5,0,0,0,0.2,0.5
52990,0.5,0.5,0,0,0,0.5,0,0,0.2,0.5,0.2
53000,0.5,0.5,0,0,0,0.5,0,0,0.5,0.5,0.5
53009,0.5,0.5,0,0,0,0.5,0,0.2,0,0.5,0.5
53016,0.5,0.5,0,0,0,0.5,0,0.2,0.2,0.5,0
53024,0.5,0.5,0,0,0,0.5,0,0.2,0.5,0.2,0.5
53029,0.5,0.5,0,0,0,0.5,0,0.5,0,0,0.2
53038,0.5,0.5,0,0,0,0.5,0,0.5,0.2,0,0.2
53050,0.5,0.5,0,0,0,0.5,0,0.5,0.5,0.2,0.2
53059,0.5,0.5,0,0,0,0.5,0.2,0,0,0.2,0.2
53067,0.5,0.5,0,0,0,0.5,0.2,0,0.2,0.2,0
53075,0.5,0.5,0,0,0,0.5,0.2,0,0.5,0,0.5
53086,0.5,0.5,0,0,0,0.5,0.2,0.2,0,0.2,0.2
53098,0.5,0.5,0,0,0,0.5,0.2,0.2,0.2,0.5,0.2
53106,0.5,0.5,0,0,0,0.5,0.2,0.2,0.5,0.5,0
53116,0.5,0.5,0,0,0,0.5,0.2,0.5,0,0.5,0.2
53123,0.5,0.5,0,0,0,0.5,0.2,0.5,0.2,0.2,0.5
53129,0.5,0.5,0,0,0,0.5,0.2,0.5,0.5,0,0.5
53140,0.5,0.5,0,0,0,0.5,0.5,0,0,0.2,0.2
53148,0.5,0.5,0,0,0,0.5,0.5,0,0.2,0.2,0
53154,0.5,0.5,0,0,0,0.5,0.5,0,0.5,0,0
53162,0.5,0.5,0,0,0,0.5,0.5,0,0.5,0.5,0.5
53169,0.5,0.5,0,0,0,0.5,0.5,0.2,0,0.5,0
53177,0.5,0.5,0,0,0,0.5,0.5,0.2,0.2,0.2,0.5
53184,0.5,0.5,0,0,0,0.5,0.5,0.2,0.5,0.2,0
53190,0.5,0.5,0,0,0,0.5,0.5,0.5,0,0,0
53196,0.5,0.5,0,0,0,0.5,0.5,0.5,0,0.5,0
53202,0.5,0.5,0,0,0,0.5,0.5,0.5,0.2,0.2,0
53207,0.5,0.5,0,0,0,0.5,0.5,0.5,0.2,0.5,0.5
53213,0.5,0.5,0,0,0,0.5,0.5,0.5,0.5,0.2,0.5
53219,0.5,0.5,0,0.2,0,0,0,0,0,0,0.5
53226,0.5,0.5,0,0.2,0,0,0,0,0.2,0,0
53235,0.5,0.5,0,0.2,0,0,0,0,0.5,0,0
53241,0.5,0.5,0,0.2,0,0,0,0,0.5,0.5,0
53247,0.5,0.5,0,0.2,0,0,0,0.2,0,0.2,0
53251,0.5,0.5,0,0.2,0,0,0,0.2,0,0.5,0.2
53256,0.5,0.5,0,0.2,0,0,0,0.2,0.2,0.2,0
53262,0.5,0.5,0,0.2,0,0,0,0.2,0.5,0,0
53268,0.5,0.5,0,0.2,0,0,0,0.2,0.5,0.5,0
53274,0.5,0.5,0,0.2,0,0,0,0.5,0,0.2,0
53278,0.5,0.5,0,0.2,0,0,0,0.5,0,0.5,0.2
53284,0.5,0.5,0,0.2,0,0,0,0.5,0.2,0.2,0.2
53290,0.5,0.5,0,0.2,0,0,0,0.5,0.5,0,0.2
53297,0.5,0.5,0,0.2,0,0,0,0.5,0.5,0.5,0.5
53302,0.5,0.5,0,0.2,0,0,0.2,0,0,0.2,0.2
53308,0.5,0.5,0,0.2,0,0,0.2,0,0.2,0,0.2
53314,0.5,0.5,0,0.2,0,0,0.2,0,0.2,0.5,0.2
53320,0.5,0.5,0,0.2,0,0,0.2,0,0.5,0.2,0.2
53326,0.5,0.5,0,0.2,0,0,0.2,0.2,0,0,0.2
53332,0.5,0.5,0,0.2,0,0,0.2,0.2,0,0.5,0.2
53338,0.5,0.5,0,0.2,0,0,0.2,0.2,0.2,0.2,0.2
53345,0.5,0.5,0,0.2,0,0,0.2,0.2,0.5,0,0.5
53351,0.5,0.5,0,0.2,0,0,0.2,0.2,0.5,0.5,0.5
53357,0.5,0.5,0,0.2,0,0,0.2,0.5,0,0.2,0.5
53362,0.5,0.5,0,0.2,0,0,0.2,0.5,0.2,0,0.2
53368,0.5,0.5,0,0.2,0,0,0.2,0.5,0.2,0.5,0.2
53374,0.5,0.5,0,0.2,0,0,0.2,0.5,0.5,0.2,0.2
53380,0.5,0.5,0,0.2,0,0,0.5,0,0,0,0.2
53386,0.5,0.5,0,0.2,0,0,0.5,0,0,0.5,0.2
53392,0.5,0.5,0,0.2,0,0,0.5,0,0.2,0.2,0.2
53398,0.5,0.5,0,0.2,0,0,0.5,0,0.5,0,0.2
53404,0.5,0.5,0,0.2,0,0,0.5,0,0.5,0.5,0.2
53410,0.5,0.5,0,0.2,0,0,0.5,0.2,0,0.2,0.2
53416,0.5,0.5,0,0.2,0,0,0.5,0.2,0.2,0,0.2
53423,0.5,0.5,0,0.2,0,0,0.5,0.2,0.2,0.5,0.5
53429,0.5,0.5,0,0.2,0,0,0.5,0.2,0.5,0.2,0.5
53435,0.5,0.5,0,0.2,0,0,0.5,0.5,0,0,0.5
53441,0.5,0.5,0,0.2,0,0,0.5,0.5,0,0.5,0.5
53445,0.5,0.5,0,0.2,0,0,0.5,0.5,0.2,0.2,0
53453,0.5,0.5,0,0.2,0,0,0.5,0.5,0.5,0,0.5
53458,0.5,0.5,0,0.2,0,0,0.5,0.5,0.5,0.5,0.2
53464,0.5,0.5,0,0.2,0,0.2,0,0,0,0.2,0.2
53470,0.5,0.5,0,0.2,0,0.2,0,0,0.2,0,0.2
53473,0.5,0.5,0,0.2,0,0.2,0,0,0.2,0.2,0.2
53479,0.5,0.5,0,0.2,0,0.2,0,0,0.5,0,0.2
53484,0.5,0.5,0,0.2,0,0.2,0,0,0.5,0.5,0
53490,0.5,0.5,0,0.2,0,0.2,0,0.2,0,0.2,0
53496,0.5,0.5,0,0.2,0,0.2,0,0.2,0.2,0,0
53502,0.5,0.5,0,0.2,0,0.2,0,0.2,0.2,0.5,0
53508,0.5,0.5,0,0.2,0,0.2,0,0.2,0.5,0.2,0
53513,0.5,0.5,0,0.2,0,0.2,0,0.2,0.5,0.5,0.5
53519,0.5,0.5,0,0.2,0,0.2,0,0.5,0,0.2,0.5
53525,0.5,0.5,0,0.2,0,0.2,0,0.5,0.2,0,0.5
53533,0.5,0.5,0,0.2,0,0.2,0,0.5,0.5,0,0.2
53542,0.5,0.5,0,0.2,0,0.2,0.2,0,0,0,0.2
53548,0.5,0.5,0,0.2,0,0.2,0.2,0,0,0.5,0.2
53554,0.5,0.5,0,0.2,0,0.2,0.2,0,0.2,0.2,0.2
53559,0.5,0.5,0,0.2,0,0.2,0.2,0,0.5,0,0
53566,0.5,0.5,0,0.2,0,0.2,0.2,0,0.5,0.5,0.2
53572,0.5,0.5,0,0.2,0,0.2,0.2,0.2,0,0.2,0.2
53578,0.5,0.5,0,0.2,0,0.2,0.2,0.2,0.2,0,0.2
53584,0.5,0.5,0,0.2,0,0.2,0.2,0.2,0.2,0.5,0.2
53591,0.5,0.5,0,0.2,0,0.2,0.2,0.2,0.5,0.2,0.5
53596,0.5,0.5,0,0.2,0,0.2,0.2,0.5,0,0,0.2
53604,0.5,0.5,0,0.2,0,0.2,0.2,0.5,0.2,0,0
53610,0.5,0.5,0,0.2,0,0.2,0.2,0.5,0.2,0.5,0
53616,0.5,0.5,0,0.2,0,0.2,0.2,0.5,0.5,0.2,0
53622,0.5,0.5,0,0.2,0,0.2,0.5,0,0,0,0
53628,0.5,0.5,0,0.2,0,0.2,0.5,0,0,0.5,0
53635,0.5,0.5,0,0.2,0,0.2,0.5,0,0.2,0.2,0.2
53641,0.5,0.5,0,0.2,0,0.2,0.5,0,0.5,0,0.2
53649,0.5,0.5,0,0.2,0,0.2,0.5,0.2,0,0,0
53655,0.5,0.5,0,0.2,0,0.2,0.5,0.2,0,0.5,0
53661,0.5,0.5,0,0.2,0,0.2,0.5,0.2,0.2,0.2,0
53667,0.5,0.5,0,0.2,0,0.2,0.5,0.2,0.5,0,0
53672,0.5,0.5,0,0.2,0,0.2,0.5,0.2,0.5,0.2,0.5
53678,0.5,0.5,0,0.2,0,0.2,0.5,0.5,0,0,0.5
53684,0.5,0.5,0,0.2,0,0.2,0.5,0.5,0,0.5,0.5
53688,0.5,0.5,0,0.2,0,0.2,0.5,0.5,0.2,0.2,0
53695,0.5,0.5,0,0.2,0,0.2,0.5,0.5,0.5,0,0.2
53702,0.5,0.5,0,0.2,0,0.2,0.5,0.5,0.5,0.5,0.5
53708,0.5,0.5,0,0.2,0,0.5,0,0,0,0.2,0.5
53714,0.5,0.5,0,0.2,0,0.5,0,0,0.2,0,0.5
53720,0.5,0.5,0,0.2,0,0.5,0,0,0.2,0.5,0.5
53726,0.5,0.5,0,0.2,0,0.5,0,0,0.5,0.2,0.5
53732,0.5,0.5,0,0.2,0,0.5,0,0.2,0,0,0.5
53740,0.5,0.5,0,0.2,0,0.5,0,0.2,0.2,0,0.2
53746,0.5,0.5,0,0.2,0,0.5,0,0.2,0.2,0.5,0.2
53752,0.5,0.5,0,0.2,0,0.5,0,0.2,0.5,0.2,0.2
53758,0.5,0.5,0,0.2,0,0.5,0,0.5,0,0,0.2
53765,0.5,0.5,0,0.2,0,0.5,0,0.5,0,0.5,0.5
53771,0.5,0.5,0,0.2,0,0.5,0,0.5,0.2,0.2,0.5
53777,0.5,0.5,0,0.2,0,0.5,0,0.5,0.5,0,0.5
53785,0.5,0.5,0,0.2,0,0.5,0.2,0,0,0,0.2
53791,0.5,0.5,0,0.2,0,0.5,0.2,0,0,0.5,0.2
53797,0.5,0.5,0,0.2,0,0.5,0.2,0,0.2,0.2,0.2
53803,0.5,0.5,0,0.2,0,0.5,0.2,0,0.5,0,0.2
53808,0.5,0.5,0,0.2,0,0.5,0.2,0,0.5,0.5,0
53814,0.5,0.5,0,0.2,0,0.5,0.2,0.2,0,0.2,0
53821,0.5,0.5,0,0.2,0,0.5,0.2,0.2,0.2,0,0.2
53827,0.5,0.5,0,0.2,0,0.5,0.2,0.2,0.2,0.5,0.2
53834,0.5,0.5,0,0.2,0,0.5,0.2,0.2,0.5,0.2,0.5
53840,0.5,0.5,0,0.2,0,0.5,0.2,0.5,0,0,0.5
53848,0.5,0.5,0,0.2,0,0.5,0.2,0.5,0.2,0,0.2
53854,0.5,0.5,0,0.2,0,0.5,0.2,0.5,0.2,0.5,0.2
53860,0.5,0.5,0,0.2,0,0.5,0.2,0.5,0.5,0.2,0.2
53866,0.5,0.5,0,0.2,0,0.5,0.5,0,0,0,0.2
53872,0.5,0.5,0,0.2,0,0.5,0.5,0,0,0.5,0.2
53878,0.5,0.5,0,0.2,0,0.5,0.5,0,0.2,0.2,0.2
53884,0.5,0.5,0,0.2,0,0.5,0.5,0,0.5,0,0.2
53889,0.5,0.5,0,0.2,0,0.5,0.5,0,0.5,0.5,0
53895,0.5,0.5,0,0.2,0,0.5,0.5,0.2,0,0.2,0
53902,0.5,0.5,0,0.2,0,0.5,0.5,0.2,0.2,0,0.2
53907,0.5,0.5,0,0.2,0,0.5,0.5,0.2,0.2,0.5,0
53914,0.5,0.5,0,0.2,0,0.5,0.5,0.2,0.5,0.2,0.2
53920,0.5,0.5,0,0.2,0,0.5,0.5,0.5,0,0,0.2
53927,0.5,0.5,0,0.2,0,0.5,0.5,0.5,0,0.5,0.5
53933,0.5,0.5,0,0.2,0,0.5,0.5,0.5,0.2,0.2,0.5
53939,0.5,0.5,0,0.2,0,0.5,0.5,0.5,0.5,0,0.5
53945,0.5,0.5,0,0.2,0,0.5,0.5,0.5,0.5,0.5,0.5
53951,0.5,0.5,0,0.5,0,0,0,0,0,0.2,0.5
53957,0.5,0.5,0,0.5,0,0,0,0,0.2,0,0.5
53962,0.5,0.5,0,0.5,0,0,0,0,0.2,0.5,0.2
53969,0.5,0.5,0,0.5,0,0,0,0,0.5,0.2,0.5
53975,0.5,0.5,0,0.5,0,0,0,0.2,0,0,0.5
53981,0.5,0.5,0,0.5,0,0,0,0.2,0,0.5,0.5
53987,0.5,0.5,0,0.5,0,0,0,0.2,0.2,0.2,0.5
53993,0.5,0.5,0,0.5,0,0,0,0.2,0.5,0,0.5
53998,0.5,0.5,0,0.5,0,0,0,0.2,0.5,0.5,0.2
54004,0.5,0.5,0,0.5,0,0,0,0.5,0,0.2,0.2
54010,0.5,0.5,0,0.5,0,0,0,0.5,0.2,0,0.2
54015,0.5,0.5,0,0.5,0,0,0,0.5,0.2,0.5,0
54021,0.5,0.5,0,0.5,0,0,0,0.5,0.5,0.2,0
54027,0.5,0.5,0,0.5,0,0,0.2,0,0,0,0
54033,0.5,0.5,0,0.5,0,0,0.2,0,0,0.5,0
54039,0.5,0.5,0,0.5,0,0,0.2,0,0.2,0.2,0
54045,0.5,0.5,0,0.5,0,0,0.2,0,0.5,0,0
54051,0.5,0.5,0,0.5,0,0,0.2,0,0.5,0.5,0
54059,0.5,0.5,0,0.5,0,0,0.2,0.2,0,0.2,0.5
54064,0.5,0.5,0,0.5,0,0,0.2,0.2,0.2,0,0.2
54071,0.5,0.5,0,0.5,0,0,0.2,0.2,0.2,0.5,0.5
54077,0.5,0.5,0,0.5,0,0,0.2,0.2,0.5,0.2,0.5
54081,0.5,0.5,0,0.5,0,0,0.2,0.5,0,0,0
54087,0.5,0.5,0,0.5,0,0,0.2,0.5,0,0.5,0
54093,0.5,0.5,0,0.5,0,0,0.2,0.5,0.2,0.2,0
54099,0.5,0.5,0,0.5,0,0,0.2,0.5,0.5,0,0
54105,0.5,0.5,0,0.5,0,0,0.2,0.5,0.5,0.5,0
54113,0.5,0.5,0,0.5,0,0,0.5,0,0,0.2,0.5
54118,0.5,0.5,0,0.5,0,0,0.5,0,0.2,0,0.2
54125,0.5,0.5,0,0.5,0,0,0.5,0,0.2,0.5,0.5
54132,0.5,0.5,0,0.5,0,0,0.5,0,0.5,0.5,0
54138,0.5,0.5,0,0.5,0,0,0.5,0.2,0,0.2,0
54144,0.5,0.5,0,0.5,0,0,0.5,0.2,0.2,0,0
54149,0.5,0.5,0,0.5,0,0,0.5,0.2,0.2,0.2,0.5
54155,0.5,0.5,0,0.5,0,0,0.5,0.2,0.5,0,0.5
54161,0.5,0.5,0,0.5,0,0,0.5,0.2,0.5,0.5,0.5
54170,0.5,0.5,0,0.5,0,0,0.5,0.5,0,0.5,0.5
54176,0.5,0.5,0,0.5,0,0,0.5,0.5,0.2,0.2,0.5
54182,0.5,0.5,0,0.5,0,0,0.5,0.5,0.5,0,0.5
54186,0.5,0.5,0,0.5,0,0,0.5,0.5,0.5,0.5,0
54192,0.5,0.5,0,0.5,0,0.2,0,0,0,0.2,0
54198,0.5,0.5,0,0.5,0,0.2,0,0,0.2,0,0
54206,0.5,0.5,0,0.5,0,0.2,0,0,0.2,0.5,0.5
54212,0.5,0.5,0,0.5,0,0.2,0,0,0.5,0.2,0.5
54215,0.5,0.5,0,0.5,0,0.2,0,0,0.5,0.5,0.5
54222,0.5,0.5,0,0.5,0,0.2,0,0.2,0,0.5,0
54230,0.5,0.5,0,0.5,0,0.2,0,0.2,0.2,0.2,0.5
54234,0.5,0.5,0,0.5,0,0.2,0,0.2,0.5,0,0
54242,0.5,0.5,0,0.5,0,0.2,0,0.2,0.5,0.5,0.5
54246,0.5,0.5,0,0.5,0,0.2,0,0.5,0,0.2,0
54252,0.5,0.5,0,0.5,0,0.2,0,0.5,0.2,0,0
54258,0.5,0.5,0,0.5,0,0.2,0,0.5,0.2,0.5,0
54265,0.5,0.5,0,0.5,0,0.2,0,0.5,0.5,0.2,0.2
54271,0.5,0.5,0,0.5,0,0.2,0.2,0,0,0,0.2
54278,0.5,0.5,0,0.5,0,0.2,0.2,0,0,0.5,0.5
54284,0.5,0.5,0,0.5,0,0.2,0.2,0,0.2,0.2,0.5
54290,0.5,0.5,0,0.5,0,0.2,0.2,0,0.5,0,0.5
54296,0.5,0.5,0,0.5,0,0.2,0.2,0,0.5,0.5,0.5
54302,0.5,0.5,0,0.5,0,0.2,0.2,0.2,0,0.2,0.5
54307,0.5,0.5,0,0.5,0,0.2,0.2,0.2,0.2,0,0.2
54313,0.5,0.5,0,0.5,0,0.2,0.2,0.2,0.2,0.5,0.2
54319,0.5,0.5,0,0.5,0,0.2,0.2,0.2,0.5,0.2,0.2
54326,0.5,0.5,0,0.5,0,0.2,0.2,0.5,0,0,0.5
54332,0.5,0.5,0,0.5,0,0.2,0.2,0.5,0,0.5,0.5
54337,0.5,0.5,0,0.5,0,0.2,0.2,0.5,0.2,0.2,0.2
54343,0.5,0.5,0,0.5,0,0.2,0.2,0.5,0.5,0,0.2
54349,0.5,0.5,0,0.5,0,0.2,0.2,0.5,0.5,0.5,0.2
54355,0.5,0.5,0,0.5,0,0.2,0.5,0,0,0.2,0.2
54362,0.5,0.5,0,0.5,0,0.2,0.5,0,0.2,0,0.5
54366,0.5,0.5,0,0.5,0,0.2,0.5,0,0.2,0.5,0
54372,0.5,0.5,0,0.5,0,0.2,0.5,0,0.5,0.2,0
54378,0.5,0.5,0,0.5,0,0.2,0.5,0.2,0,0,0
54384,0.5,0.5,0,0.5,0,0.2,0.5,0.2,0,0.5,0
54391,0.5,0.5,0,0.5,0,0.2,0.5,0.2,0.2,0.2,0.2
54396,0.5,0.5,0,0.5,0,0.2,0.5,0.2,0.5,0,0
54402,0.5,0.5,0,0.5,0,0.2,0.5,0.2,0.5,0.5,0
54409,0.5,0.5,0,0.5,0,0.2,0.5,0.5,0,0.2,0.2
54415,0.5,0.5,0,0.5,0,0.2,0.5,0.5,0.2,0,0.2
54421,0.5,0.5,0,0.5,0,0.2,0.5,0.5,0.2,0.5,0.2
54427,0.5,0.5,0,0.5,0,0.2,0.5,0.5,0.5,0.2,0.2
54433,0.5,0.5,0,0.5,0,0.5,0,0,0,0,0.2
54439,0.5,0.5,0,0.5,0,0.5,0,0,0,0.5,0.2
54445,0.5,0.5,0,0.5,0,0.5,0,0,0.2,0.2,0.2
54451,0.5,0.5,0,0.5,0,0.5,0,0,0.5,0,0.2
54457,0.5,0.5,0,0.5,0,0.5,0,0,0.5,0.5,0.2
54464,0.5,0.5,0,0.5,0,0.5,0,0.2,0,0.2,0.5
54470,0.5,0.5,0,0.5,0,0.5,0,0.2,0.2,0,0.5
54476,0.5,0.5,0,0.5,0,0.5,0,0.2,0.2,0.5,0.5
54482,0.5,0.5,0,0.5,0,0.5,0,0.2,0.5,0.2,0.5
54488,0.5,0.5,0,0.5,0,0.5,0,0.5,0,0,0.5
54494,0.5,0.5,0,0.5,0,0.5,0,0.5,0,0.5,0.5
54500,0.5,0.5,0,0.5,0,0.5,0,0.5,0.2,0.2,0.5
54506,0.5,0.5,0,0.5,0,0.5,0,0.5,0.5,0,0.5
54512,0.5,0.5,0,0.5,0,0.5,0,0.5,0.5,0.5,0.5
54516,0.5,0.5,0,0.5,0,0.5,0.2,0,0,0.2,0
54523,0.5,0.5,0,0.5,0,0.5,0.2,0,0.2,0,0.2
54529,0.5,0.5,0,0.5,0,0.5,0.2,0,0.2,0.5,0.2
54536,0.5,0.5,0,0.5,0,0.5,0.2,0,0.5,0.2,0.5
54542,0.5,0.5,0,0.5,0,0.5,0.2,0.2,0,0,0.5
54548,0.5,0.5,0,0.5,0,0.5,0.2,0.2,0,0.5,0.5
54554,0.5,0.5,0,0.5,0,0.5,0.2,0.2,0.2,0.2,0.5
54560,0.5,0.5,0,0.5,0,0.5,0.2,0.2,0.5,0,0.5
54566,0.5,0.5,0,0.5,0,0.5,0.2,0.2,0.5,0.5,0.5
54573,0.5,0.5,0,0.5,0,0.5,0.2,0.5,0,0.5,0
54581,0.5,0.5,0,0.5,0,0.5,0.2,0.5,0.2,0.2,0.5
54587,0.5,0.5,0,0.5,0,0.5,0.2,0.5,0.5,0,0.5
54593,0.5,0.5,0,0.5,0,0.5,0.2,0.5,0.5,0.5,0.5
54599,0.5,0.5,0,0.5,0,0.5,0.5,0,0,0.2,0.5
54604,0.5,0.5,0,0.5,0,0.5,0.5,0,0.2,0,0.2
54610,0.5,0.5,0,0.5,0,0.5,0.5,0,0.2,0.5,0.2
54616,0.5,0.5,0,0.5,0,0.5,0.5,0,0.5,0.2,0.2
54621,0.5,0.5,0,0.5,0,0.5,0.5,0.2,0,0,0
54626,0.5,0.5,0,0.5,0,0.5,0.5,0.2,0,0.2,0.5
54632,0.5,0.5,0,0.5,0,0.5,0.5,0.2,0.2,0,0.5
54638,0.5,0.5,0,0.5,0,0.5,0.5,0.2,0.2,0.5,0.5
54644,0.5,0.5,0,0.5,0,0.5,0.5,0.2,0.5,0.2,0.5
54651,0.5,0.5,0,0.5,0,0.5,0.5,0.5,0,0.2,0
54657,0.5,0.5,0,0.5,0,0.5,0.5,0.5,0.2,0,0
54663,0.5,0.5,0,0.5,0,0.5,0.5,0.5,0.2,0.5,0
54671,0.5,0.5,0,0.5,0,0.5,0.5,0.5,0.5,0.2,0.5
54677,0.5,0.5,0.2,0,0,0,0,0,0,0,0.5
54681,0.5,0.5,0.2,0,0,0,0,0,0,0.5,0
54687,0.5,0.5,0.2,0,0,0,0,0,0.2,0.2,0
54693,0.5,0.5,0.2,0,0,0,0,0,0.5,0,0
54701,0.5,0.5,0.2,0,0,0,0,0,0.5,0.5,0.5
54708,0.5,0.5,0.2,0,0,0,0,0.2,0,0.5,0
54713,0.5,0.5,0.2,0,0,0,0,0.2,0.2,0,0.5
54716,0.5,0.5,0.2,0,0,0,0,0.2,0.2,0.2,0.5
54722,0.5,0.5,0.2,0,0,0,0,0.2,0.5,0,0.5
54728,0.5,0.5,0.2,0,0,0,0,0.2,0.5,0.5,0.5
54734,0.5,0.5,0.2,0,0,0,0,0.5,0,0.2,0.5
54739,0.5,0.5,0.2,0,0,0,0,0.5,0.2,0,0.2
54746,0.5,0.5,0.2,0,0,0,0,0.5,0.2,0.5,0.5
54752,0.5,0.5,0.2,0,0,0,0,0.5,0.5,0.2,0.5
54758,0.5,0.5,0.2,0,0,0,0.2,0,0,0,0.5
54763,0.5,0.5,0.2,0,0,0,0.2,0,0,0.5,0.2
54769,0.5,0.5,0.2,0,0,0,0.2,0,0.2,0.2,0.2
54775,0.5,0.5,0.2,0,0,0,0.2,0,0.5,0,0.2
54781,0.5,0.5,0.2,0,0,0,0.2,0,0.5,0.5,0.2
54787,0.5,0.5,0.2,0,0,0,0.2,0.2,0,0.2,0.2
54792,0.5,0.5,0.2,0,0,0,0.2,0.2,0.2,0,0
54798,0.5,0.5,0.2,0,0,0,0.2,0.2,0.2,0.5,0
54804,0.5,0.5,0.2,0,0,0,0.2,0.2,0.5,0.2,0
54808,0.5,0.5,0.2,0,0,0,0.2,0.2,0.5,0.5,0.2
54814,0.5,0.5,0.2,0,0,0,0.2,0.5,0,0.2,0.2
54820,0.5,0.5,0.2,0,0,0,0.2,0.5,0.2,0,0.2
54825,0.5,0.5,0.2,0,0,0,0.2,0.5,0.2,0.5,0
54831,0.5,0.5,0.2,0,0,0,0.2,0.5,0.5,0.2,0
54838,0.5,0.5,0.2,0,0,0,0.5,0,0,0,0.2
54845,0.5,0.5,0.2,0,0,0,0.5,0,0,0.5,0.5
54851,0.5,0.5,0.2,0,0,0,0.5,0,0.2,0.2,0.5
54857,0.5,0.5,0.2,0,0,0,0.5,0,0.5,0,0.5
54864,0.5,0.5,0.2,0,0,0,0.5,0.2,0,0,0
54870,0.5,0.5,0.2,0,0,0,0.5,0.2,0,0.5,0
54876,0.5,0.5,0.2,0,0,0,0.5,0.2,0.2,0.2,0
54880,0.5,0.5,0.2,0,0,0,0.5,0.2,0.2,0.5,0.2
54886,0.5,0.5,0.2,0,0,0,0.5,0.2,0.5,0.2,0.2
54893,0.5,0.5,0.2,0,0,0,0.5,0.5,0,0,0.5
54898,0.5,0.5,0.2,0,0,0,0.5,0.5,0,0.5,0.2
54903,0.5,0.5,0.2,0,0,0,0.5,0.5,0.2,0.2,0
54907,0.5,0.5,0.2,0,0,0,0.5,0.5,0.2,0.5,0.2
54912,0.5,0.5,0.2,0,0,0,0.5,0.5,0.5,0.2,0
54917,0.5,0.5,0.2,0,0,0,0.5,0.5,0.5,0.5,0.5
54922,0.5,0.5,0.2,0,0,0.2,0,0,0,0.2,0.2
54927,0.5,0.5,0.2,0,0,0.2,0,0,0.2,0,0
54934,0.5,0.5,0.2,0,0,0.2,0,0,0.2,0.5,0.2
54939,0.5,0.5,0.2,0,0,0.2,0,0,0.5,0.2,0
54944,0.5,0.5,0.2,0,0,0.2,0,0,0.5,0.5,0.5
54949,0.5,0.5,0.2,0,0,0.2,0,0.2,0,0.2,0.2
54954,0.5,0.5,0.2,0,0,0.2,0,0.2,0.2,0,0
54959,0.5,0.5,0.2,0,0,0.2,0,0.2,0.2,0.2,0.5
54963,0.5,0.5,0.2,0,0,0.2,0,0.2,0.5,0,0
54969,0.5,0.5,0.2,0,0,0.2,0,0.2,0.5,0.5,0
54974,0.5,0.5,0.2,0,0,0.2,0,0.5,0,0,0.5
54978,0.5,0.5,0.2,0,0,0.2,0,0.5,0,0.5,0
54983,0.5,0.5,0.2,0,0,0.2,0,0.5,0.2,0,0.5
54988,0.5,0.5,0.2,0,0,0.2,0,0.5,0.2,0.5,0.2
54993,0.5,0.5,0.2,0,0,0.2,0,0.5,0.5,0.2,0
54999,0.5,0.5,0.2,0,0,0.2,0.2,0,0,0,0
55003,0.5,0.5,0.2,0,0,0.2,0.2,0,0,0.2,0.2
55008,0.5,0.5,0.2,0,0,0.2,0.2,0,0.2,0,0
55013,0.5,0.5,0.2,0,0,0.2,0.2,0,0.2,0.2,0.5
55018,0.5,0.5,0.2,0,0,0.2,0.2,0,0.5,0,0.2
55022,0.5,0.5,0.2,0,0,0.2,0.2,0,0.5,0.2,0.5
55027,0.5,0.5,0.2,0,0,0.2,0.2,0.2,0,0,0.2
55032,0.5,0.5,0.2,0,0,0.2,0.2,0.2,0,0.5,0
55037,0.5,0.5,0.2,0,0,0.2,0.2,0.2,0.2,0,0.5
55042,0.5,0.5,0.2,0,0,0.2,0.2,0.2,0.2,0.5,0.2
55047,0.5,0.5,0.2,0,0,0.2,0.2,0.2,0.5,0.2,0
55052,0.5,0.5,0.2,0,0,0.2,0.2,0.2,0.5,0.5,0.5
55058,0.5,0.5,0.2,0,0,0.2,0.2,0.5,0,0.2,0.5
55063,0.5,0.5,0.2,0,0,0.2,0.2,0.5,0.2,0,0.2
55068,0.5,0.5,0.2,0,0,0.2,0.2,0.5,0.2,0.5,0
55073,0.5,0.5,0.2,0,0,0.2,0.2,0.5,0.5,0,0.5
55078,0.5,0.5,0.2,0,0,0.2,0.2,0.5,0.5,0.5,0.2
55083,0.5,0.5,0.2,0,0,0.2,0.5,0,0,0.2,0
55088,0.5,0.5,0.2,0,0,0.2,0.5,0,0,0.5,0.5
55093,0.5,0.5,0.2,0,0,0.2,0.5,0,0.2,0.2,0.2
55097,0.5,0.5,0.2,0,0,0.2,0.5,0,0.2,0.5,0.5
55100,0.5,0.5,0.2,0,0,0.2,0.5,0,0.5,0,0.5
55105,0.5,0.5,0.2,0,0,0.2,0.5,0,0.5,0.5,0.2
55109,0.5,0.5,0.2,0,0,0.2,0.5,0.2,0,0,0.5
55113,0.5,0.5,0.2,0,0,0.2,0.5,0.2,0,0.5,0
55117,0.5,0.5,0.2,0,0,0.2,0.5,0.2,0.2,0,0.2
55121,0.5,0.5,0.2,0,0,0.2,0.5,0.2,0.2,0.2,0.5
55125,0.5,0.5,0.2,0,0,0.2,0.5,0.2,0.5,0,0
55129,0.5,0.5,0.2,0,0,0.2,0.5,0.2,0.5,0.2,0.2
55133,0.5,0.5,0.2,0,0,0.2,0.5,0.2,0.5,0.5,0.5
55137,0.5,0.5,0.2,0,0,0.2,0.5,0.5,0,0.2,0
55141,0.5,0.5,0.2,0,0,0.2,0.5,0.5,0,0.5,0.2
55145,0.5,0.5,0.2,0,0,0.2,0.5,0.5,0.2,0,0.5
55149,0.5,0.5,0.2,0,0,0.2,0.5,0.5,0.2,0.5,0
55153,0.5,0.5,0.2,0,0,0.2,0.5,0.5,0.5,0,0.2
55158,0.5,0.5,0.2,0,0,0.2,0.5,0.5,0.5,0.5,0
55161,0.5,0.5,0.2,0,0,0.5,0,0,0,0,0
55165,0.5,0.5,0.2,0,0,0.5,0,0,0,0.2,0.2
55169,0.5,0.5,0.2,0,0,0.5,0,0,0,0.5,0.5
55173,0.5,0.5,0.2,0,0,0.5,0,0,0.2,0.2,0
55177,0.5,0.5,0.2,0,0,0.5,0,0,0.2,0.5,0.2
55181,0.5,0.5,0.2,0,0,0.5,0,0,0.5,0,0.5
55184,0.5,0.5,0.2,0,0,0.5,0,0,0.5,0.2,0.5
55187,0.5,0.5,0.2,0,0,0.5,0,0,0.5,0.5,0.5
55191,0.5,0.5,0.2,0,0,0.5,0,0.2,0,0.2,0
55195,0.5,0.5,0.2,0,0,0.5,0,0.2,0,0.5,0.2
55199,0.5,0.5,0.2,0,0,0.5,0,0.2,0.2,0,0.5
55203,0.5,0.5,0.2,0,0,0.5,0,0.2,0.2,0.5,0
55207,0.5,0.5,0.2,0,0,0.5,0,0.2,0.5,0,0.2
55211,0.5,0.5,0.2,0,0,0.5,0,0.2,0.5,0.2,0.5
55213,0.5,0.5,0.2,0,0,0.5,0,0.2,0.5,0.5,0.2
55218,0.5,0.5,0.2,0,0,0.5,0,0.5,0,0.2,0
55222,0.5,0.5,0.2,0,0,0.5,0,0.5,0,0.5,0.2
55226,0.5,0.5,0.2,0,0,0.5,0,0.5,0.2,0,0.5
55230,0.5,0.5,0.2,0,0,0.5,0,0.5,0.2,0.5,0
55234,0.5,0.5,0.2,0,0,0.5,0,0.5,0.5,0,0.2
55238,0.5,0.5,0.2,0,0,0.5,0,0.5,0.5,0.2,0.5
55242,0.5,0.5,0.2,0,0,0.5,0.2,0,0,0,0
55246,0.5,0.5,0.2,0,0,0.5,0.2,0,0,0.2,0.2
55250,0.5,0.5,0.2,0,0,0.5,0.2,0,0,0.5,0.5
55254,0.5,0.5,0.2,0,0,0.5,0.2,0,0.2,0.2,0
55258,0.5,0.5,0.2,0,0,0.5,0.2,0,0.2,0.5,0.2
55262,0.5,0.5,0.2,0,0,0.5,0.2,0,0.5,0,0.5
55266,0.5,0.5,0.2,0,0,0.5,0.2,0,0.5,0.5,0
55270,0.5,0.5,0.2,0,0,0.5,0.2,0.2,0,0,0.2
55274,0.5,0.5,0.2,0,0,0.5,0.2,0.2,0,0.2,0.5
55278,0.5,0.5,0.2,0,0,0.5,0.2,0.2,0.2,0,0
55282,0.5,0.5,0.2,0,0,0.5,0.2,0.2,0.2,0.2,0.2
55286,0.5,0.5,0.2,0,0,0.5,0.2,0.2,0.2,0.5,0.5
55290,0.5,0.5,0.2,0,0,0.5,0.2,0.2,0.5,0.2,0
55294,0.5,0.5,0.2,0,0,0.5,0.2,0.2,0.5,0.5,0.2
55298,0.5,0.5,0.2,0,0,0.5,0.2,0.5,0,0,0.5
55302,0.5,0.5,0.2,0,0,0.5,0.2,0.5,0,0.5,0
55306,0.5,0.5,0.2,0,0,0.5,0.2,0.5,0.2,0,0.2
55310,0.5,0.5,0.2,0,0,0.5,0.2,0.5,0.2,0.2,0.5
55314,0.5,0.5,0.2,0,0,0.5,0.2,0.5,0.5,0,0
55318,0.5,0.5,0.2,0,0,0.5,0.2,0.5,0.5,0.2,0.2
55322,0.5,0.5,0.2,0,0,0.5,0.2,0.5,0.5,0.5,0.5
55326,0.5,0.5,0.2,0,0,0.5,0.5,0,0,0.2,0
55330,0.5,0.5,0.2,0,0,0.5,0.5,0,0,0.5,0.2
55334,0.5,0.5,0.2,0,0,0.5,0.5,0,0.2,0,0.5
55339,0.5,0.5,0.2,0,0,0.5,0.5,0,0.2,0.5,0.2
55342,0.5,0.5,0.2,0,0,0.5,0.5,0,0.5,0,0.2
55346,0.5,0.5,0.2,0,0,0.5,0.5,0,0.5,0.2,0.5
55351,0.5,0.5,0.2,0,0,0.5,0.5,0.2,0,0,0.2
55355,0.5,0.5,0.2,0,0,0.5,0.5,0.2,0,0.2,0.5
55358,0.5,0.5,0.2,0,0,0.5,0.5,0.2,0,0.5,0.5
55362,0.5,0.5,0.2,0,0,0.5,0.5,0.2,0.2,0.2,0
55367,0.5,0.5,0.2,0,0,0.5,0.5,0.2,0.2,0.5,0.5
55371,0.5,0.5,0.2,0,0,0.5,0.5,0.2,0.5,0.2,0
55374,0.5,0.5,0.2,0,0,0.5,0.5,0.2,0.5,0.5,0
55379,0.5,0.5,0.2,0,0,0.5,0.5,0.5,0,0,0.5
55382,0.5,0.5,0.2,0,0,0.5,0.5,0.5,0,0.2,0.5
55386,0.5,0.5,0.2,0,0,0.5,0.5,0.5,0.2,0,0
55390,0.5,0.5,0.2,0,0,0.5,0.5,0.5,0.2,0.2,0.2
55394,0.5,0.5,0.2,0,0,0.5,0.5,0.5,0.2,0.5,0.5
55398,0.5,0.5,0.2,0,0,0.5,0.5,0.5,0.5,0.2,0
55401,0.5,0.5,0.2,0,0,0.5,0.5,0.5,0.5,0.5,0
55404,0.5,0.5,0.2,0.2,0,0,0,0,0,0,0
55409,0.5,0.5,0.2,0.2,0,0,0,0,0,0.2,0.5
55412,0.5,0.5,0.2,0.2,0,0,0,0,0,0.5,0.5
55414,0.5,0.5,0.2,0.2,0,0,0,0,0.2,0,0.2
55416,0.5,0.5,0.2,0.2,0,0,0,0,0.2,0.2,0
55419,0.5,0.5,0.2,0.2,0,0,0,0,0.2,0.5,0
55422,0.5,0.5,0.2,0.2,0,0,0,0,0.5,0,0
55425,0.5,0.5,0.2,0.2,0,0,0,0,0.5,0.2,0
55428,0.5,0.5,0.2,0.2,0,0,0,0,0.5,0.5,0
55431,0.5,0.5,0.2,0.2,0,0,0,0.2,0,0,0
55436,0.5,0.5,0.2,0.2,0,0,0,0.2,0,0.2,0.5
55439,0.5,0.5,0.2,0.2,0,0,0,0.2,0,0.5,0.5
55442,0.5,0.5,0.2,0.2,0,0,0,0.2,0.2,0,0.5
55443,0.5,0.5,0.2,0.2,0,0,0,0.2,0.2,0.2,0
55446,0.5,0.5,0.2,0.2,0,0,0,0.2,0.2,0.5,0
55451,0.5,0.5,0.2,0.2,0,0,0,0.2,0.5,0,0.5
55452,0.5,0.5,0.2,0.2,0,0,0,0.2,0.5,0.2,0
55455,0.5,0.5,0.2,0.2,0,0,0,0.2,0.5,0.5,0
55458,0.5,0.5,0.2,0.2,0,0,0,0.5,0,0,0
55462,0.5,0.5,0.2,0.2,0,0,0,0.5,0,0.2,0.2
55465,0.5,0.5,0.2,0.2,0,0,0,0.5,0,0.5,0.2
55468,0.5,0.5,0.2,0.2,0,0,0,0.5,0.2,0,0.2
55470,0.5,0.5,0.2,0.2,0,0,0,0.5,0.2,0.2,0
55473,0.5,0.5,0.2,0.2,0,0,0,0.5,0.2,0.5,0
55475,0.5,0.5,0.2,0.2,0,0,0,0.5,0.2,0.5,0.5
55478,0.5,0.5,0.2,0.2,0,0,0,0.5,0.5,0,0.5
55480,0.5,0.5,0.2,0.2,0,0,0,0.5,0.5,0.2,0.2
55483,0.5,0.5,0.2,0.2,0,0,0,0.5,0.5,0.5,0.2
55486,0.5,0.5,0.2,0.2,0,0,0.2,0,0,0,0.2
55489,0.5,0.5,0.2,0.2,0,0,0.2,0,0,0.2,0.2
55492,0.5,0.5,0.2,0.2,0,0,0.2,0,0,0.5,0.2
55495,0.5,0.5,0.2,0.2,0,0,0.2,0,0.2,0,0.2
55498,0.5,0.5,0.2,0.2,0,0,0.2,0,0.2,0.2,0.2
55501,0.5,0.5,0.2,0.2,0,0,0.2,0,0.2,0.5,0.2
55504,0.5,0.5,0.2,0.2,0,0,0.2,0,0.5,0,0.2
55507,0.5,0.5,0.2,0.2,0,0,0.2,0,0.5,0.2,0.2
55510,0.5,0.5,0.2,0.2,0,0,0.2,0,0.5,0.5,0.2
55513,0.5,0.5,0.2,0.2,0,0,0.2,0.2,0,0,0.2
55516,0.5,0.5,0.2,0.2,0,0,0.2,0.2,0,0.2,0.2
55519,0.5,0.5,0.2,0.2,0,0,0.2,0.2,0,0.5,0.2
55522,0.5,0.5,0.2,0.2,0,0,0.2,0.2,0.2,0,0.2
55526,0.5,0.5,0.2,0.2,0,0,0.2,0.2,0.2,0.2,0.5
55529,0.5,0.5,0.2,0.2,0,0,0.2,0.2,0.2,0.5,0.5
55532,0.5,0.5,0.2,0.2,0,0,0.2,0.2,0.5,0,0.5
55535,0.5,0.5,0.2,0.2,0,0,0.2,0.2,0.5,0.2,0.5
55538,0.5,0.5,0.2,0.2,0,0,0.2,0.2,0.5,0.5,0.5
55541,0.5,0.5,0.2,0.2,0,0,0.2,0.5,0,0,0.5
55545,0.5,0.5,0.2,0.2,0,0,0.2,0.5,0,0.5,0
55548,0.5,0.5,0.2,0.2,0,0,0.2,0.5,0.2,0,0
55551,0.5,0.5,0.2,0.2,0,0,0.2,0.5,0.2,0.2,0
55554,0.5,0.5,0.2,0.2,0,0,0.2,0.5,0.2,0.5,0
55556,0.5,0.5,0.2,0.2,0,0,0.2,0.5,0.2,0.5,0.5
55560,0.5,0.5,0.2,0.2,0,0,0.2,0.5,0.5,0.2,0
55562,0.5,0.5,0.2,0.2,0,0,0.2,0.5,0.5,0.2,0.5
55565,0.5,0.5,0.2,0.2,0,0,0.2,0.5,0.5,0.5,0.5
55568,0.5,0.5,0.2,0.2,0,0,0.5,0,0,0,0.5
55571,0.5,0.5,0.2,0.2,0,0,0.5,0,0,0.2,0.5
55574,0.5,0.5,0.2,0.2,0,0,0.5,0,0,0.5,0.5
55577,0.5,0.5,0.2,0.2,0,0,0.5,0,0.2,0,0.5
55580,0.5,0.5,0.2,0.2,0,0,0.5,0,0.2,0.2,0.5
55584,0.5,0.5,0.2,0.2,0,0,0.5,0,0.5,0,0
55587,0.5,0.5,0.2,0.2,0,0,0.5,0,0.5,0.2,0
55590,0.5,0.5,0.2,0.2,0,0,0.5,0,0.5,0.5,0
55593,0.5,0.5,0.2,0.2,0,0,0.5,0.2,0,0,0
55596,0.5,0.5,0.2,0.2,0,0,0.5,0.2,0,0.2,0
55599,0.5,0.5,0.2,0.2,0,0,0.5,0.2,0,0.5,0
55602,0.5,0.5,0.2,0.2,0,0,0.5,0.2,0.2,0,0
55606,0.5,0.5,0.2,0.2,0,0,0.5,0.2,0.2,0.2,0.2
55609,0.5,0.5,0.2,0.2,0,0,0.5,0.2,0.2,0.5,0.2
55612,0.5,0.5,0.2,0.2,0,0,0.5,0.2,0.5,0,0.2
55615,0.5,0.5,0.2,0.2,0,0,0.5,0.2,0.5,0.2,0.2
55618,0.5,0.5,0.2,0.2,0,0,0.5,0.2,0.5,0.5,0.2
55621,0.5,0.5,0.2,0.2,0,0,0.5,0.5,0,0,0.2
55624,0.5,0.5,0.2,0.2,0,0,0.5,0.5,0,0.2,0.2
55627,0.5,0.5,0.2,0.2,0,0,0.5,0.5,0,0.5,0.2
55630,0.5,0.5,0.2,0.2,0,0,0.5,0.5,0.2,0,0.2
55633,0.5,0.5,0.2,0.2,0,0,0.5,0.5,0.2,0.2,0.2
55636,0.5,0.5,0.2,0.2,0,0,0.5,0.5,0.2,0.5,0.2
55639,0.5,0.5,0.2,0.2,0,0,0.5,0.5,0.5,0,0.2
55642,0.5,0.5,0.2,0.2,0,0,0.5,0.5,0.5,0.2,0.2
55645,0.5,0.5,0.2,0.2,0,0,0.5,0.5,0.5,0.5,0.2
55648,0.5,0.5,0.2,0.2,0,0.2,0,0,0,0,0.2
55651,0.5,0.5,0.2,0.2,0,0.2,0,0,0,0.2,0.2
55654,0.5,0.5,0.2,0.2,0,0.2,0,0,0,0.5,0.2
55657,0.5,0.5,0.2,0.2,0,0.2,0,0,0.2,0,0.2
55659,0.5,0.5,0.2,0.2,0,0.2,0,0,0.2,0.2,0
55662,0.5,0.5,0.2,0.2,0,0.2,0,0,0.2,0.5,0
55665,0.5,0.5,0.2,0.2,0,0.2,0,0,0.5,0,0
55668,0.5,0.5,0.2,0.2,0,0.2,0,0,0.5,0.2,0
55671,0.5,0.5,0.2,0.2,0,0.2,0,0,0.5,0.5,0
55674,0.5,0.5,0.2,0.2,0,0.2,0,0.2,0,0,0
55679,0.5,0.5,0.2,0.2,0,0.2,0,0.2,0,0.2,0.5
55682,0.5,0.5,0.2,0.2,0,0.2,0,0.2,0,0.5,0.5
55685,0.5,0.5,0.2,0.2,0,0.2,0,0.2,0.2,0,0.5
55688,0.5,0.5,0.2,0.2,0,0.2,0,0.2,0.2,0.2,0.5
55691,0.5,0.5,0.2,0.2,0,0.2,0,0.2,0.2,0.5,0.5
55694,0.5,0.5,0.2,0.2,0,0.2,0,0.2,0.5,0,0.5
55696,0.5,0.5,0.2,0.2,0,0.2,0,0.2,0.5,0.2,0.2
55699,0.5,0.5,0.2,0.2,0,0.2,0,0.2,0.5,0.5,0.2
55702,0.5,0.5,0.2,0.2,0,0.2,0,0.5,0,0,0.2
55705,0.5,0.5,0.2,0.2,0,0.2,0,0.5,0,0.2,0.2
55708,0.5,0.5,0.2,0.2,0,0.2,0,0.5,0,0.5,0.2
55711,0.5,0.5,0.2,0.2,0,0.2,0,0.5,0.2,0,0.2
55714,0.5,0.5,0.2,0.2,0,0.2,0,0.5,0.2,0.2,0.2
55717,0.5,0.5,0.2,0.2,0,0.2,0,0.5,0.2,0.5,0.2
55720,0.5,0.5,0.2,0.2,0,0.2,0,0.5,0.5,0,0.2
55723,0.5,0.5,0.2,0.2,0,0.2,0,0.5,0.5,0.2,0.2
55726,0.5,0.5,0.2,0.2,0,0.2,0,0.5,0.5,0.5,0.2
55729,0.5,0.5,0.2,0.2,0,0.2,0.2,0,0,0,0.2
55732,0.5,0.5,0.2,0.2,0,0.2,0.2,0,0,0.2,0.2
55735,0.5,0.5,0.2,0.2,0,0.2,0.2,0,0,0.5,0.2
55738,0.5,0.5,0.2,0.2,0,0.2,0.2,0,0.2,0,0.2
55740,0.5,0.5,0.2,0.2,0,0.2,0.2,0,0.2,0.2,0
55743,0.5,0.5,0.2,0.2,0,0.2,0.2,0,0.2,0.5,0
55746,0.5,0.5,0.2,0.2,0,0.2,0.2,0,0.5,0,0
55749,0.5,0.5,0.2,0.2,0,0.2,0.2,0,0.5,0.2,0
55752,0.5,0.5,0.2,0.2,0,0.2,0.2,0,0.5,0.5,0
55755,0.5,0.5,0.2,0.2,0,0.2,0.2,0.2,0,0,0
55758,0.5,0.5,0.2,0.2,0,0.2,0.2,0.2,0,0.2,0
55760,0.5,0.5,0.2,0.2,0,0.2,0.2,0.2,0,0.2,0.5
55763,0.5,0.5,0.2,0.2,0,0.2,0.2,0.2,0,0.5,0.5
55766,0.5,0.5,0.2,0.2,0,0.2,0.2,0.2,0.2,0,0.5
55770,0.5,0.5,0.2,0.2,0,0.2,0.2,0.2,0.2,0.5,0
55773,0.5,0.5,0.2,0.2,0,0.2,0.2,0.2,0.5,0,0
55776,0.5,0.5,0.2,0.2,0,0.2,0.2,0.2,0.5,0.2,0
55779,0.5,0.5,0.2,0.2,0,0.2,0.2,0.2,0.5,0.5,0
55782,0.5,0.5,0.2,0.2,0,0.2,0.2,0.5,0,0,0
55785,0.5,0.5,0.2,0.2,0,0.2,0.2,0.5,0,0.2,0
55788,0.5,0.5,0.2,0.2,0,0.2,0.2,0.5,0,0.5,0
55791,0.5,0.5,0.2,0.2,0,0.2,0.2,0.5,0.2,0,0
55794,0.5,0.5,0.2,0.2,0,0.2,0.2,0.5,0.2,0.2,0
55796,0.5,0.5,0.2,0.2,0,0.2,0.2,0.5,0.2,0.2,0.5
55798,0.5,0.5,0.2,0.2,0,0.2,0.2,0.5,0.2,0.5,0.2
55801,0.5,0.5,0.2,0.2,0,0.2,0.2,0.5,0.5,0,0.2
55804,0.5,0.5,0.2,0.2,0,0.2,0.2,0.5,0.5,0.2,0.2
55807,0.5,0.5,0.2,0.2,0,0.2,0.2,0.5,0.5,0.5,0.2
55810,0.5,0.5,0.2,0.2,0,0.2,0.5,0,0,0,0.2
55813,0.5,0.5,0.2,0.2,0,0.2,0.5,0,0,0.2,0.2
55816,0.5,0.5,0.2,0.2,0,0.2,0.5,0,0,0.5,0.2
55824,0.5,0.5,0.2,0.2,0,0.2,0.5,0,0.2,0.5,0
55832,0.5,0.5,0.2,0.2,0,0.2,0.5,0,0.5,0.2,0.5
55842,0.5,0.5,0.2,0.2,0,0.2,0.5,0.2,0,0.5,0
55851,0.5,0.5,0.2,0.2,0,0.2,0.5,0.2,0.2,0.5,0
55862,0.5,0.5,0.2,0.2,0,0.2,0.5,0.2,0.5,0.5,0.5
55871,0.5,0.5,0.2,0.2,0,0.2,0.5,0.5,0,0.5,0.5
55881,0.5,0.5,0.2,0.2,0,0.2,0.5,0.5,0.5,0,0
55891,0.5,0.5,0.2,0.2,0,0.5,0,0,0,0,0.2
55898,0.5,0.5,0.2,0.2,0,0.5,0,0,0,0.5,0.5
55911,0.5,0.5,0.2,0.2,0,0.5,0,0,0.5,0.2,0
55921,0.5,0.5,0.2,0.2,0,0.5,0,0.2,0,0.2,0.2
55931,0.5,0.5,0.2,0.2,0,0.5,0,0.2,0.2,0.2,0.5
55942,0.5,0.5,0.2,0.2,0,0.5,0,0.2,0.5,0.5,0.2
55951,0.5,0.5,0.2,0.2,0,0.5,0,0.5,0,0.5,0.2
55961,0.5,0.5,0.2,0.2,0,0.5,0,0.5,0.2,0.5,0.5
55970,0.5,0.5,0.2,0.2,0,0.5,0,0.5,0.5,0.5,0.5
55979,0.5,0.5,0.2,0.2,0,0.5,0.2,0,0,0.5,0.5
55989,0.5,0.5,0.2,0.2,0,0.5,0.2,0,0.5,0,0
55999,0.5,0.5,0.2,0.2,0,0.5,0.2,0.2,0,0,0.2
56009,0.5,0.5,0.2,0.2,0,0.5,0.2,0.2,0.2,0,0.5
56021,0.5,0.5,0.2,0.2,0,0.5,0.2,0.2,0.5,0.2,0.5
56033,0.5,0.5,0.2,0.2,0,0.5,0.2,0.5,0,0.5,0.5
56043,0.5,0.5,0.2,0.2,0,0.5,0.2,0.5,0.5,0,0
56053,0.5,0.5,0.2,0.2,0,0.5,0.5,0,0,0,0.2
56063,0.5,0.5,0.2,0.2,0,0.5,0.5,0,0.2,0,0.5
56074,0.5,0.5,0.2,0.2,0,0.5,0.5,0,0.5,0.2,0.2
56084,0.5,0.5,0.2,0.2,0,0.5,0.5,0.2,0,0.2,0.5
56094,0.5,0.5,0.2,0.2,0,0.5,0.5,0.2,0.2,0.5,0
56105,0.5,0.5,0.2,0.2,0,0.5,0.5,0.2,0.5,0.5,0.5
56115,0.5,0.5,0.2,0.2,0,0.5,0.5,0.5,0.2,0,0
56125,0.5,0.5,0.2,0.2,0,0.5,0.5,0.5,0.5,0,0.2
56135,0.5,0.5,0.2,0.5,0,0,0,0,0,0,0.5
56148,0.5,0.5,0.2,0.5,0,0,0,0,0.2,0.5,0
56162,0.5,0.5,0.2,0.5,0,0,0,0.2,0,0,0.5
56172,0.5,0.5,0.2,0.5,0,0,0,0.2,0.2,0.2,0
56184,0.5,0.5,0.2,0.5,0,0,0,0.2,0.5,0.5,0
56193,0.5,0.5,0.2,0.5,0,0,0,0.5,0,0.5,0
56202,0.5,0.5,0.2,0.5,0,0,0,0.5,0.2,0.5,0
56212,0.5,0.5,0.2,0.5,0,0,0,0.5,0.5,0.5,0.2
56219,0.5,0.5,0.2,0.5,0,0,0.2,0,0,0.2,0.5
56230,0.5,0.5,0.2,0.5,0,0,0.2,0,0.2,0.5,0.2
56242,0.5,0.5,0.2,0.5,0,0,0.2,0.2,0,0,0.2
56252,0.5,0.5,0.2,0.5,0,0,0.2,0.2,0.2,0,0.5
56262,0.5,0.5,0.2,0.5,0,0,0.2,0.2,0.5,0.2,0
56270,0.5,0.5,0.2,0.5,0,0,0.2,0.5,0,0,0.5
56285,0.5,0.5,0.2,0.5,0,0,0.2,0.5,0.2,0.5,0.5
56293,0.5,0.5,0.2,0.5,0,0,0.2,0.5,0.5,0.5,0.2
56304,0.5,0.5,0.2,0.5,0,0,0.5,0,0.2,0,0
56314,0.5,0.5,0.2,0.5,0,0,0.5,0,0.5,0,0.2
56324,0.5,0.5,0.2,0.5,0,0,0.5,0.2,0,0,0.5
56334,0.5,0.5,0.2,0.5,0,0,0.5,0.2,0.2,0.2,0
56344,0.5,0.5,0.2,0.5,0,0,0.5,0.2,0.5,0.2,0.2
56354,0.5,0.5,0.2,0.5,0,0,0.5,0.5,0,0.2,0.5
56366,0.5,0.5,0.2,0.5,0,0,0.5,0.5,0.2,0.5,0.5
56376,0.5,0.5,0.2,0.5,0,0.2,0,0,0,0,0
56383,0.5,0.5,0.2,0.5,0,0.2,0,0,0,0.5,0.2
56394,0.5,0.5,0.2,0.5,0,0.2,0,0,0.5,0,0
56399,0.5,0.5,0.2,0.5,0,0.2,0,0,0.5,0.2,0.5
56411,0.5,0.5,0.2,0.5,0,0.2,0,0.2,0,0.5,0.5
56421,0.5,0.5,0.2,0.5,0,0.2,0,0.2,0.5,0,0
56424,0.5,0.5,0.2,0.5,0,0.2,0,0.2,0.5,0.2,0
56436,0.5,0.5,0.2,0.5,0,0.2,0,0.5,0,0.5,0
56447,0.5,0.5,0.2,0.5,0,0.2,0,0.5,0.2,0.5,0.5
56455,0.5,0.5,0.2,0.5,0,0.2,0,0.5,0.5,0.5,0.2
56462,0.5,0.5,0.2,0.5,0,0.2,0.2,0,0,0.2,0.5
56475,0.5,0.5,0.2,0.5,0,0.2,0.2,0,0.5,0,0
56486,0.5,0.5,0.2,0.5,0,0.2,0.2,0.2,0,0,0.5
56497,0.5,0.5,0.2,0.5,0,0.2,0.2,0.2,0.2,0.2,0.2
56508,0.5,0.5,0.2,0.5,0,0.2,0.2,0.2,0.5,0.5,0
56517,0.5,0.5,0.2,0.5,0,0.2,0.2,0.5,0,0.5,0
56525,0.5,0.5,0.2,0.5,0,0.2,0.2,0.5,0.2,0.2,0.5
56535,0.5,0.5,0.2,0.5,0,0.2,0.2,0.5,0.5,0.5,0
56547,0.5,0.5,0.2,0.5,0,0.2,0.5,0,0.2,0,0
56557,0.5,0.5,0.2,0.5,0,0.2,0.5,0,0.5,0,0.2
56567,0.5,0.5,0.2,0.5,0,0.2,0.5,0.2,0,0,0.5
56577,0.5,0.5,0.2,0.5,0,0.2,0.5,0.2,0.2,0.2,0
56587,0.5,0.5,0.2,0.5,0,0.2,0.5,0.2,0.5,0.2,0.2
56597,0.5,0.5,0.2,0.5,0,0.2,0.5,0.5,0,0.2,0.5
56607,0.5,0.5,0.2,0.5,0,0.2,0.5,0.5,0.2,0.5,0
56617,0.5,0.5,0.2,0.5,0,0.2,0.5,0.5,0.5,0.5,0.2
56628,0.5,0.5,0.2,0.5,0,0.5,0,0,0.2,0,0
56634,0.5,0.5,0.2,0.5,0,0.5,0,0,0.2,0.5,0
56645,0.5,0.5,0.2,0.5,0,0.5,0,0,0.5,0.5,0.5
56656,0.5,0.5,0.2,0.5,0,0.5,0,0.2,0.2,0,0.2
56670,0.5,0.5,0.2,0.5,0,0.5,0,0.2,0.5,0.5,0
56677,0.5,0.5,0.2,0.5,0,0.5,0,0.5,0,0.2,0.2
56689,0.5,0.5,0.2,0.5,0,0.5,0,0.5,0.2,0.5,0.2
56698,0.5,0.5,0.2,0.5,0,0.5,0,0.5,0.5,0.5,0.2
56704,0.5,0.5,0.2,0.5,0,0.5,0.2,0,0,0.2,0.2
56717,0.5,0.5,0.2,0.5,0,0.5,0.2,0,0.2,0.5,0.5
56724,0.5,0.5,0.2,0.5,0,0.5,0.2,0,0.5,0.5,0
56736,0.5,0.5,0.2,0.5,0,0.5,0.2,0.2,0.2,0,0
56746,0.5,0.5,0.2,0.5,0,0.5,0.2,0.2,0.5,0,0.2
56756,0.5,0.5,0.2,0.5,0,0.5,0.2,0.5,0,0,0.5
56770,0.5,0.5,0.2,0.5,0,0.5,0.2,0.5,0.2,0.5,0.2
56778,0.5,0.5,0.2,0.5,0,0.5,0.2,0.5,0.5,0.5,0
56787,0.5,0.5,0.2,0.5,0,0.5,0.5,0,0,0.5,0
56794,0.5,0.5,0.2,0.5,0,0.5,0.5,0,0.2,0.2,0.2
56806,0.5,0.5,0.2,0.5,0,0.5,0.5,0,0.5,0.5,0.2
56815,0.5,0.5,0.2,0.5,0,0.5,0.5,0.2,0,0.5,0.2
56823,0.5,0.5,0.2,0.5,0,0.5,0.5,0.2,0.2,0.5,0
56832,0.5,0.5,0.2,0.5,0,0.5,0.5,0.2,0.5,0.5,0
56843,0.5,0.5,0.2,0.5,0,0.5,0.5,0.5,0,0.5,0.5
56856,0.5,0.5,0.2,0.5,0,0.5,0.5,0.5,0.5,0.2,0
56867,0.5,0.5,0.5,0,0,0,0,0,0,0.2,0.5
56877,0.5,0.5,0.5,0,0,0,0,0,0.2,0.5,0
56892,0.5,0.5,0.5,0,0,0,0,0.2,0,0.2,0
56902,0.5,0.5,0.5,0,0,0,0,0.2,0.2,0.2,0.2
56913,0.5,0.5,0.5,0,0,0,0,0.2,0.5,0.5,0
56921,0.5,0.5,0.5,0,0,0,0,0.5,0,0.2,0.5
56937,0.5,0.5,0.5,0,0,0,0,0.5,0.5,0.2,0
56947,0.5,0.5,0.5,0,0,0,0.2,0,0,0.2,0.2
56957,0.5,0.5,0.5,0,0,0,0.2,0,0.2,0.2,0.5
56968,0.5,0.5,0.5,0,0,0,0.2,0,0.5,0.5,0.2
56979,0.5,0.5,0.5,0,0,0,0.2,0.2,0.2,0,0
56991,0.5,0.5,0.5,0,0,0,0.2,0.2,0.5,0.2,0
57001,0.5,0.5,0.5,0,0,0,0.2,0.5,0,0.2,0.2
57010,0.5,0.5,0.5,0,0,0,0.2,0.5,0.2,0.2,0.2
57023,0.5,0.5,0.5,0,0,0,0.2,0.5,0.5,0.5,0.5
57033,0.5,0.5,0.5,0,0,0,0.5,0,0.2,0,0
57040,0.5,0.5,0.5,0,0,0,0.5,0,0.2,0.5,0.2
57051,0.5,0.5,0.5,0,0,0,0.5,0.2,0,0,0
57060,0.5,0.5,0.5,0,0,0,0.5,0.2,0.2,0,0
57070,0.5,0.5,0.5,0,0,0,0.5,0.2,0.5,0,0.2
57080,0.5,0.5,0.5,0,0,0,0.5,0.5,0,0,0.5
57091,0.5,0.5,0.5,0,0,0,0.5,0.5,0.2,0.2,0.2
57099,0.5,0.5,0.5,0,0,0,0.5,0.5,0.5,0.2,0
57109,0.5,0.5,0.5,0,0,0.2,0,0,0,0.2,0.2
57124,0.5,0.5,0.5,0,0,0.2,0,0,0.5,0,0.2
57129,0.5,0.5,0.5,0,0,0.2,0,0,0.5,0.5,0
57142,0.5,0.5,0.5,0,0,0.2,0,0.2,0.2,0,0.2
57149,0.5,0.5,0.5,0,0,0.2,0,0.2,0.2,0.5,0.5
57161,0.5,0.5,0.5,0,0,0.2,0,0.5,0,0,0.5
57171,0.5,0.5,0.5,0,0,0.2,0,0.5,0.2,0.2,0
57181,0.5,0.5,0.5,0,0,0.2,0,0.5,0.5,0.2,0.2
57195,0.5,0.5,0.5,0,0,0.2,0.2,0,0.2,0,0
57208,0.5,0.5,0.5,0,0,0.2,0.2,0,0.5,0.2,0.2
57217,0.5,0.5,0.5,0,0,0.2,0.2,0.2,0,0.2,0.2
57227,0.5,0.5,0.5,0,0,0.2,0.2,0.2,0.2,0.2,0.5
57237,0.5,0.5,0.5,0,0,0.2,0.2,0.2,0.5,0.5,0
57247,0.5,0.5,0.5,0,0,0.2,0.2,0.5,0,0.5,0.2
57257,0.5,0.5,0.5,0,0,0.2,0.2,0.5,0.2,0.5,0.5
57269,0.5,0.5,0.5,0,0,0.2,0.5,0,0,0,0.5
57279,0.5,0.5,0.5,0,0,0.2,0.5,0,0.2,0.2,0
57289,0.5,0.5,0.5,0,0,0.2,0.5,0,0.5,0.2,0.2
57299,0.5,0.5,0.5,0,0,0.2,0.5,0.2,0,0.2,0.5
57311,0.5,0.5,0.5,0,0,0.2,0.5,0.2,0.2,0.5,0.5
57321,0.5,0.5,0.5,0,0,0.2,0.5,0.5,0,0,0
57331,0.5,0.5,0.5,0,0,0.2,0.5,0.5,0.2,0,0.2
57339,0.5,0.5,0.5,0,0,0.2,0.5,0.5,0.5,0,0
57349,0.5,0.5,0.5,0,0,0.5,0,0,0,0,0.2
57359,0.5,0.5,0.5,0,0,0.5,0,0,0.2,0,0.5
57369,0.5,0.5,0.5,0,0,0.5,0,0,0.5,0.2,0
57379,0.5,0.5,0.5,0,0,0.5,0,0.2,0,0.2,0.2
57390,0.5,0.5,0.5,0,0,0.5,0,0.2,0.2,0.5,0
57402,0.5,0.5,0.5,0,0,0.5,0,0.5,0,0,0
57406,0.5,0.5,0.5,0,0,0.5,0,0.5,0,0.2,0.2
57416,0.5,0.5,0.5,0,0,0.5,0,0.5,0.2,0.2,0.5
57425,0.5,0.5,0.5,0,0,0.5,0,0.5,0.5,0.2,0.5
57438,0.5,0.5,0.5,0,0,0.5,0.2,0,0.2,0,0
57444,0.5,0.5,0.5,0,0,0.5,0.2,0,0.2,0.5,0
57452,0.5,0.5,0.5,0,0,0.5,0.2,0,0.5,0.2,0.5
57464,0.5,0.5,0.5,0,0,0.5,0.2,0.2,0,0.5,0.5
57474,0.5,0.5,0.5,0,0,0.5,0.2,0.2,0.5,0,0
57482,0.5,0.5,0.5,0,0,0.5,0.2,0.2,0.5,0.5,0.5
57492,0.5,0.5,0.5,0,0,0.5,0.2,0.5,0.2,0,0
57503,0.5,0.5,0.5,0,0,0.5,0.2,0.5,0.5,0,0.5
57511,0.5,0.5,0.5,0,0,0.5,0.5,0,0,0,0.2
57519,0.5,0.5,0.5,0,0,0.5,0.5,0,0.2,0,0
57526,0.5,0.5,0.5,0,0,0.5,0.5,0,0.2,0.5,0.2
57535,0.5,0.5,0.5,0,0,0.5,0.5,0,0.5,0.5,0.2
57545,0.5,0.5,0.5,0,0,0.5,0.5,0.2,0,0.5,0.5
57553,0.5,0.5,0.5,0,0,0.5,0.5,0.2,0.2,0.5,0.2
57561,0.5,0.5,0.5,0,0,0.5,0.5,0.2,0.5,0.5,0
57569,0.5,0.5,0.5,0,0,0.5,0.5,0.5,0,0.2,0.5
57576,0.5,0.5,0.5,0,0,0.5,0.5,0.5,0.2,0.2,0
57584,0.5,0.5,0.5,0,0,0.5,0.5,0.5,0.5,0,0.5
57594,0.5,0.5,0.5,0.2,0,0,0,0,0,0.2,0
57601,0.5,0.5,0.5,0.2,0,0,0,0,0.2,0,0.2
57607,0.5,0.5,0.5,0.2,0,0,0,0,0.2,0.5,0.2
57614,0.5,0.5,0.5,0.2,0,0,0,0,0.5,0.2,0.5
57624,0.5,0.5,0.5,0.2,0,0,0,0.2,0,0.5,0
57634,0.5,0.5,0.5,0.2,0,0,0,0.2,0.2,0.5,0.2
57641,0.5,0.5,0.5,0.2,0,0,0,0.2,0.5,0.2,0.5
57652,0.5,0.5,0.5,0.2,0,0,0,0.5,0,0.5,0.2
57661,0.5,0.5,0.5,0.2,0,0,0,0.5,0.2,0.5,0.2
57670,0.5,0.5,0.5,0.2,0,0,0,0.5,0.5,0.5,0.2
57676,0.5,0.5,0.5,0.2,0,0,0.2,0,0,0.2,0.2
57685,0.5,0.5,0.5,0.2,0,0,0.2,0,0.2,0.2,0.2
57696,0.5,0.5,0.5,0.2,0,0,0.2,0,0.5,0.5,0
57701,0.5,0.5,0.5,0.2,0,0,0.2,0.2,0,0,0.5
57708,0.5,0.5,0.5,0.2,0,0,0.2,0.2,0.2,0,0
57717,0.5,0.5,0.5,0.2,0,0,0.2,0.2,0.5,0,0
57727,0.5,0.5,0.5,0.2,0,0,0.2,0.5,0,0,0.2
57736,0.5,0.5,0.5,0.2,0,0,0.2,0.5,0.2,0,0.2
57745,0.5,0.5,0.5,0.2,0,0,0.2,0.5,0.5,0,0.2
57753,0.5,0.5,0.5,0.2,0,0,0.5,0,0,0,0
57761,0.5,0.5,0.5,0.2,0,0,0.5,0,0,0.5,0.5
57769,0.5,0.5,0.5,0.2,0,0,0.5,0,0.2,0.5,0.2
57777,0.5,0.5,0.5,0.2,0,0,0.5,0,0.5,0.5,0
57785,0.5,0.5,0.5,0.2,0,0,0.5,0.2,0,0.2,0.5
57794,0.5,0.5,0.5,0.2,0,0,0.5,0.2,0.2,0.2,0.5
57802,0.5,0.5,0.5,0.2,0,0,0.5,0.2,0.5,0.2,0.2
57810,0.5,0.5,0.5,0.2,0,0,0.5,0.5,0,0.2,0
57818,0.5,0.5,0.5,0.2,0,0,0.5,0.5,0.2,0,0.5
57828,0.5,0.5,0.5,0.2,0,0,0.5,0.5,0.5,0.2,0
57835,0.5,0.5,0.5,0.2,0,0.2,0,0,0,0,0.2
57844,0.5,0.5,0.5,0.2,0,0.2,0,0,0.2,0,0.2
57851,0.5,0.5,0.5,0.2,0,0.2,0,0,0.2,0.5,0.5
57861,0.5,0.5,0.5,0.2,0,0.2,0,0.2,0,0,0
57865,0.5,0.5,0.5,0.2,0,0.2,0,0.2,0,0.2,0.2
57877,0.5,0.5,0.5,0.2,0,0.2,0,0.2,0.2,0.5,0.2
57883,0.5,0.5,0.5,0.2,0,0.2,0,0.2,0.5,0.2,0.2
57892,0.5,0.5,0.5,0.2,0,0.2,0,0.5,0,0.2,0.2
57901,0.5,0.5,0.5,0.2,0,0.2,0,0.5,0.2,0.2,0.2
57908,0.5,0.5,0.5,0.2,0,0.2,0,0.5,0.5,0,0.5
57915,0.5,0.5,0.5,0.2,0,0.2,0.2,0,0,0,0
57924,0.5,0.5,0.5,0.2,0,0.2,0.2,0,0.2,0,0
57932,0.5,0.5,0.5,0.2,0,0.2,0.2,0,0.2,0.5,0.5
57940,0.5,0.5,0.5,0.2,0,0.2,0.2,0,0.5,0.5,0.2
57948,0.5,0.5,0.5,0.2,0,0.2,0.2,0.2,0,0.5,0
57955,0.5,0.5,0.5,0.2,0,0.2,0.2,0.2,0.2,0.2,0.2
57964,0.5,0.5,0.5,0.2,0,0.2,0.2,0.2,0.5,0.2,0.2
57974,0.5,0.5,0.5,0.2,0,0.2,0.2,0.5,0,0.2,0.5
57982,0.5,0.5,0.5,0.2,0,0.2,0.2,0.5,0.2,0.2,0.2
57989,0.5,0.5,0.5,0.2,0,0.2,0.2,0.5,0.5,0,0.5
57997,0.5,0.5,0.5,0.2,0,0.2,0.5,0,0,0,0.2
58005,0.5,0.5,0.5,0.2,0,0.2,0.5,0,0.2,0,0
58013,0.5,0.5,0.5,0.2,0,0.2,0.5,0,0.2,0.5,0.5
58021,0.5,0.5,0.5,0.2,0,0.2,0.5,0,0.5,0.5,0.2
58029,0.5,0.5,0.5,0.2,0,0.2,0.5,0.2,0,0.5,0
58037,0.5,0.5,0.5,0.2,0,0.2,0.5,0.2,0.2,0.2,0.5
58044,0.5,0.5,0.5,0.2,0,0.2,0.5,0.2,0.5,0.2,0
58052,0.5,0.5,0.5,0.2,0,0.2,0.5,0.5,0,0,0.5
58061,0.5,0.5,0.5,0.2,0,0.2,0.5,0.5,0.2,0,0.5
58071,0.5,0.5,0.5,0.2,0,0.2,0.5,0.5,0.5,0.2,0
58077,0.5,0.5,0.5,0.2,0,0.5,0,0,0,0,0
58087,0.5,0.5,0.5,0.2,0,0.5,0,0,0.2,0,0.2
58095,0.5,0.5,0.5,0.2,0,0.5,0,0,0.5,0,0
58103,0.5,0.5,0.5,0.2,0,0.5,0,0,0.5,0.5,0.5
58111,0.5,0.5,0.5,0.2,0,0.5,0,0.2,0,0.5,0.2
58119,0.5,0.5,0.5,0.2,0,0.5,0,0.2,0.2,0.5,0
58127,0.5,0.5,0.5,0.2,0,0.5,0,0.2,0.5,0.2,0.5
58134,0.5,0.5,0.5,0.2,0,0.5,0,0.5,0,0.2,0
58143,0.5,0.5,0.5,0.2,0,0.5,0,0.5,0.2,0.2,0
58152,0.5,0.5,0.5,0.2,0,0.5,0,0.5,0.5,0.2,0
58163,0.5,0.5,0.5,0.2,0,0.5,0.2,0,0,0.2,0.5
58172,0.5,0.5,0.5,0.2,0,0.5,0.2,0,0.2,0.2,0.5
58181,0.5,0.5,0.5,0.2,0,0.5,0.2,0,0.5,0.2,0.5
58189,0.5,0.5,0.5,0.2,0,0.5,0.2,0.2,0,0.2,0.2
58200,0.5,0.5,0.5,0.2,0,0.5,0.2,0.2,0.2,0.5,0
58206,0.5,0.5,0.5,0.2,0,0.5,0.2,0.2,0.5,0.2,0
58214,0.5,0.5,0.5,0.2,0,0.5,0.2,0.5,0,0,0.5
58226,0.5,0.5,0.5,0.2,0,0.5,0.2,0.5,0.2,0.2,0.5
58235,0.5,0.5,0.5,0.2,0,0.5,0.2,0.5,0.5,0.2,0.5
58245,0.5,0.5,0.5,0.2,0,0.5,0.5,0,0,0.5,0
58253,0.5,0.5,0.5,0.2,0,0.5,0.5,0,0.2,0.2,0.5
58259,0.5,0.5,0.5,0.2,0,0.5,0.5,0,0.5,0,0.5
58270,0.5,0.5,0.5,0.2,0,0.5,0.5,0.2,0,0.2,0.2
58278,0.5,0.5,0.5,0.2,0,0.5,0.5,0.2,0.2,0.2,0
58285,0.5,0.5,0.5,0.2,0,0.5,0.5,0.2,0.5,0,0.2
58295,0.5,0.5,0.5,0.2,0,0.5,0.5,0.5,0,0,0.5
58306,0.5,0.5,0.5,0.2,0,0.5,0.5,0.5,0.2,0.2,0.2
58313,0.5,0.5,0.5,0.2,0,0.5,0.5,0.5,0.5,0,0.5
58323,0.5,0.5,0.5,0.5,0,0,0,0,0,0.2,0
58331,0.5,0.5,0.5,0.5,0,0,0,0,0.2,0,0.5
58335,0.5,0.5,0.5,0.5,0,0,0,0,0.2,0.5,0
58343,0.5,0.5,0.5,0.5,0,0,0,0,0.5,0.2,0.5
58355,0.5,0.5,0.5,0.5,0,0,0,0.2,0,0.5,0.5
58364,0.5,0.5,0.5,0.5,0,0,0,0.2,0.2,0.5,0.5
58370,0.5,0.5,0.5,0.5,0,0,0,0.2,0.5,0.2,0.5
58376,0.5,0.5,0.5,0.5,0,0,0,0.5,0,0,0.5
58384,0.5,0.5,0.5,0.5,0,0,0,0.5,0.2,0,0.2
58388,0.5,0.5,0.5,0.5,0,0,0,0.5,0.2,0.2,0.5
58401,0.5,0.5,0.5,0.5,0,0,0.2,0,0,0,0
58407,0.5,0.5,0.5,0.5,0,0,0.2,0,0,0.5,0
58415,0.5,0.5,0.5,0.5,0,0,0.2,0,0.2,0.2,0.5
58427,0.5,0.5,0.5,0.5,0,0,0.2,0,0.5,0.5,0.5
58436,0.5,0.5,0.5,0.5,0,0,0.2,0.2,0,0.5,0.5
58445,0.5,0.5,0.5,0.5,0,0,0.2,0.2,0.2,0.5,0.5
58449,0.5,0.5,0.5,0.5,0,0,0.2,0.2,0.5,0.2,0
58461,0.5,0.5,0.5,0.5,0,0,0.2,0.5,0,0.5,0
58472,0.5,0.5,0.5,0.5,0,0,0.2,0.5,0.2,0.5,0.5
58478,0.5,0.5,0.5,0.5,0,0,0.2,0.5,0.5,0.2,0.5
58487,0.5,0.5,0.5,0.5,0,0,0.5,0,0,0.2,0.5
58492,0.5,0.5,0.5,0.5,0,0,0.5,0,0.2,0,0.2
58501,0.5,0.5,0.5,0.5,0,0,0.5,0,0.5,0,0.2
58510,0.5,0.5,0.5,0.5,0,0,0.5,0.2,0,0,0.2
58522,0.5,0.5,0.5,0.5,0,0,0.5,0.2,0.2,0.2,0.2
58527,0.5,0.5,0.5,0.5,0,0,0.5,0.2,0.5,0,0
58536,0.5,0.5,0.5,0.5,0,0,0.5,0.5,0,0,0
58545,0.5,0.5,0.5,0.5,0,0,0.5,0.5,0.2,0,0
58554,0.5,0.5,0.5,0.5,0,0,0.5,0.5,0.5,0,0
58563,0.5,0.5,0.5,0.5,0,0.2,0,0,0,0,0
58570,0.5,0.5,0.5,0.5,0,0.2,0,0,0,0.5,0.2
58580,0.5,0.5,0.5,0.5,0,0.2,0,0,0.2,0.5,0.5
58590,0.5,0.5,0.5,0.5,0,0.2,0,0.2,0,0,0
58593,0.5,0.5,0.5,0.5,0,0.2,0,0.2,0,0.2,0
58608,0.5,0.5,0.5,0.5,0,0.2,0,0.2,0.5,0,0
58614,0.5,0.5,0.5,0.5,0,0.2,0,0.2,0.5,0.5,0
58620,0.5,0.5,0.5,0.5,0,0.2,0,0.5,0,0.2,0
58635,0.5,0.5,0.5,0.5,0,0.2,0,0.5,0.5,0,0
58641,0.5,0.5,0.5,0.5,0,0.2,0,0.5,0.5,0.5,0
58647,0.5,0.5,0.5,0.5,0,0.2,0.2,0,0,0.2,0
58659,0.5,0.5,0.5,0.5,0,0.2,0.2,0,0.2,0.5,0
58669,0.5,0.5,0.5,0.5,0,0.2,0.2,0,0.5,0.5,0.2
58679,0.5,0.5,0.5,0.5,0,0.2,0.2,0.2,0,0.5,0.5
58685,0.5,0.5,0.5,0.5,0,0.2,0.2,0.2,0.2,0.2,0.5
58696,0.5,0.5,0.5,0.5,0,0.2,0.2,0.2,0.5,0.5,0.2
58703,0.5,0.5,0.5,0.5,0,0.2,0.2,0.5,0,0.2,0.5
58710,0.5,0.5,0.5,0.5,0,0.2,0.2,0.5,0.2,0.2,0
58718,0.5,0.5,0.5,0.5,0,0.2,0.2,0.5,0.5,0,0.5
58731,0.5,0.5,0.5,0.5,0,0.2,0.5,0,0,0.5,0
58739,0.5,0.5,0.5,0.5,0,0.2,0.5,0,0.2,0.2,0.5
58742,0.5,0.5,0.5,0.5,0,0.2,0.5,0,0.2,0.5,0.5
58750,0.5,0.5,0.5,0.5,0,0.2,0.5,0,0.5,0.5,0.2
58758,0.5,0.5,0.5,0.5,0,0.2,0.5,0.2,0,0.5,0
58766,0.5,0.5,0.5,0.5,0,0.2,0.5,0.2,0.2,0.2,0.5
58775,0.5,0.5,0.5,0.5,0,0.2,0.5,0.2,0.5,0.2,0.5
58783,0.5,0.5,0.5,0.5,0,0.2,0.5,0.5,0,0.2,0.2
58791,0.5,0.5,0.5,0.5,0,0.2,0.5,0.5,0.2,0.2,0
58797,0.5,0.5,0.5,0.5,0,0.2,0.5,0.5,0.5,0,0
58806,0.5,0.5,0.5,0.5,0,0.5,0,0,0,0,0
58813,0.5,0.5,0.5,0.5,0,0.5,0,0,0,0.5,0.2
58823,0.5,0.5,0.5,0.5,0,0.5,0,0,0.2,0.5,0.5
58833,0.5,0.5,0.5,0.5,0,0.5,0,0.2,0,0,0
58836,0.5,0.5,0.5,0.5,0,0.5,0,0.2,0,0.2,0
58851,0.5,0.5,0.5,0.5,0,0.5,0,0.2,0.5,0,0
58853,0.5,0.5,0.5,0.5,0,0.5,0,0.2,0.5,0,0.5
58861,0.5,0.5,0.5,0.5,0,0.5,0,0.5,0,0,0.2
58867,0.5,0.5,0.5,0.5,0,0.5,0,0.5,0,0.5,0.2
58875,0.5,0.5,0.5,0.5,0,0.5,0,0.5,0.2,0.5,0
58880,0.5,0.5,0.5,0.5,0,0.5,0,0.5,0.5,0,0.5
58888,0.5,0.5,0.5,0.5,0,0.5,0.2,0,0,0,0.2
58895,0.5,0.5,0.5,0.5,0,0.5,0.2,0,0,0.5,0.5
58903,0.5,0.5,0.5,0.5,0,0.5,0.2,0,0.2,0.5,0.2
58911,0.5,0.5,0.5,0.5,0,0.5,0.2,0,0.5,0.5,0
58917,0.5,0.5,0.5,0.5,0,0.5,0.2,0.2,0,0.2,0
58926,0.5,0.5,0.5,0.5,0,0.5,0.2,0.2,0.2,0.2,0
58935,0.5,0.5,0.5,0.5,0,0.5,0.2,0.2,0.5,0.2,0
58942,0.5,0.5,0.5,0.5,0,0.5,0.2,0.5,0,0,0.2
58956,0.5,0.5,0.5,0.5,0,0.5,0.2,0.5,0.2,0.5,0
58964,0.5,0.5,0.5,0.5,0,0.5,0.2,0.5,0.5,0.2,0.5
58971,0.5,0.5,0.5,0.5,0,0.5,0.5,0,0,0.2,0
58980,0.5,0.5,0.5,0.5,0,0.5,0.5,0,0.2,0.2,0
58989,0.5,0.5,0.5,0.5,0,0.5,0.5,0,0.5,0.2,0
58997,0.5,0.5,0.5,0.5,0,0.5,0.5,0.2,0,0,0.5
59005,0.5,0.5,0.5,0.5,0,0.5,0.5,0.2,0.2,0,0.2
59013,0.5,0.5,0.5,0.5,0,0.5,0.5,0.2,0.5,0,0
59022,0.5,0.5,0.5,0.5,0,0.5,0.5,0.5,0,0,0
59030,0.5,0.5,0.5,0.5,0,0.5,0.5,0.5,0,0.5,0.5
59038,0.5,0.5,0.5,0.5,0,0.5,0.5,0.5,0.2,0.5,0.2
59046,0.5,0.5,0.5,0.5,0,0.5,0.5,0.5,0.5,0.5,0
