TaskNumber,models/jawmodel/models/tongue/exciters/GGP:excitation,models/jawmodel/models/tongue/exciters/GGM:excitation,models/jawmodel/models/tongue/exciters/GGA:excitation,models/jawmodel/models/tongue/exciters/STY:excitation,models/jawmodel/models/tongue/exciters/GH:excitation,models/jawmodel/models/tongue/exciters/MH:excitation,models/jawmodel/models/tongue/exciters/HG:excitation,models/jawmodel/models/tongue/exciters/TRANS:excitation,models/jawmodel/models/tongue/exciters/VERT:excitation,models/jawmodel/models/tongue/exciters/SL:excitation,models/jawmodel/models/tongue/exciters/IL:excitation
49600,0.5,0.2,0.2,0.5,0,0,0,0.2,0,0,0.2
49615,0.5,0.2,0.2,0.5,0,0,0,0.2,0.2,0.5,0.2
49626,0.5,0.2,0.2,0.5,0,0,0,0.5,0,0,0
49630,0.5,0.2,0.2,0.5,0,0,0,0.5,0,0.2,0.2
49642,0.5,0.2,0.2,0.5,0,0,0,0.5,0.2,0.5,0.2
49649,0.5,0.2,0.2,0.5,0,0,0,0.5,0.5,0.2,0.5
49660,0.5,0.2,0.2,0.5,0,0,0.2,0,0,0.5,0.2
49668,0.5,0.2,0.2,0.5,0,0,0.2,0,0.2,0.5,0
49678,0.5,0.2,0.2,0.5,0,0,0.2,0,0.5,0.5,0.2
49687,0.5,0.2,0.2,0.5,0,0,0.2,0.2,0,0.5,0.2
49696,0.5,0.2,0.2,0.5,0,0,0.2,0.2,0.2,0.5,0.2
49706,0.5,0.2,0.2,0.5,0,0,0.2,0.2,0.5,0.5,0.5
49716,0.5,0.2,0.2,0.5,0,0,0.2,0.5,0.2,0,0
49726,0.5,0.2,0.2,0.5,0,0,0.2,0.5,0.5,0,0.2
49743,0.5,0.2,0.2,0.5,0,0,0.5,0,0.2,0,0
49753,0.5,0.2,0.2,0.5,0,0,0.5,0,0.5,0,0.2
49763,0.5,0.2,0.2,0.5,0,0,0.5,0.2,0,0,0.5
49773,0.5,0.2,0.2,0.5,0,0,0.5,0.2,0.2,0.2,0
49782,0.5,0.2,0.2,0.5,0,0,0.5,0.2,0.5,0.2,0
49792,0.5,0.2,0.2,0.5,0,0,0.5,0.5,0,0.2,0.2
49801,0.5,0.2,0.2,0.5,0,0,0.5,0.5,0.2,0.2,0.2
49811,0.5,0.2,0.2,0.5,0,0,0.5,0.5,0.5,0.2,0.5
49821,0.5,0.2,0.2,0.5,0,0.2,0,0,0,0.5,0
49830,0.5,0.2,0.2,0.5,0,0.2,0,0,0.2,0.5,0
49840,0.5,0.2,0.2,0.5,0,0.2,0,0,0.5,0.5,0.2
49849,0.5,0.2,0.2,0.5,0,0.2,0,0.2,0,0.5,0.2
49858,0.5,0.2,0.2,0.5,0,0.2,0,0.2,0.2,0.5,0.2
49868,0.5,0.2,0.2,0.5,0,0.2,0,0.2,0.5,0.5,0.5
49874,0.5,0.2,0.2,0.5,0,0.2,0,0.5,0,0.2,0.5
49885,0.5,0.2,0.2,0.5,0,0.2,0,0.5,0.2,0.5,0.2
49890,0.5,0.2,0.2,0.5,0,0.2,0,0.5,0.5,0.2,0
49901,0.5,0.2,0.2,0.5,0,0.2,0.2,0,0,0.2,0.5
49914,0.5,0.2,0.2,0.5,0,0.2,0.2,0,0.5,0,0
49924,0.5,0.2,0.2,0.5,0,0.2,0.2,0.2,0,0,0.2
49934,0.5,0.2,0.2,0.5,0,0.2,0.2,0.2,0.2,0,0.5
49943,0.5,0.2,0.2,0.5,0,0.2,0.2,0.2,0.5,0,0.5
49954,0.5,0.2,0.2,0.5,0,0.2,0.2,0.5,0,0.2,0.2
49964,0.5,0.2,0.2,0.5,0,0.2,0.2,0.5,0.2,0.2,0.5
49975,0.5,0.2,0.2,0.5,0,0.2,0.2,0.5,0.5,0.5,0.2
49981,0.5,0.2,0.2,0.5,0,0.2,0.5,0,0,0.2,0.2
49995,0.5,0.2,0.2,0.5,0,0.2,0.5,0,0.5,0,0
50005,0.5,0.2,0.2,0.5,0,0.2,0.5,0.2,0,0,0.2
50015,0.5,0.2,0.2,0.5,0,0.2,0.5,0.2,0.2,0,0.5
50025,0.5,0.2,0.2,0.5,0,0.2,0.5,0.2,0.5,0.2,0
50035,0.5,0.2,0.2,0.5,0,0.2,0.5,0.5,0,0.2,0.2
50045,0.5,0.2,0.2,0.5,0,0.2,0.5,0.5,0.2,0.2,0.5
50055,0.5,0.2,0.2,0.5,0,0.2,0.5,0.5,0.5,0.5,0
50063,0.5,0.2,0.2,0.5,0,0.5,0,0,0,0.2,0.5
50074,0.5,0.2,0.2,0.5,0,0.5,0,0,0.2,0.5,0.2
50084,0.5,0.2,0.2,0.5,0,0.5,0,0,0.5,0.5,0.5
50089,0.5,0.2,0.2,0.5,0,0.5,0,0.2,0,0.2,0.2
50100,0.5,0.2,0.2,0.5,0,0.5,0,0.2,0.2,0.5,0
50105,0.5,0.2,0.2,0.5,0,0.5,0,0.2,0.5,0,0.5
50121,0.5,0.2,0.2,0.5,0,0.5,0,0.5,0.2,0,0
50131,0.5,0.2,0.2,0.5,0,0.5,0,0.5,0.5,0,0.2
50147,0.5,0.2,0.2,0.5,0,0.5,0.2,0,0,0.5,0.5
50153,0.5,0.2,0.2,0.5,0,0.5,0.2,0,0.2,0.2,0.5
50164,0.5,0.2,0.2,0.5,0,0.5,0.2,0,0.5,0.5,0.2
50172,0.5,0.2,0.2,0.5,0,0.5,0.2,0.2,0,0.5,0
50181,0.5,0.2,0.2,0.5,0,0.5,0.2,0.2,0.2,0.5,0
50191,0.5,0.2,0.2,0.5,0,0.5,0.2,0.2,0.5,0.5,0.2
50201,0.5,0.2,0.2,0.5,0,0.5,0.2,0.5,0,0.5,0.5
50211,0.5,0.2,0.2,0.5,0,0.5,0.2,0.5,0.5,0,0
50221,0.5,0.2,0.2,0.5,0,0.5,0.5,0,0,0,0.2
50231,0.5,0.2,0.2,0.5,0,0.5,0.5,0,0.2,0,0.5
50244,0.5,0.2,0.2,0.5,0,0.5,0.5,0,0.5,0.5,0
50250,0.5,0.2,0.2,0.5,0,0.5,0.5,0.2,0,0.2,0
50263,0.5,0.2,0.2,0.5,0,0.5,0.5,0.2,0.2,0.5,0.2
50271,0.5,0.2,0.2,0.5,0,0.5,0.5,0.2,0.5,0.5,0
50279,0.5,0.2,0.2,0.5,0,0.5,0.5,0.5,0,0.2,0.5
50290,0.5,0.2,0.2,0.5,0,0.5,0.5,0.5,0.2,0.5,0.2
50297,0.5,0.2,0.2,0.5,0,0.5,0.5,0.5,0.5,0.2,0.5
50310,0.5,0.2,0.5,0,0,0,0,0,0.2,0,0
50316,0.5,0.2,0.5,0,0,0,0,0,0.2,0.5,0
50327,0.5,0.2,0.5,0,0,0,0,0,0.5,0.5,0.5
50339,0.5,0.2,0.5,0,0,0,0,0.2,0.2,0,0.5
50344,0.5,0.2,0.5,0,0,0,0,0.2,0.2,0.5,0.2
50356,0.5,0.2,0.5,0,0,0,0,0.5,0,0,0.2
50367,0.5,0.2,0.5,0,0,0,0,0.5,0.2,0.2,0
50377,0.5,0.2,0.5,0,0,0,0,0.5,0.5,0.2,0.2
50387,0.5,0.2,0.5,0,0,0,0.2,0,0,0.2,0.5
50397,0.5,0.2,0.5,0,0,0,0.2,0,0.2,0.5,0
50407,0.5,0.2,0.5,0,0,0,0.2,0,0.5,0.5,0.2
50416,0.5,0.2,0.5,0,0,0,0.2,0.2,0,0.5,0.2
50426,0.5,0.2,0.5,0,0,0,0.2,0.2,0.2,0.5,0.5
50436,0.5,0.2,0.5,0,0,0,0.2,0.5,0,0,0
50446,0.5,0.2,0.5,0,0,0,0.2,0.5,0.2,0,0.2
50456,0.5,0.2,0.5,0,0,0,0.2,0.5,0.5,0,0.5
50464,0.5,0.2,0.5,0,0,0,0.5,0,0,0,0.2
50474,0.5,0.2,0.5,0,0,0,0.5,0,0.2,0,0.5
50484,0.5,0.2,0.5,0,0,0,0.5,0,0.5,0.2,0
50493,0.5,0.2,0.5,0,0,0,0.5,0.2,0,0.2,0
50502,0.5,0.2,0.5,0,0,0,0.5,0.2,0.2,0.2,0
50511,0.5,0.2,0.5,0,0,0,0.5,0.2,0.5,0.2,0
50519,0.5,0.2,0.5,0,0,0,0.5,0.5,0,0,0.5
50530,0.5,0.2,0.5,0,0,0,0.5,0.5,0.2,0.2,0.2
50539,0.5,0.2,0.5,0,0,0,0.5,0.5,0.5,0.2,0.2
50549,0.5,0.2,0.5,0,0,0.2,0,0,0,0.2,0.5
50562,0.5,0.2,0.5,0,0,0.2,0,0,0.5,0,0
50567,0.5,0.2,0.5,0,0,0.2,0,0,0.5,0.2,0.5
50576,0.5,0.2,0.5,0,0,0.2,0,0.2,0,0.2,0.5
50590,0.5,0.2,0.5,0,0,0.2,0,0.2,0.5,0,0.2
50594,0.5,0.2,0.5,0,0,0.2,0,0.2,0.5,0.2,0.5
50605,0.5,0.2,0.5,0,0,0.2,0,0.5,0,0.5,0.2
50616,0.5,0.2,0.5,0,0,0.2,0,0.5,0.5,0,0
50622,0.5,0.2,0.5,0,0,0.2,0,0.5,0.5,0.5,0
50633,0.5,0.2,0.5,0,0,0.2,0.2,0,0,0.5,0.5
50643,0.5,0.2,0.5,0,0,0.2,0.2,0,0.5,0,0
50654,0.5,0.2,0.5,0,0,0.2,0.2,0.2,0,0,0.5
50666,0.5,0.2,0.5,0,0,0.2,0.2,0.2,0.2,0.2,0.5
50674,0.5,0.2,0.5,0,0,0.2,0.2,0.2,0.5,0.2,0.2
50681,0.5,0.2,0.5,0,0,0.2,0.2,0.5,0,0,0.5
50692,0.5,0.2,0.5,0,0,0.2,0.2,0.5,0.2,0.2,0.2
50702,0.5,0.2,0.5,0,0,0.2,0.2,0.5,0.5,0.2,0.5
50710,0.5,0.2,0.5,0,0,0.2,0.5,0,0,0.2,0.2
50720,0.5,0.2,0.5,0,0,0.2,0.5,0,0.2,0.2,0.5
50728,0.5,0.2,0.5,0,0,0.2,0.5,0,0.5,0.2,0.2
50736,0.5,0.2,0.5,0,0,0.2,0.5,0.2,0,0.2,0
50746,0.5,0.2,0.5,0,0,0.2,0.5,0.2,0.2,0.2,0.2
50756,0.5,0.2,0.5,0,0,0.2,0.5,0.2,0.5,0.2,0.5
50764,0.5,0.2,0.5,0,0,0.2,0.5,0.5,0,0.2,0.2
50774,0.5,0.2,0.5,0,0,0.2,0.5,0.5,0.2,0.2,0.5
50783,0.5,0.2,0.5,0,0,0.2,0.5,0.5,0.5,0.2,0.5
50792,0.5,0.2,0.5,0,0,0.5,0,0,0,0.2,0.5
50803,0.5,0.2,0.5,0,0,0.5,0,0,0.2,0.5,0.2
50815,0.5,0.2,0.5,0,0,0.5,0,0.2,0,0,0.2
50822,0.5,0.2,0.5,0,0,0.5,0,0.2,0,0.5,0.5
50830,0.5,0.2,0.5,0,0,0.5,0,0.2,0.2,0.5,0.2
50841,0.5,0.2,0.5,0,0,0.5,0,0.5,0,0,0
50847,0.5,0.2,0.5,0,0,0.5,0,0.5,0,0.5,0
50856,0.5,0.2,0.5,0,0,0.5,0,0.5,0.2,0.5,0
50866,0.5,0.2,0.5,0,0,0.5,0,0.5,0.5,0.5,0.2
50874,0.5,0.2,0.5,0,0,0.5,0.2,0,0,0.5,0
50884,0.5,0.2,0.5,0,0,0.5,0.2,0,0.2,0.5,0.2
50894,0.5,0.2,0.5,0,0,0.5,0.2,0,0.5,0.5,0.5
50904,0.5,0.2,0.5,0,0,0.5,0.2,0.2,0.2,0,0
50914,0.5,0.2,0.5,0,0,0.5,0.2,0.2,0.5,0,0.2
50924,0.5,0.2,0.5,0,0,0.5,0.2,0.5,0,0,0.5
50934,0.5,0.2,0.5,0,0,0.5,0.2,0.5,0.2,0.2,0
50944,0.5,0.2,0.5,0,0,0.5,0.2,0.5,0.5,0.2,0.2
50952,0.5,0.2,0.5,0,0,0.5,0.5,0,0,0.2,0
50962,0.5,0.2,0.5,0,0,0.5,0.5,0,0.2,0.2,0.2
50972,0.5,0.2,0.5,0,0,0.5,0.5,0,0.5,0.2,0.5
50980,0.5,0.2,0.5,0,0,0.5,0.5,0.2,0,0.2,0.2
50987,0.5,0.2,0.5,0,0,0.5,0.5,0.2,0.2,0,0.5
50995,0.5,0.2,0.5,0,0,0.5,0.5,0.2,0.5,0,0.2
51004,0.5,0.2,0.5,0,0,0.5,0.5,0.5,0,0,0.2
51012,0.5,0.2,0.5,0,0,0.5,0.5,0.5,0.2,0,0
51021,0.5,0.2,0.5,0,0,0.5,0.5,0.5,0.5,0,0
51030,0.5,0.2,0.5,0.2,0,0,0,0,0,0,0
51041,0.5,0.2,0.5,0.2,0,0,0,0,0.2,0,0.5
51047,0.5,0.2,0.5,0.2,0,0,0,0,0.2,0.5,0.5
51056,0.5,0.2,0.5,0.2,0,0,0,0,0.5,0.5,0.5
51064,0.5,0.2,0.5,0.2,0,0,0,0.2,0,0.5,0.2
51072,0.5,0.2,0.5,0.2,0,0,0,0.2,0.2,0.5,0
51080,0.5,0.2,0.5,0.2,0,0,0,0.2,0.5,0.2,0.5
51091,0.5,0.2,0.5,0.2,0,0,0,0.5,0,0.5,0.2
51097,0.5,0.2,0.5,0.2,0,0,0,0.5,0.2,0.2,0.2
51105,0.5,0.2,0.5,0.2,0,0,0,0.5,0.5,0.2,0
51116,0.5,0.2,0.5,0.2,0,0,0.2,0,0,0.2,0.5
51129,0.5,0.2,0.5,0.2,0,0,0.2,0,0.5,0,0
51140,0.5,0.2,0.5,0.2,0,0,0.2,0.2,0,0,0.5
51141,0.5,0.2,0.5,0.2,0,0,0.2,0.2,0,0.2,0
51150,0.5,0.2,0.5,0.2,0,0,0.2,0.2,0.2,0.2,0
51159,0.5,0.2,0.5,0.2,0,0,0.2,0.2,0.5,0.2,0
51168,0.5,0.2,0.5,0.2,0,0,0.2,0.5,0,0.2,0
51177,0.5,0.2,0.5,0.2,0,0,0.2,0.5,0.2,0.2,0
51186,0.5,0.2,0.5,0.2,0,0,0.2,0.5,0.5,0.2,0
51195,0.5,0.2,0.5,0.2,0,0,0.5,0,0,0.2,0
51202,0.5,0.2,0.5,0.2,0,0,0.5,0,0.2,0,0.2
51211,0.5,0.2,0.5,0.2,0,0,0.5,0,0.5,0,0.2
51219,0.5,0.2,0.5,0.2,0,0,0.5,0.2,0,0,0
51228,0.5,0.2,0.5,0.2,0,0,0.5,0.2,0.2,0,0
51237,0.5,0.2,0.5,0.2,0,0,0.5,0.2,0.5,0,0
51246,0.5,0.2,0.5,0.2,0,0,0.5,0.5,0,0,0
51255,0.5,0.2,0.5,0.2,0,0,0.5,0.5,0.2,0,0
51264,0.5,0.2,0.5,0.2,0,0,0.5,0.5,0.5,0,0
51273,0.5,0.2,0.5,0.2,0,0.2,0,0,0,0,0
51282,0.5,0.2,0.5,0.2,0,0.2,0,0,0.2,0,0
51293,0.5,0.2,0.5,0.2,0,0.2,0,0,0.5,0,0.5
51295,0.5,0.2,0.5,0.2,0,0.2,0,0,0.5,0.2,0.2
51306,0.5,0.2,0.5,0.2,0,0.2,0,0.2,0,0.5,0
51314,0.5,0.2,0.5,0.2,0,0.2,0,0.2,0.2,0.2,0.5
51326,0.5,0.2,0.5,0.2,0,0.2,0,0.2,0.5,0.5,0.5
51332,0.5,0.2,0.5,0.2,0,0.2,0,0.5,0,0.2,0.5
51346,0.5,0.2,0.5,0.2,0,0.2,0,0.5,0.5,0,0.2
51355,0.5,0.2,0.5,0.2,0,0.2,0.2,0,0,0,0.2
51359,0.5,0.2,0.5,0.2,0,0.2,0.2,0,0,0.2,0.5
51367,0.5,0.2,0.5,0.2,0,0.2,0.2,0,0.2,0.2,0.2
51376,0.5,0.2,0.5,0.2,0,0.2,0.2,0,0.5,0.2,0.2
51388,0.5,0.2,0.5,0.2,0,0.2,0.2,0.2,0,0.5,0.2
51394,0.5,0.2,0.5,0.2,0,0.2,0.2,0.2,0.2,0.2,0.2
51405,0.5,0.2,0.5,0.2,0,0.2,0.2,0.2,0.5,0.5,0
51411,0.5,0.2,0.5,0.2,0,0.2,0.2,0.5,0,0.2,0
51420,0.5,0.2,0.5,0.2,0,0.2,0.2,0.5,0.2,0.2,0
51429,0.5,0.2,0.5,0.2,0,0.2,0.2,0.5,0.5,0.2,0
51436,0.5,0.2,0.5,0.2,0,0.2,0.5,0,0,0,0.2
51445,0.5,0.2,0.5,0.2,0,0.2,0.5,0,0.2,0,0.2
51454,0.5,0.2,0.5,0.2,0,0.2,0.5,0,0.5,0,0.2
51467,0.5,0.2,0.5,0.2,0,0.2,0.5,0.2,0,0.2,0.5
51471,0.5,0.2,0.5,0.2,0,0.2,0.5,0.2,0.2,0,0
51487,0.5,0.2,0.5,0.2,0,0.2,0.5,0.2,0.5,0.5,0.2
51489,0.5,0.2,0.5,0.2,0,0.2,0.5,0.5,0,0,0
51498,0.5,0.2,0.5,0.2,0,0.2,0.5,0.5,0.2,0,0
51509,0.5,0.2,0.5,0.2,0,0.2,0.5,0.5,0.5,0,0.5
51524,0.5,0.2,0.5,0.2,0,0.5,0,0,0,0.5,0.5
51530,0.5,0.2,0.5,0.2,0,0.5,0,0,0.2,0.2,0.5
51537,0.5,0.2,0.5,0.2,0,0.5,0,0,0.5,0.2,0
51551,0.5,0.2,0.5,0.2,0,0.5,0,0.2,0,0.5,0.5
51556,0.5,0.2,0.5,0.2,0,0.5,0,0.2,0.2,0.2,0.2
51566,0.5,0.2,0.5,0.2,0,0.5,0,0.2,0.5,0.2,0.5
51578,0.5,0.2,0.5,0.2,0,0.5,0,0.5,0,0.5,0.5
51584,0.5,0.2,0.5,0.2,0,0.5,0,0.5,0.2,0.2,0.5
51595,0.5,0.2,0.5,0.2,0,0.5,0,0.5,0.5,0.5,0.2
51603,0.5,0.2,0.5,0.2,0,0.5,0.2,0,0,0.5,0
51609,0.5,0.2,0.5,0.2,0,0.5,0.2,0,0.2,0.2,0
51618,0.5,0.2,0.5,0.2,0,0.5,0.2,0,0.5,0.2,0
51627,0.5,0.2,0.5,0.2,0,0.5,0.2,0.2,0,0.2,0
51636,0.5,0.2,0.5,0.2,0,0.5,0.2,0.2,0.2,0.2,0
51645,0.5,0.2,0.5,0.2,0,0.5,0.2,0.2,0.5,0.2,0
51654,0.5,0.2,0.5,0.2,0,0.5,0.2,0.5,0,0.2,0
51662,0.5,0.2,0.5,0.2,0,0.5,0.2,0.5,0.2,0,0.5
51675,0.5,0.2,0.5,0.2,0,0.5,0.2,0.5,0.5,0.5,0
51679,0.5,0.2,0.5,0.2,0,0.5,0.5,0,0,0,0.2
51692,0.5,0.2,0.5,0.2,0,0.5,0.5,0,0.2,0.2,0.5
51699,0.5,0.2,0.5,0.2,0,0.5,0.5,0,0.5,0.2,0
51710,0.5,0.2,0.5,0.2,0,0.5,0.5,0.2,0,0.2,0.5
51718,0.5,0.2,0.5,0.2,0,0.5,0.5,0.2,0.2,0.2,0.2
51726,0.5,0.2,0.5,0.2,0,0.5,0.5,0.2,0.5,0.2,0
51732,0.5,0.2,0.5,0.2,0,0.5,0.5,0.5,0,0,0
51742,0.5,0.2,0.5,0.2,0,0.5,0.5,0.5,0.2,0,0.2
51752,0.5,0.2,0.5,0.2,0,0.5,0.5,0.5,0.5,0,0.5
51765,0.5,0.2,0.5,0.5,0,0,0,0,0,0.5,0
51772,0.5,0.2,0.5,0.5,0,0,0,0,0.2,0.2,0.2
51787,0.5,0.2,0.5,0.5,0,0,0,0.2,0,0,0.2
51789,0.5,0.2,0.5,0.5,0,0,0,0.2,0,0.2,0
51803,0.5,0.2,0.5,0.5,0,0,0,0.2,0.2,0.5,0.5
51812,0.5,0.2,0.5,0.5,0,0,0,0.2,0.5,0.5,0.5
51819,0.5,0.2,0.5,0.5,0,0,0,0.5,0,0.5,0
51825,0.5,0.2,0.5,0.5,0,0,0,0.5,0.2,0.2,0
51834,0.5,0.2,0.5,0.5,0,0,0,0.5,0.5,0.2,0
51849,0.5,0.2,0.5,0.5,0,0,0.2,0,0.2,0,0
51853,0.5,0.2,0.5,0.5,0,0,0.2,0,0.2,0.2,0.2
51867,0.5,0.2,0.5,0.5,0,0,0.2,0.2,0,0,0
51870,0.5,0.2,0.5,0.5,0,0,0.2,0.2,0,0.2,0
51880,0.5,0.2,0.5,0.5,0,0,0.2,0.2,0.2,0.2,0.2
51890,0.5,0.2,0.5,0.5,0,0,0.2,0.2,0.5,0.2,0.5
51902,0.5,0.2,0.5,0.5,0,0,0.2,0.5,0,0.5,0.5
51907,0.5,0.2,0.5,0.5,0,0,0.2,0.5,0.2,0.2,0.2
51918,0.5,0.2,0.5,0.5,0,0,0.2,0.5,0.5,0.5,0
51923,0.5,0.2,0.5,0.5,0,0,0.5,0,0,0,0.5
51934,0.5,0.2,0.5,0.5,0,0,0.5,0,0.2,0.2,0.2
51945,0.5,0.2,0.5,0.5,0,0,0.5,0,0.5,0.5,0
51952,0.5,0.2,0.5,0.5,0,0,0.5,0.2,0,0.2,0.2
51959,0.5,0.2,0.5,0.5,0,0,0.5,0.2,0.2,0,0.5
51970,0.5,0.2,0.5,0.5,0,0,0.5,0.2,0.5,0.2,0.2
51976,0.5,0.2,0.5,0.5,0,0,0.5,0.5,0,0,0.2
51989,0.5,0.2,0.5,0.5,0,0,0.5,0.5,0.2,0.2,0.5
51995,0.5,0.2,0.5,0.5,0,0,0.5,0.5,0.5,0,0.5
52006,0.5,0.2,0.5,0.5,0,0.2,0,0,0,0.2,0.2
52021,0.5,0.2,0.5,0.5,0,0.2,0,0,0.5,0,0.2
52022,0.5,0.2,0.5,0.5,0,0.2,0,0,0.5,0,0.5
52030,0.5,0.2,0.5,0.5,0,0.2,0,0.2,0,0,0.2
52032,0.5,0.2,0.5,0.5,0,0.2,0,0.2,0,0.2,0
52044,0.5,0.2,0.5,0.5,0,0.2,0,0.2,0.2,0.5,0
52052,0.5,0.2,0.5,0.5,0,0.2,0,0.2,0.5,0.2,0.5
52065,0.5,0.2,0.5,0.5,0,0.2,0,0.5,0.2,0,0
52071,0.5,0.2,0.5,0.5,0,0.2,0,0.5,0.2,0.5,0
52081,0.5,0.2,0.5,0.5,0,0.2,0,0.5,0.5,0.5,0.2
52087,0.5,0.2,0.5,0.5,0,0.2,0.2,0,0,0.2,0.2
52095,0.5,0.2,0.5,0.5,0,0.2,0.2,0,0.2,0.2,0
52103,0.5,0.2,0.5,0.5,0,0.2,0.2,0,0.5,0,0.5
52111,0.5,0.2,0.5,0.5,0,0.2,0.2,0.2,0,0,0.2
52120,0.5,0.2,0.5,0.5,0,0.2,0.2,0.2,0.2,0,0.2
52131,0.5,0.2,0.5,0.5,0,0.2,0.2,0.2,0.5,0.2,0
52142,0.5,0.2,0.5,0.5,0,0.2,0.2,0.5,0,0.2,0.5
52148,0.5,0.2,0.5,0.5,0,0.2,0.2,0.5,0.2,0,0.5
52164,0.5,0.2,0.5,0.5,0,0.2,0.5,0,0,0,0
52173,0.5,0.2,0.5,0.5,0,0.2,0.5,0,0.2,0,0
52182,0.5,0.2,0.5,0.5,0,0.2,0.5,0,0.5,0,0
52191,0.5,0.2,0.5,0.5,0,0.2,0.5,0.2,0,0,0
52200,0.5,0.2,0.5,0.5,0,0.2,0.5,0.2,0.2,0,0
52209,0.5,0.2,0.5,0.5,0,0.2,0.5,0.2,0.5,0,0
52218,0.5,0.2,0.5,0.5,0,0.2,0.5,0.5,0,0,0
52227,0.5,0.2,0.5,0.5,0,0.2,0.5,0.5,0.2,0,0
52236,0.5,0.2,0.5,0.5,0,0.2,0.5,0.5,0.5,0,0
52246,0.5,0.2,0.5,0.5,0,0.5,0,0,0,0,0.2
52254,0.5,0.2,0.5,0.5,0,0.5,0,0,0.2,0,0
52261,0.5,0.2,0.5,0.5,0,0.5,0,0,0.2,0.5,0.2
52269,0.5,0.2,0.5,0.5,0,0.5,0,0,0.5,0.5,0
52279,0.5,0.2,0.5,0.5,0,0.5,0,0.2,0,0.5,0.2
52289,0.5,0.2,0.5,0.5,0,0.5,0,0.2,0.2,0.5,0.5
52297,0.5,0.2,0.5,0.5,0,0.5,0,0.2,0.5,0.5,0.2
52303,0.5,0.2,0.5,0.5,0,0.5,0,0.5,0,0.2,0.2
52317,0.5,0.2,0.5,0.5,0,0.5,0,0.5,0.5,0,0
52321,0.5,0.2,0.5,0.5,0,0.5,0,0.5,0.5,0.2,0.2
52334,0.5,0.2,0.5,0.5,0,0.5,0.2,0,0,0.5,0.5
52341,0.5,0.2,0.5,0.5,0,0.5,0.2,0,0.2,0.5,0
52351,0.5,0.2,0.5,0.5,0,0.5,0.2,0,0.5,0.5,0.2
52361,0.5,0.2,0.5,0.5,0,0.5,0.2,0.2,0,0.5,0.5
52371,0.5,0.2,0.5,0.5,0,0.5,0.2,0.2,0.5,0,0
52380,0.5,0.2,0.5,0.5,0,0.5,0.2,0.5,0,0,0
52389,0.5,0.2,0.5,0.5,0,0.5,0.2,0.5,0.2,0,0
52398,0.5,0.2,0.5,0.5,0,0.5,0.2,0.5,0.5,0,0
52407,0.5,0.2,0.5,0.5,0,0.5,0.5,0,0,0,0
52416,0.5,0.2,0.5,0.5,0,0.5,0.5,0,0.2,0,0
52425,0.5,0.2,0.5,0.5,0,0.5,0.5,0,0.5,0,0
52435,0.5,0.2,0.5,0.5,0,0.5,0.5,0.2,0,0,0.2
52444,0.5,0.2,0.5,0.5,0,0.5,0.5,0.2,0.2,0,0.2
52457,0.5,0.2,0.5,0.5,0,0.5,0.5,0.2,0.5,0.2,0.5
52463,0.5,0.2,0.5,0.5,0,0.5,0.5,0.5,0,0,0.5
52472,0.5,0.2,0.5,0.5,0,0.5,0.5,0.5,0.2,0,0.5
52480,0.5,0.2,0.5,0.5,0,0.5,0.5,0.5,0.5,0,0.2
52494,0.5,0.5,0,0,0,0,0,0,0,0.5,0
52498,0.5,0.5,0,0,0,0,0,0,0.2,0,0.2
52508,0.5,0.5,0,0,0,0,0,0,0.5,0,0.5
52518,0.5,0.5,0,0,0,0,0,0.2,0,0.2,0
52527,0.5,0.5,0,0,0,0,0,0.2,0.2,0.2,0
52539,0.5,0.5,0,0,0,0,0,0.2,0.5,0.5,0
52543,0.5,0.5,0,0,0,0,0,0.5,0,0,0.2
52552,0.5,0.5,0,0,0,0,0,0.5,0.2,0,0.2
52560,0.5,0.5,0,0,0,0,0,0.5,0.5,0,0
52573,0.5,0.5,0,0,0,0,0.2,0,0,0.2,0.2
52579,0.5,0.5,0,0,0,0,0.2,0,0.2,0,0.2
52589,0.5,0.5,0,0,0,0,0.2,0,0.5,0,0.5
52601,0.5,0.5,0,0,0,0,0.2,0.2,0,0.2,0.5
52608,0.5,0.5,0,0,0,0,0.2,0.2,0.2,0.2,0
52615,0.5,0.5,0,0,0,0,0.2,0.2,0.5,0,0.2
52624,0.5,0.5,0,0,0,0,0.2,0.5,0,0,0.2
52634,0.5,0.5,0,0,0,0,0.2,0.5,0.2,0,0.5
52649,0.5,0.5,0,0,0,0,0.2,0.5,0.5,0.5,0.5
52653,0.5,0.5,0,0,0,0,0.5,0,0,0.2,0
52664,0.5,0.5,0,0,0,0,0.5,0,0.2,0.2,0.5
52668,0.5,0.5,0,0,0,0,0.5,0,0.5,0,0
52677,0.5,0.5,0,0,0,0,0.5,0.2,0,0,0
52686,0.5,0.5,0,0,0,0,0.5,0.2,0.2,0,0
52695,0.5,0.5,0,0,0,0,0.5,0.2,0.5,0,0
52704,0.5,0.5,0,0,0,0,0.5,0.5,0,0,0
52713,0.5,0.5,0,0,0,0,0.5,0.5,0.2,0,0
52722,0.5,0.5,0,0,0,0,0.5,0.5,0.5,0,0
52731,0.5,0.5,0,0,0,0.2,0,0,0,0,0
52740,0.5,0.5,0,0,0,0.2,0,0,0.2,0,0
52749,0.5,0.5,0,0,0,0.2,0,0,0.5,0,0
52759,0.5,0.5,0,0,0,0.2,0,0.2,0,0,0.2
52767,0.5,0.5,0,0,0,0.2,0,0.2,0.2,0,0
52777,0.5,0.5,0,0,0,0.2,0,0.2,0.5,0,0.2
52787,0.5,0.5,0,0,0,0.2,0,0.5,0,0,0.5
52794,0.5,0.5,0,0,0,0.2,0,0.5,0.2,0,0
52803,0.5,0.5,0,0,0,0.2,0,0.5,0.5,0,0
52814,0.5,0.5,0,0,0,0.2,0.2,0,0,0,0.5
52823,0.5,0.5,0,0,0,0.2,0.2,0,0.2,0,0.5
52833,0.5,0.5,0,0,0,0.2,0.2,0,0.5,0.2,0
52840,0.5,0.5,0,0,0,0.2,0.2,0.2,0,0,0.2
52849,0.5,0.5,0,0,0,0.2,0.2,0.2,0.2,0,0.2
52858,0.5,0.5,0,0,0,0.2,0.2,0.2,0.5,0,0.2
52866,0.5,0.5,0,0,0,0.2,0.2,0.5,0,0,0
52876,0.5,0.5,0,0,0,0.2,0.2,0.5,0.2,0,0.2
52884,0.5,0.5,0,0,0,0.2,0.2,0.5,0.5,0,0
52894,0.5,0.5,0,0,0,0.2,0.5,0,0,0,0.2
52903,0.5,0.5,0,0,0,0.2,0.5,0,0.2,0,0.2
52912,0.5,0.5,0,0,0,0.2,0.5,0,0.5,0,0.2
52921,0.5,0.5,0,0,0,0.2,0.5,0.2,0,0,0.2
52930,0.5,0.5,0,0,0,0.2,0.5,0.2,0.2,0,0.2
52939,0.5,0.5,0,0,0,0.2,0.5,0.2,0.5,0,0.2
52948,0.5,0.5,0,0,0,0.2,0.5,0.5,0,0,0.2
52961,0.5,0.5,0,0,0,0.2,0.5,0.5,0.2,0.2,0.5
52973,0.5,0.5,0,0,0,0.2,0.5,0.5,0.5,0.5,0.5
52978,0.5,0.5,0,0,0,0.5,0,0,0,0.2,0.2
52987,0.5,0.5,0,0,0,0.5,0,0,0.2,0.2,0.2
52992,0.5,0.5,0,0,0,0.5,0,0,0.5,0,0
53005,0.5,0.5,0,0,0,0.5,0,0.2,0,0.2,0.2
53011,0.5,0.5,0,0,0,0.5,0,0.2,0.2,0,0.2
53019,0.5,0.5,0,0,0,0.5,0,0.2,0.5,0,0
53032,0.5,0.5,0,0,0,0.5,0,0.5,0,0.2,0.2
53040,0.5,0.5,0,0,0,0.5,0,0.5,0.2,0.2,0
53053,0.5,0.5,0,0,0,0.5,0,0.5,0.5,0.5,0.2
53058,0.5,0.5,0,0,0,0.5,0.2,0,0,0.2,0
53064,0.5,0.5,0,0,0,0.5,0.2,0,0.2,0,0
53073,0.5,0.5,0,0,0,0.5,0.2,0,0.5,0,0
53082,0.5,0.5,0,0,0,0.5,0.2,0.2,0,0,0
53091,0.5,0.5,0,0,0,0.5,0.2,0.2,0.2,0,0
53100,0.5,0.5,0,0,0,0.5,0.2,0.2,0.5,0,0
53110,0.5,0.5,0,0,0,0.5,0.2,0.5,0,0,0.2
53118,0.5,0.5,0,0,0,0.5,0.2,0.5,0.2,0,0
53127,0.5,0.5,0,0,0,0.5,0.2,0.5,0.5,0,0
53139,0.5,0.5,0,0,0,0.5,0.5,0,0,0.2,0
53145,0.5,0.5,0,0,0,0.5,0.5,0,0.2,0,0
53153,0.5,0.5,0,0,0,0.5,0.5,0,0.2,0.5,0.5
53161,0.5,0.5,0,0,0,0.5,0.5,0,0.5,0.5,0.2
53170,0.5,0.5,0,0,0,0.5,0.5,0.2,0,0.5,0.2
53179,0.5,0.5,0,0,0,0.5,0.5,0.2,0.2,0.5,0.2
53186,0.5,0.5,0,0,0,0.5,0.5,0.2,0.5,0.2,0.5
53192,0.5,0.5,0,0,0,0.5,0.5,0.5,0,0,0.5
53198,0.5,0.5,0,0,0,0.5,0.5,0.5,0,0.5,0.5
53204,0.5,0.5,0,0,0,0.5,0.5,0.5,0.2,0.2,0.5
53210,0.5,0.5,0,0,0,0.5,0.5,0.5,0.5,0,0.5
53215,0.5,0.5,0,0,0,0.5,0.5,0.5,0.5,0.5,0.2
53221,0.5,0.5,0,0.2,0,0,0,0,0,0.2,0.2
53227,0.5,0.5,0,0.2,0,0,0,0,0.2,0,0.2
53231,0.5,0.5,0,0.2,0,0,0,0,0.2,0.2,0.5
53236,0.5,0.5,0,0.2,0,0,0,0,0.5,0,0.2
53243,0.5,0.5,0,0.2,0,0,0,0,0.5,0.5,0.5
53249,0.5,0.5,0,0.2,0,0,0,0.2,0,0.2,0.5
53253,0.5,0.5,0,0.2,0,0,0,0.2,0.2,0,0
53261,0.5,0.5,0,0.2,0,0,0,0.2,0.2,0.5,0.5
53267,0.5,0.5,0,0.2,0,0,0,0.2,0.5,0.2,0.5
53273,0.5,0.5,0,0.2,0,0,0,0.5,0,0,0.5
53282,0.5,0.5,0,0.2,0,0,0,0.5,0.2,0,0.5
53289,0.5,0.5,0,0.2,0,0,0,0.5,0.5,0,0
53295,0.5,0.5,0,0.2,0,0,0,0.5,0.5,0.5,0
53301,0.5,0.5,0,0.2,0,0,0.2,0,0,0.2,0
53307,0.5,0.5,0,0.2,0,0,0.2,0,0.2,0,0
53313,0.5,0.5,0,0.2,0,0,0.2,0,0.2,0.5,0
53319,0.5,0.5,0,0.2,0,0,0.2,0,0.5,0.2,0
53324,0.5,0.5,0,0.2,0,0,0.2,0,0.5,0.5,0.5
53329,0.5,0.5,0,0.2,0,0,0.2,0.2,0,0.2,0.2
53336,0.5,0.5,0,0.2,0,0,0.2,0.2,0.2,0,0.5
53341,0.5,0.5,0,0.2,0,0,0.2,0.2,0.2,0.5,0.2
53348,0.5,0.5,0,0.2,0,0,0.2,0.2,0.5,0.2,0.5
53352,0.5,0.5,0,0.2,0,0,0.2,0.5,0,0,0
53360,0.5,0.5,0,0.2,0,0,0.2,0.5,0,0.5,0.5
53366,0.5,0.5,0,0.2,0,0,0.2,0.5,0.2,0.2,0.5
53370,0.5,0.5,0,0.2,0,0,0.2,0.5,0.5,0,0
53376,0.5,0.5,0,0.2,0,0,0.2,0.5,0.5,0.5,0
53382,0.5,0.5,0,0.2,0,0,0.5,0,0,0.2,0
53388,0.5,0.5,0,0.2,0,0,0.5,0,0.2,0,0
53394,0.5,0.5,0,0.2,0,0,0.5,0,0.2,0.5,0
53400,0.5,0.5,0,0.2,0,0,0.5,0,0.5,0.2,0
53406,0.5,0.5,0,0.2,0,0,0.5,0.2,0,0,0
53412,0.5,0.5,0,0.2,0,0,0.5,0.2,0,0.5,0
53418,0.5,0.5,0,0.2,0,0,0.5,0.2,0.2,0.2,0
53424,0.5,0.5,0,0.2,0,0,0.5,0.2,0.5,0,0
53428,0.5,0.5,0,0.2,0,0,0.5,0.2,0.5,0.2,0.2
53434,0.5,0.5,0,0.2,0,0,0.5,0.5,0,0,0.2
53440,0.5,0.5,0,0.2,0,0,0.5,0.5,0,0.5,0.2
53447,0.5,0.5,0,0.2,0,0,0.5,0.5,0.2,0.2,0.5
53451,0.5,0.5,0,0.2,0,0,0.5,0.5,0.5,0,0
53456,0.5,0.5,0,0.2,0,0,0.5,0.5,0.5,0.2,0.5
53462,0.5,0.5,0,0.2,0,0.2,0,0,0,0,0.5
53469,0.5,0.5,0,0.2,0,0.2,0,0,0.2,0,0
53474,0.5,0.5,0,0.2,0,0.2,0,0,0.2,0.2,0.5
53480,0.5,0.5,0,0.2,0,0.2,0,0,0.5,0,0.5
53488,0.5,0.5,0,0.2,0,0.2,0,0.2,0,0,0.2
53494,0.5,0.5,0,0.2,0,0.2,0,0.2,0,0.5,0.2
53500,0.5,0.5,0,0.2,0,0.2,0,0.2,0.2,0.2,0.2
53506,0.5,0.5,0,0.2,0,0.2,0,0.2,0.5,0,0.2
53512,0.5,0.5,0,0.2,0,0.2,0,0.2,0.5,0.5,0.2
53518,0.5,0.5,0,0.2,0,0.2,0,0.5,0,0.2,0.2
53522,0.5,0.5,0,0.2,0,0.2,0,0.5,0,0.5,0.5
53528,0.5,0.5,0,0.2,0,0.2,0,0.5,0.2,0.2,0.5
53534,0.5,0.5,0,0.2,0,0.2,0,0.5,0.5,0,0.5
53541,0.5,0.5,0,0.2,0,0.2,0.2,0,0,0,0
53547,0.5,0.5,0,0.2,0,0.2,0.2,0,0,0.5,0
53553,0.5,0.5,0,0.2,0,0.2,0.2,0,0.2,0.2,0
53560,0.5,0.5,0,0.2,0,0.2,0.2,0,0.5,0,0.2
53565,0.5,0.5,0,0.2,0,0.2,0.2,0,0.5,0.5,0
53571,0.5,0.5,0,0.2,0,0.2,0.2,0.2,0,0.2,0
53577,0.5,0.5,0,0.2,0,0.2,0.2,0.2,0.2,0,0
53583,0.5,0.5,0,0.2,0,0.2,0.2,0.2,0.2,0.5,0
53589,0.5,0.5,0,0.2,0,0.2,0.2,0.2,0.5,0.2,0
53595,0.5,0.5,0,0.2,0,0.2,0.2,0.5,0,0,0
53601,0.5,0.5,0,0.2,0,0.2,0.2,0.5,0,0.5,0
53607,0.5,0.5,0,0.2,0,0.2,0.2,0.5,0.2,0.2,0
53611,0.5,0.5,0,0.2,0,0.2,0.2,0.5,0.2,0.5,0.2
53617,0.5,0.5,0,0.2,0,0.2,0.2,0.5,0.5,0.2,0.2
53623,0.5,0.5,0,0.2,0,0.2,0.5,0,0,0,0.2
53630,0.5,0.5,0,0.2,0,0.2,0.5,0,0,0.5,0.5
53634,0.5,0.5,0,0.2,0,0.2,0.5,0,0.2,0.2,0
53640,0.5,0.5,0,0.2,0,0.2,0.5,0,0.5,0,0
53647,0.5,0.5,0,0.2,0,0.2,0.5,0,0.5,0.5,0.2
53653,0.5,0.5,0,0.2,0,0.2,0.5,0.2,0,0.2,0.2
53658,0.5,0.5,0,0.2,0,0.2,0.5,0.2,0.2,0,0
53665,0.5,0.5,0,0.2,0,0.2,0.5,0.2,0.2,0.5,0.2
53671,0.5,0.5,0,0.2,0,0.2,0.5,0.2,0.5,0.2,0.2
53676,0.5,0.5,0,0.2,0,0.2,0.5,0.5,0,0,0
53682,0.5,0.5,0,0.2,0,0.2,0.5,0.5,0,0.5,0
53690,0.5,0.5,0,0.2,0,0.2,0.5,0.5,0.2,0.2,0.5
53694,0.5,0.5,0,0.2,0,0.2,0.5,0.5,0.5,0,0
53700,0.5,0.5,0,0.2,0,0.2,0.5,0.5,0.5,0.5,0
53706,0.5,0.5,0,0.2,0,0.5,0,0,0,0.2,0
53712,0.5,0.5,0,0.2,0,0.5,0,0,0.2,0,0
53718,0.5,0.5,0,0.2,0,0.5,0,0,0.2,0.5,0
53723,0.5,0.5,0,0.2,0,0.5,0,0,0.5,0,0.5
53731,0.5,0.5,0,0.2,0,0.5,0,0.2,0,0,0.2
53738,0.5,0.5,0,0.2,0,0.5,0,0.2,0,0.5,0.5
53744,0.5,0.5,0,0.2,0,0.5,0,0.2,0.2,0.2,0.5
53750,0.5,0.5,0,0.2,0,0.5,0,0.2,0.5,0,0.5
53757,0.5,0.5,0,0.2,0,0.5,0,0.5,0,0,0
53763,0.5,0.5,0,0.2,0,0.5,0,0.5,0,0.5,0
53769,0.5,0.5,0,0.2,0,0.5,0,0.5,0.2,0.2,0
53772,0.5,0.5,0,0.2,0,0.5,0,0.5,0.2,0.5,0
53778,0.5,0.5,0,0.2,0,0.5,0,0.5,0.5,0.2,0
53782,0.5,0.5,0,0.2,0,0.5,0,0.5,0.5,0.5,0.2
53788,0.5,0.5,0,0.2,0,0.5,0.2,0,0,0.2,0.2
53793,0.5,0.5,0,0.2,0,0.5,0.2,0,0.2,0,0
53800,0.5,0.5,0,0.2,0,0.5,0.2,0,0.2,0.5,0.2
53806,0.5,0.5,0,0.2,0,0.5,0.2,0,0.5,0.2,0.2
53811,0.5,0.5,0,0.2,0,0.5,0.2,0.2,0,0,0
53817,0.5,0.5,0,0.2,0,0.5,0.2,0.2,0,0.5,0
53823,0.5,0.5,0,0.2,0,0.5,0.2,0.2,0.2,0.2,0
53829,0.5,0.5,0,0.2,0,0.5,0.2,0.2,0.5,0,0
53835,0.5,0.5,0,0.2,0,0.5,0.2,0.2,0.5,0.5,0
53841,0.5,0.5,0,0.2,0,0.5,0.2,0.5,0,0.2,0
53845,0.5,0.5,0,0.2,0,0.5,0.2,0.5,0,0.5,0.2
53851,0.5,0.5,0,0.2,0,0.5,0.2,0.5,0.2,0.2,0.2
53857,0.5,0.5,0,0.2,0,0.5,0.2,0.5,0.5,0,0.2
53863,0.5,0.5,0,0.2,0,0.5,0.2,0.5,0.5,0.5,0.2
53868,0.5,0.5,0,0.2,0,0.5,0.5,0,0,0.2,0
53873,0.5,0.5,0,0.2,0,0.5,0.5,0,0,0.5,0.5
53879,0.5,0.5,0,0.2,0,0.5,0.5,0,0.2,0.2,0.5
53885,0.5,0.5,0,0.2,0,0.5,0.5,0,0.5,0,0.5
53890,0.5,0.5,0,0.2,0,0.5,0.5,0,0.5,0.5,0.2
53896,0.5,0.5,0,0.2,0,0.5,0.5,0.2,0,0.2,0.2
53901,0.5,0.5,0,0.2,0,0.5,0.5,0.2,0.2,0,0
53908,0.5,0.5,0,0.2,0,0.5,0.5,0.2,0.2,0.5,0.2
53913,0.5,0.5,0,0.2,0,0.5,0.5,0.2,0.5,0.2,0
53919,0.5,0.5,0,0.2,0,0.5,0.5,0.5,0,0,0
53925,0.5,0.5,0,0.2,0,0.5,0.5,0.5,0,0.5,0
53931,0.5,0.5,0,0.2,0,0.5,0.5,0.5,0.2,0.2,0
53937,0.5,0.5,0,0.2,0,0.5,0.5,0.5,0.5,0,0
53943,0.5,0.5,0,0.2,0,0.5,0.5,0.5,0.5,0.5,0
53949,0.5,0.5,0,0.5,0,0,0,0,0,0.2,0
53955,0.5,0.5,0,0.5,0,0,0,0,0.2,0,0
53961,0.5,0.5,0,0.5,0,0,0,0,0.2,0.5,0
53967,0.5,0.5,0,0.5,0,0,0,0,0.5,0.2,0
53973,0.5,0.5,0,0.5,0,0,0,0.2,0,0,0
53979,0.5,0.5,0,0.5,0,0,0,0.2,0,0.5,0
53986,0.5,0.5,0,0.5,0,0,0,0.2,0.2,0.2,0.2
53990,0.5,0.5,0,0.5,0,0,0,0.2,0.2,0.5,0.5
53996,0.5,0.5,0,0.5,0,0,0,0.2,0.5,0.2,0.5
54001,0.5,0.5,0,0.5,0,0,0,0.5,0,0,0.2
54007,0.5,0.5,0,0.5,0,0,0,0.5,0,0.5,0.2
54014,0.5,0.5,0,0.5,0,0,0,0.5,0.2,0.2,0.5
54020,0.5,0.5,0,0.5,0,0,0,0.5,0.5,0,0.5
54025,0.5,0.5,0,0.5,0,0,0,0.5,0.5,0.5,0.2
54031,0.5,0.5,0,0.5,0,0,0.2,0,0,0.2,0.2
54037,0.5,0.5,0,0.5,0,0,0.2,0,0.2,0,0.2
54042,0.5,0.5,0,0.5,0,0,0.2,0,0.2,0.5,0
54048,0.5,0.5,0,0.5,0,0,0.2,0,0.5,0.2,0
54052,0.5,0.5,0,0.5,0,0,0.2,0,0.5,0.5,0.2
54062,0.5,0.5,0,0.5,0,0,0.2,0.2,0,0.5,0.5
54068,0.5,0.5,0,0.5,0,0,0.2,0.2,0.2,0.2,0.5
54072,0.5,0.5,0,0.5,0,0,0.2,0.2,0.5,0,0
54079,0.5,0.5,0,0.5,0,0,0.2,0.2,0.5,0.5,0.2
54086,0.5,0.5,0,0.5,0,0,0.2,0.5,0,0.2,0.5
54092,0.5,0.5,0,0.5,0,0,0.2,0.5,0.2,0,0.5
54098,0.5,0.5,0,0.5,0,0,0.2,0.5,0.2,0.5,0.5
54102,0.5,0.5,0,0.5,0,0,0.2,0.5,0.5,0.2,0
54108,0.5,0.5,0,0.5,0,0,0.5,0,0,0,0
54114,0.5,0.5,0,0.5,0,0,0.5,0,0,0.5,0
54120,0.5,0.5,0,0.5,0,0,0.5,0,0.2,0.2,0
54126,0.5,0.5,0,0.5,0,0,0.5,0,0.5,0,0
54131,0.5,0.5,0,0.5,0,0,0.5,0,0.5,0.2,0.5
54137,0.5,0.5,0,0.5,0,0,0.5,0.2,0,0,0.5
54143,0.5,0.5,0,0.5,0,0,0.5,0.2,0,0.5,0.5
54150,0.5,0.5,0,0.5,0,0,0.5,0.2,0.2,0.5,0
54156,0.5,0.5,0,0.5,0,0,0.5,0.2,0.5,0.2,0
54162,0.5,0.5,0,0.5,0,0,0.5,0.5,0,0,0
54167,0.5,0.5,0,0.5,0,0,0.5,0.5,0,0.2,0.5
54171,0.5,0.5,0,0.5,0,0,0.5,0.5,0.2,0,0
54178,0.5,0.5,0,0.5,0,0,0.5,0.5,0.2,0.5,0.2
54184,0.5,0.5,0,0.5,0,0,0.5,0.5,0.5,0.2,0.2
54190,0.5,0.5,0,0.5,0,0.2,0,0,0,0,0.2
54195,0.5,0.5,0,0.5,0,0.2,0,0,0,0.5,0
54202,0.5,0.5,0,0.5,0,0.2,0,0,0.2,0.2,0.2
54208,0.5,0.5,0,0.5,0,0.2,0,0,0.5,0,0.2
54217,0.5,0.5,0,0.5,0,0.2,0,0.2,0,0,0.2
54221,0.5,0.5,0,0.5,0,0.2,0,0.2,0,0.2,0.5
54226,0.5,0.5,0,0.5,0,0.2,0,0.2,0.2,0,0.2
54233,0.5,0.5,0,0.5,0,0.2,0,0.2,0.2,0.5,0.5
54237,0.5,0.5,0,0.5,0,0.2,0,0.2,0.5,0.2,0
54243,0.5,0.5,0,0.5,0,0.2,0,0.5,0,0,0
54249,0.5,0.5,0,0.5,0,0.2,0,0.5,0,0.5,0
54255,0.5,0.5,0,0.5,0,0.2,0,0.5,0.2,0.2,0
54260,0.5,0.5,0,0.5,0,0.2,0,0.5,0.2,0.5,0.5
54266,0.5,0.5,0,0.5,0,0.2,0,0.5,0.5,0.2,0.5
54272,0.5,0.5,0,0.5,0,0.2,0.2,0,0,0,0.5
54277,0.5,0.5,0,0.5,0,0.2,0.2,0,0,0.5,0.2
54283,0.5,0.5,0,0.5,0,0.2,0.2,0,0.2,0.2,0.2
54289,0.5,0.5,0,0.5,0,0.2,0.2,0,0.5,0,0.2
54295,0.5,0.5,0,0.5,0,0.2,0.2,0,0.5,0.5,0.2
54303,0.5,0.5,0,0.5,0,0.2,0.2,0.2,0,0.5,0
54309,0.5,0.5,0,0.5,0,0.2,0.2,0.2,0.2,0.2,0
54317,0.5,0.5,0,0.5,0,0.2,0.2,0.2,0.5,0,0.5
54321,0.5,0.5,0,0.5,0,0.2,0.2,0.2,0.5,0.5,0
54327,0.5,0.5,0,0.5,0,0.2,0.2,0.5,0,0.2,0
54333,0.5,0.5,0,0.5,0,0.2,0.2,0.5,0.2,0,0
54339,0.5,0.5,0,0.5,0,0.2,0.2,0.5,0.2,0.5,0
54347,0.5,0.5,0,0.5,0,0.2,0.2,0.5,0.5,0.2,0.5
54353,0.5,0.5,0,0.5,0,0.2,0.5,0,0,0,0.5
54359,0.5,0.5,0,0.5,0,0.2,0.5,0,0,0.5,0.5
54364,0.5,0.5,0,0.5,0,0.2,0.5,0,0.2,0.2,0.2
54371,0.5,0.5,0,0.5,0,0.2,0.5,0,0.5,0,0.5
54377,0.5,0.5,0,0.5,0,0.2,0.5,0,0.5,0.5,0.5
54382,0.5,0.5,0,0.5,0,0.2,0.5,0.2,0,0.2,0.2
54388,0.5,0.5,0,0.5,0,0.2,0.5,0.2,0.2,0,0.2
54394,0.5,0.5,0,0.5,0,0.2,0.5,0.2,0.2,0.5,0.2
54401,0.5,0.5,0,0.5,0,0.2,0.5,0.2,0.5,0.2,0.5
54405,0.5,0.5,0,0.5,0,0.2,0.5,0.5,0,0,0
54413,0.5,0.5,0,0.5,0,0.2,0.5,0.5,0,0.5,0.5
54419,0.5,0.5,0,0.5,0,0.2,0.5,0.5,0.2,0.2,0.5
54425,0.5,0.5,0,0.5,0,0.2,0.5,0.5,0.5,0,0.5
54431,0.5,0.5,0,0.5,0,0.2,0.5,0.5,0.5,0.5,0.5
54437,0.5,0.5,0,0.5,0,0.5,0,0,0,0.2,0.5
54442,0.5,0.5,0,0.5,0,0.5,0,0,0.2,0,0.2
54449,0.5,0.5,0,0.5,0,0.5,0,0,0.2,0.5,0.5
54454,0.5,0.5,0,0.5,0,0.5,0,0,0.5,0.2,0.2
54460,0.5,0.5,0,0.5,0,0.5,0,0.2,0,0,0.2
54462,0.5,0.5,0,0.5,0,0.5,0,0.2,0,0.2,0
54468,0.5,0.5,0,0.5,0,0.5,0,0.2,0.2,0,0
54474,0.5,0.5,0,0.5,0,0.5,0,0.2,0.2,0.5,0
54480,0.5,0.5,0,0.5,0,0.5,0,0.2,0.5,0.2,0
54486,0.5,0.5,0,0.5,0,0.5,0,0.5,0,0,0
54492,0.5,0.5,0,0.5,0,0.5,0,0.5,0,0.5,0
54498,0.5,0.5,0,0.5,0,0.5,0,0.5,0.2,0.2,0
54504,0.5,0.5,0,0.5,0,0.5,0,0.5,0.5,0,0
54510,0.5,0.5,0,0.5,0,0.5,0,0.5,0.5,0.5,0
54517,0.5,0.5,0,0.5,0,0.5,0.2,0,0,0.2,0.2
54522,0.5,0.5,0,0.5,0,0.5,0.2,0,0.2,0,0
54528,0.5,0.5,0,0.5,0,0.5,0.2,0,0.2,0.5,0
54534,0.5,0.5,0,0.5,0,0.5,0.2,0,0.5,0.2,0
54540,0.5,0.5,0,0.5,0,0.5,0.2,0.2,0,0,0
54544,0.5,0.5,0,0.5,0,0.5,0.2,0.2,0,0.2,0.2
54550,0.5,0.5,0,0.5,0,0.5,0.2,0.2,0.2,0,0.2
54556,0.5,0.5,0,0.5,0,0.5,0.2,0.2,0.2,0.5,0.2
54562,0.5,0.5,0,0.5,0,0.5,0.2,0.2,0.5,0.2,0.2
54567,0.5,0.5,0,0.5,0,0.5,0.2,0.5,0,0,0
54571,0.5,0.5,0,0.5,0,0.5,0.2,0.5,0,0.2,0.2
54577,0.5,0.5,0,0.5,0,0.5,0.2,0.5,0.2,0,0.2
54583,0.5,0.5,0,0.5,0,0.5,0.2,0.5,0.2,0.5,0.2
54589,0.5,0.5,0,0.5,0,0.5,0.2,0.5,0.5,0.2,0.2
54595,0.5,0.5,0,0.5,0,0.5,0.5,0,0,0,0.2
54601,0.5,0.5,0,0.5,0,0.5,0.5,0,0,0.5,0.2
54609,0.5,0.5,0,0.5,0,0.5,0.5,0,0.2,0.5,0
54615,0.5,0.5,0,0.5,0,0.5,0.5,0,0.5,0.2,0
54622,0.5,0.5,0,0.5,0,0.5,0.5,0.2,0,0,0.2
54627,0.5,0.5,0,0.5,0,0.5,0.5,0.2,0,0.5,0
54633,0.5,0.5,0,0.5,0,0.5,0.5,0.2,0.2,0.2,0
54639,0.5,0.5,0,0.5,0,0.5,0.5,0.2,0.5,0,0
54645,0.5,0.5,0,0.5,0,0.5,0.5,0.2,0.5,0.5,0
54649,0.5,0.5,0,0.5,0,0.5,0.5,0.5,0,0,0.2
54655,0.5,0.5,0,0.5,0,0.5,0.5,0.5,0,0.5,0.2
54661,0.5,0.5,0,0.5,0,0.5,0.5,0.5,0.2,0.2,0.2
54668,0.5,0.5,0,0.5,0,0.5,0.5,0.5,0.5,0,0.5
54674,0.5,0.5,0,0.5,0,0.5,0.5,0.5,0.5,0.5,0.5
54680,0.5,0.5,0.2,0,0,0,0,0,0,0.2,0.5
54686,0.5,0.5,0.2,0,0,0,0,0,0.2,0,0.5
54692,0.5,0.5,0.2,0,0,0,0,0,0.2,0.5,0.5
54698,0.5,0.5,0.2,0,0,0,0,0,0.5,0.2,0.5
54704,0.5,0.5,0.2,0,0,0,0,0.2,0,0,0.5
54709,0.5,0.5,0.2,0,0,0,0,0.2,0,0.5,0.2
54715,0.5,0.5,0.2,0,0,0,0,0.2,0.2,0.2,0.2
54721,0.5,0.5,0.2,0,0,0,0,0.2,0.5,0,0.2
54727,0.5,0.5,0.2,0,0,0,0,0.2,0.5,0.5,0.2
54732,0.5,0.5,0.2,0,0,0,0,0.5,0,0.2,0
54738,0.5,0.5,0.2,0,0,0,0,0.5,0.2,0,0
54743,0.5,0.5,0.2,0,0,0,0,0.5,0.2,0.2,0.5
54749,0.5,0.5,0.2,0,0,0,0,0.5,0.5,0,0.5
54755,0.5,0.5,0.2,0,0,0,0,0.5,0.5,0.5,0.5
54761,0.5,0.5,0.2,0,0,0,0.2,0,0,0.2,0.5
54767,0.5,0.5,0.2,0,0,0,0.2,0,0.2,0,0.5
54773,0.5,0.5,0.2,0,0,0,0.2,0,0.2,0.5,0.5
54779,0.5,0.5,0.2,0,0,0,0.2,0,0.5,0.2,0.5
54785,0.5,0.5,0.2,0,0,0,0.2,0.2,0,0,0.5
54793,0.5,0.5,0.2,0,0,0,0.2,0.2,0.2,0,0.2
54799,0.5,0.5,0.2,0,0,0,0.2,0.2,0.2,0.5,0.2
54805,0.5,0.5,0.2,0,0,0,0.2,0.2,0.5,0.2,0.2
54811,0.5,0.5,0.2,0,0,0,0.2,0.5,0,0,0.2
54815,0.5,0.5,0.2,0,0,0,0.2,0.5,0,0.2,0.5
54821,0.5,0.5,0.2,0,0,0,0.2,0.5,0.2,0,0.5
54829,0.5,0.5,0.2,0,0,0,0.2,0.5,0.5,0,0.2
54834,0.5,0.5,0.2,0,0,0,0.2,0.5,0.5,0.5,0
54840,0.5,0.5,0.2,0,0,0,0.5,0,0,0.2,0
54844,0.5,0.5,0.2,0,0,0,0.5,0,0,0.5,0.2
54850,0.5,0.5,0.2,0,0,0,0.5,0,0.2,0.2,0.2
54856,0.5,0.5,0.2,0,0,0,0.5,0,0.5,0,0.2
54861,0.5,0.5,0.2,0,0,0,0.5,0,0.5,0.5,0
54868,0.5,0.5,0.2,0,0,0,0.5,0.2,0,0.2,0.2
54873,0.5,0.5,0.2,0,0,0,0.5,0.2,0.2,0,0
54879,0.5,0.5,0.2,0,0,0,0.5,0.2,0.2,0.5,0
54885,0.5,0.5,0.2,0,0,0,0.5,0.2,0.5,0.2,0
54890,0.5,0.5,0.2,0,0,0,0.5,0.2,0.5,0.5,0.5
54896,0.5,0.5,0.2,0,0,0,0.5,0.5,0,0.2,0.5
54901,0.5,0.5,0.2,0,0,0,0.5,0.5,0.2,0,0.2
54906,0.5,0.5,0.2,0,0,0,0.5,0.5,0.2,0.5,0
54911,0.5,0.5,0.2,0,0,0,0.5,0.5,0.5,0,0.5
54916,0.5,0.5,0.2,0,0,0,0.5,0.5,0.5,0.5,0.2
54921,0.5,0.5,0.2,0,0,0.2,0,0,0,0.2,0
54926,0.5,0.5,0.2,0,0,0.2,0,0,0,0.5,0.5
54930,0.5,0.5,0.2,0,0,0.2,0,0,0.2,0.2,0
54936,0.5,0.5,0.2,0,0,0.2,0,0,0.5,0,0
54942,0.5,0.5,0.2,0,0,0.2,0,0,0.5,0.5,0
54947,0.5,0.5,0.2,0,0,0.2,0,0.2,0,0,0.5
54950,0.5,0.5,0.2,0,0,0.2,0,0.2,0,0.2,0.5
54955,0.5,0.5,0.2,0,0,0.2,0,0.2,0.2,0,0.2
54960,0.5,0.5,0.2,0,0,0.2,0,0.2,0.2,0.5,0
54965,0.5,0.5,0.2,0,0,0.2,0,0.2,0.5,0,0.5
54968,0.5,0.5,0.2,0,0,0.2,0,0.2,0.5,0.2,0.5
54973,0.5,0.5,0.2,0,0,0.2,0,0.5,0,0,0.2
54977,0.5,0.5,0.2,0,0,0.2,0,0.5,0,0.2,0.5
54981,0.5,0.5,0.2,0,0,0.2,0,0.5,0.2,0,0
54986,0.5,0.5,0.2,0,0,0.2,0,0.5,0.2,0.2,0.5
54991,0.5,0.5,0.2,0,0,0.2,0,0.5,0.5,0,0.2
54996,0.5,0.5,0.2,0,0,0.2,0,0.5,0.5,0.5,0
55001,0.5,0.5,0.2,0,0,0.2,0.2,0,0,0,0.5
55006,0.5,0.5,0.2,0,0,0.2,0.2,0,0,0.5,0.2
55011,0.5,0.5,0.2,0,0,0.2,0.2,0,0.2,0.2,0
55016,0.5,0.5,0.2,0,0,0.2,0.2,0,0.2,0.5,0.5
55021,0.5,0.5,0.2,0,0,0.2,0.2,0,0.5,0.2,0.2
55026,0.5,0.5,0.2,0,0,0.2,0.2,0.2,0,0,0
55031,0.5,0.5,0.2,0,0,0.2,0.2,0.2,0,0.2,0.5
55036,0.5,0.5,0.2,0,0,0.2,0.2,0.2,0.2,0,0.2
55040,0.5,0.5,0.2,0,0,0.2,0.2,0.2,0.2,0.2,0.5
55045,0.5,0.5,0.2,0,0,0.2,0.2,0.2,0.5,0,0.2
55049,0.5,0.5,0.2,0,0,0.2,0.2,0.2,0.5,0.2,0.5
55054,0.5,0.5,0.2,0,0,0.2,0.2,0.5,0,0,0.2
55059,0.5,0.5,0.2,0,0,0.2,0.2,0.5,0,0.5,0
55064,0.5,0.5,0.2,0,0,0.2,0.2,0.5,0.2,0,0.5
55069,0.5,0.5,0.2,0,0,0.2,0.2,0.5,0.2,0.5,0.2
55074,0.5,0.5,0.2,0,0,0.2,0.2,0.5,0.5,0.2,0
55079,0.5,0.5,0.2,0,0,0.2,0.2,0.5,0.5,0.5,0.5
55084,0.5,0.5,0.2,0,0,0.2,0.5,0,0,0.2,0.2
55089,0.5,0.5,0.2,0,0,0.2,0.5,0,0.2,0,0
55094,0.5,0.5,0.2,0,0,0.2,0.5,0,0.2,0.2,0.5
55098,0.5,0.5,0.2,0,0,0.2,0.5,0,0.5,0,0
55102,0.5,0.5,0.2,0,0,0.2,0.5,0,0.5,0.2,0.2
55106,0.5,0.5,0.2,0,0,0.2,0.5,0,0.5,0.5,0.5
55110,0.5,0.5,0.2,0,0,0.2,0.5,0.2,0,0.2,0
55114,0.5,0.5,0.2,0,0,0.2,0.5,0.2,0,0.5,0.2
55118,0.5,0.5,0.2,0,0,0.2,0.5,0.2,0.2,0,0.5
55122,0.5,0.5,0.2,0,0,0.2,0.5,0.2,0.2,0.5,0
55126,0.5,0.5,0.2,0,0,0.2,0.5,0.2,0.5,0,0.2
55130,0.5,0.5,0.2,0,0,0.2,0.5,0.2,0.5,0.2,0.5
55134,0.5,0.5,0.2,0,0,0.2,0.5,0.5,0,0,0
55138,0.5,0.5,0.2,0,0,0.2,0.5,0.5,0,0.2,0.2
55142,0.5,0.5,0.2,0,0,0.2,0.5,0.5,0,0.5,0.5
55146,0.5,0.5,0.2,0,0,0.2,0.5,0.5,0.2,0.2,0
55150,0.5,0.5,0.2,0,0,0.2,0.5,0.5,0.2,0.5,0.2
55154,0.5,0.5,0.2,0,0,0.2,0.5,0.5,0.5,0,0.5
55157,0.5,0.5,0.2,0,0,0.2,0.5,0.5,0.5,0.2,0.5
55162,0.5,0.5,0.2,0,0,0.5,0,0,0,0,0.2
55167,0.5,0.5,0.2,0,0,0.5,0,0,0,0.5,0
55170,0.5,0.5,0.2,0,0,0.5,0,0,0.2,0,0
55174,0.5,0.5,0.2,0,0,0.5,0,0,0.2,0.2,0.2
55178,0.5,0.5,0.2,0,0,0.5,0,0,0.2,0.5,0.5
55182,0.5,0.5,0.2,0,0,0.5,0,0,0.5,0.2,0
55186,0.5,0.5,0.2,0,0,0.5,0,0,0.5,0.5,0.2
55190,0.5,0.5,0.2,0,0,0.5,0,0.2,0,0,0.5
55194,0.5,0.5,0.2,0,0,0.5,0,0.2,0,0.5,0
55197,0.5,0.5,0.2,0,0,0.5,0,0.2,0.2,0,0
55201,0.5,0.5,0.2,0,0,0.5,0,0.2,0.2,0.2,0.2
55205,0.5,0.5,0.2,0,0,0.5,0,0.2,0.2,0.5,0.5
55209,0.5,0.5,0.2,0,0,0.5,0,0.2,0.5,0.2,0
55214,0.5,0.5,0.2,0,0,0.5,0,0.2,0.5,0.5,0.5
55217,0.5,0.5,0.2,0,0,0.5,0,0.5,0,0,0.5
55221,0.5,0.5,0.2,0,0,0.5,0,0.5,0,0.5,0
55225,0.5,0.5,0.2,0,0,0.5,0,0.5,0.2,0,0.2
55228,0.5,0.5,0.2,0,0,0.5,0,0.5,0.2,0.2,0.2
55233,0.5,0.5,0.2,0,0,0.5,0,0.5,0.5,0,0
55237,0.5,0.5,0.2,0,0,0.5,0,0.5,0.5,0.2,0.2
55241,0.5,0.5,0.2,0,0,0.5,0,0.5,0.5,0.5,0.5
55245,0.5,0.5,0.2,0,0,0.5,0.2,0,0,0.2,0
55249,0.5,0.5,0.2,0,0,0.5,0.2,0,0,0.5,0.2
55253,0.5,0.5,0.2,0,0,0.5,0.2,0,0.2,0,0.5
55257,0.5,0.5,0.2,0,0,0.5,0.2,0,0.2,0.5,0
55260,0.5,0.5,0.2,0,0,0.5,0.2,0,0.5,0,0
55265,0.5,0.5,0.2,0,0,0.5,0.2,0,0.5,0.2,0.5
55269,0.5,0.5,0.2,0,0,0.5,0.2,0.2,0,0,0
55273,0.5,0.5,0.2,0,0,0.5,0.2,0.2,0,0.2,0.2
55277,0.5,0.5,0.2,0,0,0.5,0.2,0.2,0,0.5,0.5
55281,0.5,0.5,0.2,0,0,0.5,0.2,0.2,0.2,0.2,0
55285,0.5,0.5,0.2,0,0,0.5,0.2,0.2,0.2,0.5,0.2
55289,0.5,0.5,0.2,0,0,0.5,0.2,0.2,0.5,0,0.5
55293,0.5,0.5,0.2,0,0,0.5,0.2,0.2,0.5,0.5,0
55297,0.5,0.5,0.2,0,0,0.5,0.2,0.5,0,0,0.2
55300,0.5,0.5,0.2,0,0,0.5,0.2,0.5,0,0.2,0.2
55304,0.5,0.5,0.2,0,0,0.5,0.2,0.5,0,0.5,0.5
55308,0.5,0.5,0.2,0,0,0.5,0.2,0.5,0.2,0.2,0
55312,0.5,0.5,0.2,0,0,0.5,0.2,0.5,0.2,0.5,0.2
55316,0.5,0.5,0.2,0,0,0.5,0.2,0.5,0.5,0,0.5
55320,0.5,0.5,0.2,0,0,0.5,0.2,0.5,0.5,0.5,0
55324,0.5,0.5,0.2,0,0,0.5,0.5,0,0,0,0.2
55328,0.5,0.5,0.2,0,0,0.5,0.5,0,0,0.2,0.5
55332,0.5,0.5,0.2,0,0,0.5,0.5,0,0.2,0,0
55336,0.5,0.5,0.2,0,0,0.5,0.5,0,0.2,0.2,0.2
55340,0.5,0.5,0.2,0,0,0.5,0.5,0,0.2,0.5,0.5
55343,0.5,0.5,0.2,0,0,0.5,0.5,0,0.5,0,0.5
55348,0.5,0.5,0.2,0,0,0.5,0.5,0,0.5,0.5,0.2
55352,0.5,0.5,0.2,0,0,0.5,0.5,0.2,0,0,0.5
55356,0.5,0.5,0.2,0,0,0.5,0.5,0.2,0,0.5,0
55360,0.5,0.5,0.2,0,0,0.5,0.5,0.2,0.2,0,0.2
55364,0.5,0.5,0.2,0,0,0.5,0.5,0.2,0.2,0.2,0.5
55368,0.5,0.5,0.2,0,0,0.5,0.5,0.2,0.5,0,0
55372,0.5,0.5,0.2,0,0,0.5,0.5,0.2,0.5,0.2,0.2
55376,0.5,0.5,0.2,0,0,0.5,0.5,0.2,0.5,0.5,0.5
55380,0.5,0.5,0.2,0,0,0.5,0.5,0.5,0,0.2,0
55383,0.5,0.5,0.2,0,0,0.5,0.5,0.5,0,0.5,0
55387,0.5,0.5,0.2,0,0,0.5,0.5,0.5,0.2,0,0.2
55392,0.5,0.5,0.2,0,0,0.5,0.5,0.5,0.2,0.5,0
55396,0.5,0.5,0.2,0,0,0.5,0.5,0.5,0.5,0,0.2
55400,0.5,0.5,0.2,0,0,0.5,0.5,0.5,0.5,0.2,0.5
55403,0.5,0.5,0.2,0,0,0.5,0.5,0.5,0.5,0.5,0.5
55406,0.5,0.5,0.2,0.2,0,0,0,0,0,0,0.5
55408,0.5,0.5,0.2,0.2,0,0,0,0,0,0.2,0.2
55411,0.5,0.5,0.2,0.2,0,0,0,0,0,0.5,0.2
55415,0.5,0.5,0.2,0.2,0,0,0,0,0.2,0,0.5
55417,0.5,0.5,0.2,0.2,0,0,0,0,0.2,0.2,0.2
55420,0.5,0.5,0.2,0.2,0,0,0,0,0.2,0.5,0.2
55423,0.5,0.5,0.2,0.2,0,0,0,0,0.5,0,0.2
55427,0.5,0.5,0.2,0.2,0,0,0,0,0.5,0.2,0.5
55430,0.5,0.5,0.2,0.2,0,0,0,0,0.5,0.5,0.5
55433,0.5,0.5,0.2,0.2,0,0,0,0.2,0,0,0.5
55435,0.5,0.5,0.2,0.2,0,0,0,0.2,0,0.2,0.2
55438,0.5,0.5,0.2,0.2,0,0,0,0.2,0,0.5,0.2
55441,0.5,0.5,0.2,0.2,0,0,0,0.2,0.2,0,0.2
55444,0.5,0.5,0.2,0.2,0,0,0,0.2,0.2,0.2,0.2
55447,0.5,0.5,0.2,0.2,0,0,0,0.2,0.2,0.5,0.2
55449,0.5,0.5,0.2,0.2,0,0,0,0.2,0.5,0,0
55454,0.5,0.5,0.2,0.2,0,0,0,0.2,0.5,0.2,0.5
55457,0.5,0.5,0.2,0.2,0,0,0,0.2,0.5,0.5,0.5
55460,0.5,0.5,0.2,0.2,0,0,0,0.5,0,0,0.5
55463,0.5,0.5,0.2,0.2,0,0,0,0.5,0,0.2,0.5
55466,0.5,0.5,0.2,0.2,0,0,0,0.5,0,0.5,0.5
55469,0.5,0.5,0.2,0.2,0,0,0,0.5,0.2,0,0.5
55472,0.5,0.5,0.2,0.2,0,0,0,0.5,0.2,0.2,0.5
55477,0.5,0.5,0.2,0.2,0,0,0,0.5,0.5,0,0.2
55479,0.5,0.5,0.2,0.2,0,0,0,0.5,0.5,0.2,0
55482,0.5,0.5,0.2,0.2,0,0,0,0.5,0.5,0.5,0
55485,0.5,0.5,0.2,0.2,0,0,0.2,0,0,0,0
55488,0.5,0.5,0.2,0.2,0,0,0.2,0,0,0.2,0
55490,0.5,0.5,0.2,0.2,0,0,0.2,0,0,0.2,0.5
55493,0.5,0.5,0.2,0.2,0,0,0.2,0,0,0.5,0.5
55496,0.5,0.5,0.2,0.2,0,0,0.2,0,0.2,0,0.5
55499,0.5,0.5,0.2,0.2,0,0,0.2,0,0.2,0.2,0.5
55502,0.5,0.5,0.2,0.2,0,0,0.2,0,0.2,0.5,0.5
55505,0.5,0.5,0.2,0.2,0,0,0.2,0,0.5,0,0.5
55508,0.5,0.5,0.2,0.2,0,0,0.2,0,0.5,0.2,0.5
55511,0.5,0.5,0.2,0.2,0,0,0.2,0,0.5,0.5,0.5
55514,0.5,0.5,0.2,0.2,0,0,0.2,0.2,0,0,0.5
55518,0.5,0.5,0.2,0.2,0,0,0.2,0.2,0,0.5,0
55521,0.5,0.5,0.2,0.2,0,0,0.2,0.2,0.2,0,0
55524,0.5,0.5,0.2,0.2,0,0,0.2,0.2,0.2,0.2,0
55527,0.5,0.5,0.2,0.2,0,0,0.2,0.2,0.2,0.5,0
55530,0.5,0.5,0.2,0.2,0,0,0.2,0.2,0.5,0,0
55533,0.5,0.5,0.2,0.2,0,0,0.2,0.2,0.5,0.2,0
55536,0.5,0.5,0.2,0.2,0,0,0.2,0.2,0.5,0.5,0
55539,0.5,0.5,0.2,0.2,0,0,0.2,0.5,0,0,0
55542,0.5,0.5,0.2,0.2,0,0,0.2,0.5,0,0.2,0
55544,0.5,0.5,0.2,0.2,0,0,0.2,0.5,0,0.2,0.5
55547,0.5,0.5,0.2,0.2,0,0,0.2,0.5,0,0.5,0.5
55550,0.5,0.5,0.2,0.2,0,0,0.2,0.5,0.2,0,0.5
55553,0.5,0.5,0.2,0.2,0,0,0.2,0.5,0.2,0.2,0.5
55557,0.5,0.5,0.2,0.2,0,0,0.2,0.5,0.5,0,0
55559,0.5,0.5,0.2,0.2,0,0,0.2,0.5,0.5,0,0.5
55563,0.5,0.5,0.2,0.2,0,0,0.2,0.5,0.5,0.5,0
55566,0.5,0.5,0.2,0.2,0,0,0.5,0,0,0,0
55569,0.5,0.5,0.2,0.2,0,0,0.5,0,0,0.2,0
55572,0.5,0.5,0.2,0.2,0,0,0.5,0,0,0.5,0
55575,0.5,0.5,0.2,0.2,0,0,0.5,0,0.2,0,0
55578,0.5,0.5,0.2,0.2,0,0,0.5,0,0.2,0.2,0
55581,0.5,0.5,0.2,0.2,0,0,0.5,0,0.2,0.5,0
55583,0.5,0.5,0.2,0.2,0,0,0.5,0,0.2,0.5,0.5
55586,0.5,0.5,0.2,0.2,0,0,0.5,0,0.5,0,0.5
55589,0.5,0.5,0.2,0.2,0,0,0.5,0,0.5,0.2,0.5
55592,0.5,0.5,0.2,0.2,0,0,0.5,0,0.5,0.5,0.5
55595,0.5,0.5,0.2,0.2,0,0,0.5,0.2,0,0,0.5
55598,0.5,0.5,0.2,0.2,0,0,0.5,0.2,0,0.2,0.5
55601,0.5,0.5,0.2,0.2,0,0,0.5,0.2,0,0.5,0.5
55604,0.5,0.5,0.2,0.2,0,0,0.5,0.2,0.2,0,0.5
55607,0.5,0.5,0.2,0.2,0,0,0.5,0.2,0.2,0.2,0.5
55610,0.5,0.5,0.2,0.2,0,0,0.5,0.2,0.2,0.5,0.5
55613,0.5,0.5,0.2,0.2,0,0,0.5,0.2,0.5,0,0.5
55616,0.5,0.5,0.2,0.2,0,0,0.5,0.2,0.5,0.2,0.5
55619,0.5,0.5,0.2,0.2,0,0,0.5,0.2,0.5,0.5,0.5
55622,0.5,0.5,0.2,0.2,0,0,0.5,0.5,0,0,0.5
55625,0.5,0.5,0.2,0.2,0,0,0.5,0.5,0,0.2,0.5
55628,0.5,0.5,0.2,0.2,0,0,0.5,0.5,0,0.5,0.5
55631,0.5,0.5,0.2,0.2,0,0,0.5,0.5,0.2,0,0.5
55634,0.5,0.5,0.2,0.2,0,0,0.5,0.5,0.2,0.2,0.5
55637,0.5,0.5,0.2,0.2,0,0,0.5,0.5,0.2,0.5,0.5
55640,0.5,0.5,0.2,0.2,0,0,0.5,0.5,0.5,0,0.5
55643,0.5,0.5,0.2,0.2,0,0,0.5,0.5,0.5,0.2,0.5
55646,0.5,0.5,0.2,0.2,0,0,0.5,0.5,0.5,0.5,0.5
55649,0.5,0.5,0.2,0.2,0,0.2,0,0,0,0,0.5
55652,0.5,0.5,0.2,0.2,0,0.2,0,0,0,0.2,0.5
55655,0.5,0.5,0.2,0.2,0,0.2,0,0,0,0.5,0.5
55658,0.5,0.5,0.2,0.2,0,0.2,0,0,0.2,0,0.5
55660,0.5,0.5,0.2,0.2,0,0.2,0,0,0.2,0.2,0.2
55663,0.5,0.5,0.2,0.2,0,0.2,0,0,0.2,0.5,0.2
55666,0.5,0.5,0.2,0.2,0,0.2,0,0,0.5,0,0.2
55670,0.5,0.5,0.2,0.2,0,0.2,0,0,0.5,0.2,0.5
55673,0.5,0.5,0.2,0.2,0,0.2,0,0,0.5,0.5,0.5
55676,0.5,0.5,0.2,0.2,0,0.2,0,0.2,0,0,0.5
55678,0.5,0.5,0.2,0.2,0,0.2,0,0.2,0,0.2,0.2
55681,0.5,0.5,0.2,0.2,0,0.2,0,0.2,0,0.5,0.2
55684,0.5,0.5,0.2,0.2,0,0.2,0,0.2,0.2,0,0.2
55687,0.5,0.5,0.2,0.2,0,0.2,0,0.2,0.2,0.2,0.2
55690,0.5,0.5,0.2,0.2,0,0.2,0,0.2,0.2,0.5,0.2
55693,0.5,0.5,0.2,0.2,0,0.2,0,0.2,0.5,0,0.2
55695,0.5,0.5,0.2,0.2,0,0.2,0,0.2,0.5,0.2,0
55698,0.5,0.5,0.2,0.2,0,0.2,0,0.2,0.5,0.5,0
55701,0.5,0.5,0.2,0.2,0,0.2,0,0.5,0,0,0
55704,0.5,0.5,0.2,0.2,0,0.2,0,0.5,0,0.2,0
55707,0.5,0.5,0.2,0.2,0,0.2,0,0.5,0,0.5,0
55710,0.5,0.5,0.2,0.2,0,0.2,0,0.5,0.2,0,0
55713,0.5,0.5,0.2,0.2,0,0.2,0,0.5,0.2,0.2,0
55716,0.5,0.5,0.2,0.2,0,0.2,0,0.5,0.2,0.5,0
55718,0.5,0.5,0.2,0.2,0,0.2,0,0.5,0.2,0.5,0.5
55721,0.5,0.5,0.2,0.2,0,0.2,0,0.5,0.5,0,0.5
55724,0.5,0.5,0.2,0.2,0,0.2,0,0.5,0.5,0.2,0.5
55727,0.5,0.5,0.2,0.2,0,0.2,0,0.5,0.5,0.5,0.5
55730,0.5,0.5,0.2,0.2,0,0.2,0.2,0,0,0,0.5
55733,0.5,0.5,0.2,0.2,0,0.2,0.2,0,0,0.2,0.5
55736,0.5,0.5,0.2,0.2,0,0.2,0.2,0,0,0.5,0.5
55739,0.5,0.5,0.2,0.2,0,0.2,0.2,0,0.2,0,0.5
55742,0.5,0.5,0.2,0.2,0,0.2,0.2,0,0.2,0.2,0.5
55745,0.5,0.5,0.2,0.2,0,0.2,0.2,0,0.2,0.5,0.5
55748,0.5,0.5,0.2,0.2,0,0.2,0.2,0,0.5,0,0.5
55751,0.5,0.5,0.2,0.2,0,0.2,0.2,0,0.5,0.2,0.5
55754,0.5,0.5,0.2,0.2,0,0.2,0.2,0,0.5,0.5,0.5
55757,0.5,0.5,0.2,0.2,0,0.2,0.2,0.2,0,0,0.5
55761,0.5,0.5,0.2,0.2,0,0.2,0.2,0.2,0,0.5,0
55764,0.5,0.5,0.2,0.2,0,0.2,0.2,0.2,0.2,0,0
55767,0.5,0.5,0.2,0.2,0,0.2,0.2,0.2,0.2,0.2,0
55769,0.5,0.5,0.2,0.2,0,0.2,0.2,0.2,0.2,0.2,0.5
55772,0.5,0.5,0.2,0.2,0,0.2,0.2,0.2,0.2,0.5,0.5
55775,0.5,0.5,0.2,0.2,0,0.2,0.2,0.2,0.5,0,0.5
55778,0.5,0.5,0.2,0.2,0,0.2,0.2,0.2,0.5,0.2,0.5
55781,0.5,0.5,0.2,0.2,0,0.2,0.2,0.2,0.5,0.5,0.5
55784,0.5,0.5,0.2,0.2,0,0.2,0.2,0.5,0,0,0.5
55787,0.5,0.5,0.2,0.2,0,0.2,0.2,0.5,0,0.2,0.5
55789,0.5,0.5,0.2,0.2,0,0.2,0.2,0.5,0,0.5,0.2
55792,0.5,0.5,0.2,0.2,0,0.2,0.2,0.5,0.2,0,0.2
55795,0.5,0.5,0.2,0.2,0,0.2,0.2,0.5,0.2,0.2,0.2
55799,0.5,0.5,0.2,0.2,0,0.2,0.2,0.5,0.2,0.5,0.5
55802,0.5,0.5,0.2,0.2,0,0.2,0.2,0.5,0.5,0,0.5
55806,0.5,0.5,0.2,0.2,0,0.2,0.2,0.5,0.5,0.5,0
55809,0.5,0.5,0.2,0.2,0,0.2,0.5,0,0,0,0
55812,0.5,0.5,0.2,0.2,0,0.2,0.5,0,0,0.2,0
55815,0.5,0.5,0.2,0.2,0,0.2,0.5,0,0,0.5,0
55818,0.5,0.5,0.2,0.2,0,0.2,0.5,0,0.2,0,0
55828,0.5,0.5,0.2,0.2,0,0.2,0.5,0,0.5,0,0.2
55838,0.5,0.5,0.2,0.2,0,0.2,0.5,0.2,0,0,0.5
55848,0.5,0.5,0.2,0.2,0,0.2,0.5,0.2,0.2,0.2,0
55856,0.5,0.5,0.2,0.2,0,0.2,0.5,0.2,0.5,0,0.5
55866,0.5,0.5,0.2,0.2,0,0.2,0.5,0.5,0,0.2,0
55876,0.5,0.5,0.2,0.2,0,0.2,0.5,0.5,0.2,0.2,0.2
55886,0.5,0.5,0.2,0.2,0,0.2,0.5,0.5,0.5,0.2,0.5
55896,0.5,0.5,0.2,0.2,0,0.5,0,0,0,0.5,0
55904,0.5,0.5,0.2,0.2,0,0.5,0,0,0.2,0.2,0.5
55916,0.5,0.5,0.2,0.2,0,0.5,0,0,0.5,0.5,0.5
55925,0.5,0.5,0.2,0.2,0,0.5,0,0.2,0,0.5,0.5
55933,0.5,0.5,0.2,0.2,0,0.5,0,0.2,0.2,0.5,0.2
55943,0.5,0.5,0.2,0.2,0,0.5,0,0.2,0.5,0.5,0.5
55954,0.5,0.5,0.2,0.2,0,0.5,0,0.5,0.2,0,0.2
55966,0.5,0.5,0.2,0.2,0,0.5,0,0.5,0.5,0.2,0.2
55975,0.5,0.5,0.2,0.2,0,0.5,0.2,0,0,0.2,0.2
55984,0.5,0.5,0.2,0.2,0,0.5,0.2,0,0.2,0.2,0.2
55991,0.5,0.5,0.2,0.2,0,0.5,0.2,0,0.5,0,0.5
56005,0.5,0.5,0.2,0.2,0,0.5,0.2,0.2,0,0.5,0.2
56013,0.5,0.5,0.2,0.2,0,0.5,0.2,0.2,0.2,0.5,0
56020,0.5,0.5,0.2,0.2,0,0.5,0.2,0.2,0.5,0.2,0.2
56029,0.5,0.5,0.2,0.2,0,0.5,0.2,0.5,0,0.2,0.2
56037,0.5,0.5,0.2,0.2,0,0.5,0.2,0.5,0.2,0.2,0
56046,0.5,0.5,0.2,0.2,0,0.5,0.2,0.5,0.5,0.2,0
56055,0.5,0.5,0.2,0.2,0,0.5,0.5,0,0,0.2,0
56064,0.5,0.5,0.2,0.2,0,0.5,0.5,0,0.2,0.2,0
56073,0.5,0.5,0.2,0.2,0,0.5,0.5,0,0.5,0.2,0
56082,0.5,0.5,0.2,0.2,0,0.5,0.5,0.2,0,0.2,0
56091,0.5,0.5,0.2,0.2,0,0.5,0.5,0.2,0.2,0.2,0
56099,0.5,0.5,0.2,0.2,0,0.5,0.5,0.2,0.5,0,0.5
56109,0.5,0.5,0.2,0.2,0,0.5,0.5,0.5,0,0.2,0
56118,0.5,0.5,0.2,0.2,0,0.5,0.5,0.5,0.2,0.2,0
56127,0.5,0.5,0.2,0.2,0,0.5,0.5,0.5,0.5,0.2,0
56137,0.5,0.5,0.2,0.5,0,0,0,0,0,0.2,0.2
56149,0.5,0.5,0.2,0.5,0,0,0,0,0.2,0.5,0.2
56159,0.5,0.5,0.2,0.5,0,0,0,0,0.5,0.5,0.5
56169,0.5,0.5,0.2,0.5,0,0,0,0.2,0.2,0,0
56174,0.5,0.5,0.2,0.5,0,0,0,0.2,0.2,0.2,0.5
56189,0.5,0.5,0.2,0.5,0,0,0,0.5,0,0,0.5
56199,0.5,0.5,0.2,0.5,0,0,0,0.5,0.2,0.2,0
56211,0.5,0.5,0.2,0.5,0,0,0,0.5,0.5,0.5,0
56217,0.5,0.5,0.2,0.5,0,0,0.2,0,0,0.2,0
56227,0.5,0.5,0.2,0.5,0,0,0.2,0,0.2,0.2,0.2
56235,0.5,0.5,0.2,0.5,0,0,0.2,0,0.5,0.2,0
56244,0.5,0.5,0.2,0.5,0,0,0.2,0.2,0,0.2,0
56253,0.5,0.5,0.2,0.5,0,0,0.2,0.2,0.2,0.2,0
56263,0.5,0.5,0.2,0.5,0,0,0.2,0.2,0.5,0.2,0.2
56274,0.5,0.5,0.2,0.5,0,0,0.2,0.5,0,0.5,0
56286,0.5,0.5,0.2,0.5,0,0,0.2,0.5,0.5,0,0
56296,0.5,0.5,0.2,0.5,0,0,0.5,0,0,0,0.2
56305,0.5,0.5,0.2,0.5,0,0,0.5,0,0.2,0,0.2
56315,0.5,0.5,0.2,0.5,0,0,0.5,0,0.5,0,0.5
56325,0.5,0.5,0.2,0.5,0,0,0.5,0.2,0,0.2,0
56336,0.5,0.5,0.2,0.5,0,0,0.5,0.2,0.2,0.2,0.5
56346,0.5,0.5,0.2,0.5,0,0,0.5,0.2,0.5,0.5,0
56355,0.5,0.5,0.2,0.5,0,0,0.5,0.5,0,0.5,0
56364,0.5,0.5,0.2,0.5,0,0,0.5,0.5,0.2,0.5,0
56374,0.5,0.5,0.2,0.5,0,0,0.5,0.5,0.5,0.5,0.2
56384,0.5,0.5,0.2,0.5,0,0.2,0,0,0,0.5,0.5
56396,0.5,0.5,0.2,0.5,0,0.2,0,0,0.5,0,0.5
56407,0.5,0.5,0.2,0.5,0,0.2,0,0.2,0,0.2,0.2
56415,0.5,0.5,0.2,0.5,0,0.2,0,0.2,0.2,0.2,0
56426,0.5,0.5,0.2,0.5,0,0.2,0,0.2,0.5,0.2,0.5
56437,0.5,0.5,0.2,0.5,0,0.2,0,0.5,0,0.5,0.2
56446,0.5,0.5,0.2,0.5,0,0.2,0,0.5,0.2,0.5,0.2
56453,0.5,0.5,0.2,0.5,0,0.2,0,0.5,0.5,0.2,0.5
56466,0.5,0.5,0.2,0.5,0,0.2,0.2,0,0.2,0,0
56476,0.5,0.5,0.2,0.5,0,0.2,0.2,0,0.5,0,0.2
56485,0.5,0.5,0.2,0.5,0,0.2,0.2,0.2,0,0,0.2
56495,0.5,0.5,0.2,0.5,0,0.2,0.2,0.2,0.2,0,0.5
56505,0.5,0.5,0.2,0.5,0,0.2,0.2,0.2,0.5,0.2,0
56514,0.5,0.5,0.2,0.5,0,0.2,0.2,0.5,0,0.2,0
56522,0.5,0.5,0.2,0.5,0,0.2,0.2,0.5,0.2,0,0.5
56534,0.5,0.5,0.2,0.5,0,0.2,0.2,0.5,0.5,0.2,0.5
56541,0.5,0.5,0.2,0.5,0,0.2,0.5,0,0,0.2,0
56551,0.5,0.5,0.2,0.5,0,0.2,0.5,0,0.2,0.2,0.2
56563,0.5,0.5,0.2,0.5,0,0.2,0.5,0,0.5,0.5,0.2
56573,0.5,0.5,0.2,0.5,0,0.2,0.5,0.2,0,0.5,0.5
56582,0.5,0.5,0.2,0.5,0,0.2,0.5,0.2,0.2,0.5,0.5
56590,0.5,0.5,0.2,0.5,0,0.2,0.5,0.2,0.5,0.5,0.2
56602,0.5,0.5,0.2,0.5,0,0.2,0.5,0.5,0.2,0,0.2
56613,0.5,0.5,0.2,0.5,0,0.2,0.5,0.5,0.5,0.2,0
56622,0.5,0.5,0.2,0.5,0,0.5,0,0,0,0.2,0
56630,0.5,0.5,0.2,0.5,0,0.5,0,0,0.2,0,0.5
56644,0.5,0.5,0.2,0.5,0,0.5,0,0,0.5,0.5,0.2
56653,0.5,0.5,0.2,0.5,0,0.5,0,0.2,0,0.5,0.2
56662,0.5,0.5,0.2,0.5,0,0.5,0,0.2,0.2,0.5,0.2
56671,0.5,0.5,0.2,0.5,0,0.5,0,0.2,0.5,0.5,0.2
56676,0.5,0.5,0.2,0.5,0,0.5,0,0.5,0,0.2,0
56686,0.5,0.5,0.2,0.5,0,0.5,0,0.5,0.2,0.2,0.2
56696,0.5,0.5,0.2,0.5,0,0.5,0,0.5,0.5,0.2,0.5
56708,0.5,0.5,0.2,0.5,0,0.5,0.2,0,0,0.5,0.5
56715,0.5,0.5,0.2,0.5,0,0.5,0.2,0,0.2,0.5,0
56723,0.5,0.5,0.2,0.5,0,0.5,0.2,0,0.5,0.2,0.5
56734,0.5,0.5,0.2,0.5,0,0.5,0.2,0.2,0,0.5,0.2
56743,0.5,0.5,0.2,0.5,0,0.5,0.2,0.2,0.2,0.5,0.2
56754,0.5,0.5,0.2,0.5,0,0.5,0.2,0.5,0,0,0
56765,0.5,0.5,0.2,0.5,0,0.5,0.2,0.5,0.2,0,0.5
56774,0.5,0.5,0.2,0.5,0,0.5,0.2,0.5,0.5,0,0.5
56789,0.5,0.5,0.2,0.5,0,0.5,0.5,0,0,0.5,0.5
56795,0.5,0.5,0.2,0.5,0,0.5,0.5,0,0.2,0.2,0.5
56808,0.5,0.5,0.2,0.5,0,0.5,0.5,0.2,0,0,0
56818,0.5,0.5,0.2,0.5,0,0.5,0.5,0.2,0.2,0,0.2
56827,0.5,0.5,0.2,0.5,0,0.5,0.5,0.2,0.5,0,0.2
56837,0.5,0.5,0.2,0.5,0,0.5,0.5,0.5,0,0,0.5
56844,0.5,0.5,0.2,0.5,0,0.5,0.5,0.5,0.2,0,0
56855,0.5,0.5,0.2,0.5,0,0.5,0.5,0.5,0.5,0,0.5
56861,0.5,0.5,0.2,0.5,0,0.5,0.5,0.5,0.5,0.5,0.5
56871,0.5,0.5,0.5,0,0,0,0,0,0.2,0,0
56876,0.5,0.5,0.5,0,0,0,0,0,0.2,0.2,0.5
56888,0.5,0.5,0.5,0,0,0,0,0,0.5,0.5,0.5
56899,0.5,0.5,0.5,0,0,0,0,0.2,0.2,0,0.2
56905,0.5,0.5,0.5,0,0,0,0,0.2,0.2,0.5,0.2
56917,0.5,0.5,0.5,0,0,0,0,0.5,0,0,0.2
56925,0.5,0.5,0.5,0,0,0,0,0.5,0.2,0,0
56930,0.5,0.5,0.5,0,0,0,0,0.5,0.2,0.2,0.5
56943,0.5,0.5,0.5,0,0,0,0.2,0,0,0,0
56950,0.5,0.5,0.5,0,0,0,0.2,0,0,0.5,0.2
56958,0.5,0.5,0.5,0,0,0,0.2,0,0.2,0.5,0
56967,0.5,0.5,0.5,0,0,0,0.2,0,0.5,0.5,0
56977,0.5,0.5,0.5,0,0,0,0.2,0.2,0,0.5,0.2
56987,0.5,0.5,0.5,0,0,0,0.2,0.2,0.2,0.5,0.5
56997,0.5,0.5,0.5,0,0,0,0.2,0.5,0,0,0
57006,0.5,0.5,0.5,0,0,0,0.2,0.5,0.2,0,0
57017,0.5,0.5,0.5,0,0,0,0.2,0.5,0.5,0,0.5
57027,0.5,0.5,0.5,0,0,0,0.5,0,0,0.2,0
57037,0.5,0.5,0.5,0,0,0,0.5,0,0.2,0.2,0.2
57045,0.5,0.5,0.5,0,0,0,0.5,0,0.5,0.2,0
57055,0.5,0.5,0.5,0,0,0,0.5,0.2,0,0.2,0.2
57065,0.5,0.5,0.5,0,0,0,0.5,0.2,0.2,0.2,0.5
57075,0.5,0.5,0.5,0,0,0,0.5,0.2,0.5,0.5,0
57084,0.5,0.5,0.5,0,0,0,0.5,0.5,0,0.5,0
57093,0.5,0.5,0.5,0,0,0,0.5,0.5,0.2,0.5,0
57103,0.5,0.5,0.5,0,0,0,0.5,0.5,0.5,0.5,0.2
57110,0.5,0.5,0.5,0,0,0.2,0,0,0,0.2,0.5
57120,0.5,0.5,0.5,0,0,0.2,0,0,0.2,0.5,0
57132,0.5,0.5,0.5,0,0,0.2,0,0.2,0,0,0
57137,0.5,0.5,0.5,0,0,0.2,0,0.2,0,0.2,0.5
57147,0.5,0.5,0.5,0,0,0.2,0,0.2,0.2,0.5,0
57159,0.5,0.5,0.5,0,0,0.2,0,0.5,0,0,0
57166,0.5,0.5,0.5,0,0,0.2,0,0.5,0,0.5,0.2
57178,0.5,0.5,0.5,0,0,0.2,0,0.5,0.5,0,0.2
57185,0.5,0.5,0.5,0,0,0.2,0,0.5,0.5,0.5,0.5
57197,0.5,0.5,0.5,0,0,0.2,0.2,0,0.2,0,0.5
57201,0.5,0.5,0.5,0,0,0.2,0.2,0,0.2,0.5,0
57209,0.5,0.5,0.5,0,0,0.2,0.2,0,0.5,0.2,0.5
57221,0.5,0.5,0.5,0,0,0.2,0.2,0.2,0,0.5,0.5
57229,0.5,0.5,0.5,0,0,0.2,0.2,0.2,0.2,0.5,0.2
57239,0.5,0.5,0.5,0,0,0.2,0.2,0.2,0.5,0.5,0.5
57249,0.5,0.5,0.5,0,0,0.2,0.2,0.5,0.2,0,0
57261,0.5,0.5,0.5,0,0,0.2,0.2,0.5,0.5,0.2,0
57273,0.5,0.5,0.5,0,0,0.2,0.5,0,0,0.5,0
57281,0.5,0.5,0.5,0,0,0.2,0.5,0,0.2,0.2,0.5
57291,0.5,0.5,0.5,0,0,0.2,0.5,0,0.5,0.5,0
57300,0.5,0.5,0.5,0,0,0.2,0.5,0.2,0,0.5,0
57310,0.5,0.5,0.5,0,0,0.2,0.5,0.2,0.2,0.5,0.2
57317,0.5,0.5,0.5,0,0,0.2,0.5,0.2,0.5,0.2,0.5
57327,0.5,0.5,0.5,0,0,0.2,0.5,0.5,0,0.5,0
57336,0.5,0.5,0.5,0,0,0.2,0.5,0.5,0.2,0.5,0
57345,0.5,0.5,0.5,0,0,0.2,0.5,0.5,0.5,0.5,0
57354,0.5,0.5,0.5,0,0,0.5,0,0,0,0.5,0
57361,0.5,0.5,0.5,0,0,0.5,0,0,0.2,0.2,0.2
57373,0.5,0.5,0.5,0,0,0.5,0,0,0.5,0.5,0.2
57380,0.5,0.5,0.5,0,0,0.5,0,0.2,0,0.2,0.5
57389,0.5,0.5,0.5,0,0,0.5,0,0.2,0.2,0.2,0.5
57398,0.5,0.5,0.5,0,0,0.5,0,0.2,0.5,0.2,0.5
57405,0.5,0.5,0.5,0,0,0.5,0,0.5,0,0.2,0
57415,0.5,0.5,0.5,0,0,0.5,0,0.5,0.2,0.2,0.2
57426,0.5,0.5,0.5,0,0,0.5,0,0.5,0.5,0.5,0
57439,0.5,0.5,0.5,0,0,0.5,0.2,0,0.2,0,0.2
57443,0.5,0.5,0.5,0,0,0.5,0.2,0,0.2,0.2,0.5
57453,0.5,0.5,0.5,0,0,0.5,0.2,0,0.5,0.5,0
57460,0.5,0.5,0.5,0,0,0.5,0.2,0.2,0,0.2,0.2
57468,0.5,0.5,0.5,0,0,0.5,0.2,0.2,0.2,0.2,0
57477,0.5,0.5,0.5,0,0,0.5,0.2,0.2,0.5,0.2,0
57487,0.5,0.5,0.5,0,0,0.5,0.2,0.5,0,0.2,0.2
57495,0.5,0.5,0.5,0,0,0.5,0.2,0.5,0.2,0.2,0
57504,0.5,0.5,0.5,0,0,0.5,0.2,0.5,0.5,0.2,0
57513,0.5,0.5,0.5,0,0,0.5,0.5,0,0,0.2,0
57522,0.5,0.5,0.5,0,0,0.5,0.5,0,0.2,0.2,0
57531,0.5,0.5,0.5,0,0,0.5,0.5,0,0.5,0.2,0
57540,0.5,0.5,0.5,0,0,0.5,0.5,0.2,0,0.2,0
57547,0.5,0.5,0.5,0,0,0.5,0.5,0.2,0.2,0,0.2
57555,0.5,0.5,0.5,0,0,0.5,0.5,0.2,0.5,0,0
57563,0.5,0.5,0.5,0,0,0.5,0.5,0.2,0.5,0.5,0.5
57571,0.5,0.5,0.5,0,0,0.5,0.5,0.5,0,0.5,0.2
57579,0.5,0.5,0.5,0,0,0.5,0.5,0.5,0.2,0.5,0
57587,0.5,0.5,0.5,0,0,0.5,0.5,0.5,0.5,0.2,0.5
57595,0.5,0.5,0.5,0.2,0,0,0,0,0,0.2,0.2
57603,0.5,0.5,0.5,0.2,0,0,0,0,0.2,0.2,0
57611,0.5,0.5,0.5,0.2,0,0,0,0,0.5,0,0.5
57615,0.5,0.5,0.5,0.2,0,0,0,0,0.5,0.5,0
57623,0.5,0.5,0.5,0.2,0,0,0,0.2,0,0.2,0.5
57630,0.5,0.5,0.5,0.2,0,0,0,0.2,0.2,0.2,0
57638,0.5,0.5,0.5,0.2,0,0,0,0.2,0.5,0,0.5
57644,0.5,0.5,0.5,0.2,0,0,0,0.2,0.5,0.5,0.5
57651,0.5,0.5,0.5,0.2,0,0,0,0.5,0,0.5,0
57659,0.5,0.5,0.5,0.2,0,0,0,0.5,0.2,0.2,0.5
57666,0.5,0.5,0.5,0.2,0,0,0,0.5,0.5,0.2,0
57678,0.5,0.5,0.5,0.2,0,0,0.2,0,0,0.5,0
57684,0.5,0.5,0.5,0.2,0,0,0.2,0,0.2,0.2,0
57692,0.5,0.5,0.5,0.2,0,0,0.2,0,0.5,0,0.5
57698,0.5,0.5,0.5,0.2,0,0,0.2,0,0.5,0.5,0.5
57706,0.5,0.5,0.5,0.2,0,0,0.2,0.2,0,0.5,0.2
57713,0.5,0.5,0.5,0.2,0,0,0.2,0.2,0.2,0.2,0.5
57721,0.5,0.5,0.5,0.2,0,0,0.2,0.2,0.5,0.2,0.2
57728,0.5,0.5,0.5,0.2,0,0,0.2,0.5,0,0,0.5
57735,0.5,0.5,0.5,0.2,0,0,0.2,0.5,0.2,0,0
57744,0.5,0.5,0.5,0.2,0,0,0.2,0.5,0.5,0,0
57754,0.5,0.5,0.5,0.2,0,0,0.5,0,0,0,0.2
57762,0.5,0.5,0.5,0.2,0,0,0.5,0,0.2,0,0
57770,0.5,0.5,0.5,0.2,0,0,0.5,0,0.2,0.5,0.5
57778,0.5,0.5,0.5,0.2,0,0,0.5,0,0.5,0.5,0.2
57786,0.5,0.5,0.5,0.2,0,0,0.5,0.2,0,0.5,0
57793,0.5,0.5,0.5,0.2,0,0,0.5,0.2,0.2,0.2,0.2
57800,0.5,0.5,0.5,0.2,0,0,0.5,0.2,0.5,0,0.5
57809,0.5,0.5,0.5,0.2,0,0,0.5,0.5,0,0,0.5
57819,0.5,0.5,0.5,0.2,0,0,0.5,0.5,0.2,0.2,0
57825,0.5,0.5,0.5,0.2,0,0,0.5,0.5,0.5,0,0
57833,0.5,0.5,0.5,0.2,0,0,0.5,0.5,0.5,0.5,0.5
57842,0.5,0.5,0.5,0.2,0,0.2,0,0,0,0.5,0.5
57850,0.5,0.5,0.5,0.2,0,0.2,0,0,0.2,0.5,0.2
57860,0.5,0.5,0.5,0.2,0,0.2,0,0,0.5,0.5,0.5
57869,0.5,0.5,0.5,0.2,0,0.2,0,0.2,0,0.5,0.5
57875,0.5,0.5,0.5,0.2,0,0.2,0,0.2,0.2,0.2,0.5
57884,0.5,0.5,0.5,0.2,0,0.2,0,0.2,0.5,0.2,0.5
57891,0.5,0.5,0.5,0.2,0,0.2,0,0.5,0,0.2,0
57899,0.5,0.5,0.5,0.2,0,0.2,0,0.5,0.2,0,0.5
57906,0.5,0.5,0.5,0.2,0,0.2,0,0.5,0.5,0,0
57913,0.5,0.5,0.5,0.2,0,0.2,0,0.5,0.5,0.5,0.2
57923,0.5,0.5,0.5,0.2,0,0.2,0.2,0,0,0.5,0.5
57930,0.5,0.5,0.5,0.2,0,0.2,0.2,0,0.2,0.5,0
57937,0.5,0.5,0.5,0.2,0,0.2,0.2,0,0.5,0.2,0.2
57946,0.5,0.5,0.5,0.2,0,0.2,0.2,0.2,0,0.2,0.2
57954,0.5,0.5,0.5,0.2,0,0.2,0.2,0.2,0.2,0.2,0
57961,0.5,0.5,0.5,0.2,0,0.2,0.2,0.2,0.5,0,0.2
57970,0.5,0.5,0.5,0.2,0,0.2,0.2,0.5,0,0,0.2
57979,0.5,0.5,0.5,0.2,0,0.2,0.2,0.5,0.2,0,0.2
57986,0.5,0.5,0.5,0.2,0,0.2,0.2,0.5,0.2,0.5,0.5
57993,0.5,0.5,0.5,0.2,0,0.2,0.2,0.5,0.5,0.5,0
57999,0.5,0.5,0.5,0.2,0,0.2,0.5,0,0,0.2,0
58006,0.5,0.5,0.5,0.2,0,0.2,0.5,0,0.2,0,0.2
58018,0.5,0.5,0.5,0.2,0,0.2,0.5,0,0.5,0.2,0.2
58022,0.5,0.5,0.5,0.2,0,0.2,0.5,0,0.5,0.5,0.5
58030,0.5,0.5,0.5,0.2,0,0.2,0.5,0.2,0,0.5,0.2
58038,0.5,0.5,0.5,0.2,0,0.2,0.5,0.2,0.2,0.5,0
58045,0.5,0.5,0.5,0.2,0,0.2,0.5,0.2,0.5,0.2,0.2
58050,0.5,0.5,0.5,0.2,0,0.2,0.5,0.5,0,0,0
58058,0.5,0.5,0.5,0.2,0,0.2,0.5,0.5,0,0.5,0.5
58066,0.5,0.5,0.5,0.2,0,0.2,0.5,0.5,0.2,0.5,0.2
58073,0.5,0.5,0.5,0.2,0,0.2,0.5,0.5,0.5,0.2,0.5
58081,0.5,0.5,0.5,0.2,0,0.5,0,0,0,0.2,0.2
58089,0.5,0.5,0.5,0.2,0,0.5,0,0,0.2,0.2,0
58098,0.5,0.5,0.5,0.2,0,0.5,0,0,0.5,0.2,0
58107,0.5,0.5,0.5,0.2,0,0.5,0,0.2,0,0.2,0
58115,0.5,0.5,0.5,0.2,0,0.5,0,0.2,0.2,0,0.5
58121,0.5,0.5,0.5,0.2,0,0.5,0,0.2,0.2,0.5,0.5
58129,0.5,0.5,0.5,0.2,0,0.5,0,0.2,0.5,0.5,0.2
58137,0.5,0.5,0.5,0.2,0,0.5,0,0.5,0,0.5,0
58144,0.5,0.5,0.5,0.2,0,0.5,0,0.5,0.2,0.2,0.2
58151,0.5,0.5,0.5,0.2,0,0.5,0,0.5,0.5,0,0.5
58158,0.5,0.5,0.5,0.2,0,0.5,0.2,0,0,0,0
58167,0.5,0.5,0.5,0.2,0,0.5,0.2,0,0.2,0,0
58175,0.5,0.5,0.5,0.2,0,0.5,0.2,0,0.2,0.5,0.5
58183,0.5,0.5,0.5,0.2,0,0.5,0.2,0,0.5,0.5,0.2
58191,0.5,0.5,0.5,0.2,0,0.5,0.2,0.2,0,0.5,0
58197,0.5,0.5,0.5,0.2,0,0.5,0.2,0.2,0.2,0.2,0
58205,0.5,0.5,0.5,0.2,0,0.5,0.2,0.2,0.5,0,0.5
58211,0.5,0.5,0.5,0.2,0,0.5,0.2,0.2,0.5,0.5,0.5
58219,0.5,0.5,0.5,0.2,0,0.5,0.2,0.5,0,0.5,0.2
58225,0.5,0.5,0.5,0.2,0,0.5,0.2,0.5,0.2,0.2,0.2
58233,0.5,0.5,0.5,0.2,0,0.5,0.2,0.5,0.5,0.2,0
58240,0.5,0.5,0.5,0.2,0,0.5,0.5,0,0,0,0.2
58250,0.5,0.5,0.5,0.2,0,0.5,0.5,0,0.2,0,0.5
58260,0.5,0.5,0.5,0.2,0,0.5,0.5,0,0.5,0.2,0
58266,0.5,0.5,0.5,0.2,0,0.5,0.5,0.2,0,0,0
58274,0.5,0.5,0.5,0.2,0,0.5,0.5,0.2,0,0.5,0.5
58282,0.5,0.5,0.5,0.2,0,0.5,0.5,0.2,0.2,0.5,0.2
58289,0.5,0.5,0.5,0.2,0,0.5,0.5,0.2,0.5,0.2,0.5
58296,0.5,0.5,0.5,0.2,0,0.5,0.5,0.5,0,0.2,0
58301,0.5,0.5,0.5,0.2,0,0.5,0.5,0.5,0,0.5,0.5
58309,0.5,0.5,0.5,0.2,0,0.5,0.5,0.5,0.2,0.5,0.2
58316,0.5,0.5,0.5,0.2,0,0.5,0.5,0.5,0.5,0.2,0.5
58325,0.5,0.5,0.5,0.5,0,0,0,0,0,0.2,0.5
58339,0.5,0.5,0.5,0.5,0,0,0,0,0.5,0,0.2
58340,0.5,0.5,0.5,0.5,0,0,0,0,0.5,0,0.5
58348,0.5,0.5,0.5,0.5,0,0,0,0.2,0,0,0.2
58351,0.5,0.5,0.5,0.5,0,0,0,0.2,0,0.2,0.2
58358,0.5,0.5,0.5,0.5,0,0,0,0.2,0.2,0,0.5
58365,0.5,0.5,0.5,0.5,0,0,0,0.2,0.5,0,0
58372,0.5,0.5,0.5,0.5,0,0,0,0.2,0.5,0.5,0.2
58379,0.5,0.5,0.5,0.5,0,0,0,0.5,0,0.2,0.5
58392,0.5,0.5,0.5,0.5,0,0,0,0.5,0.5,0,0
58397,0.5,0.5,0.5,0.5,0,0,0,0.5,0.5,0.2,0.5
58405,0.5,0.5,0.5,0.5,0,0,0.2,0,0,0.2,0.2
58416,0.5,0.5,0.5,0.5,0,0,0.2,0,0.2,0.5,0
58422,0.5,0.5,0.5,0.5,0,0,0.2,0,0.5,0.2,0
58433,0.5,0.5,0.5,0.5,0,0,0.2,0.2,0,0.2,0.5
58444,0.5,0.5,0.5,0.5,0,0,0.2,0.2,0.2,0.5,0.2
58447,0.5,0.5,0.5,0.5,0,0,0.2,0.2,0.5,0,0.2
58455,0.5,0.5,0.5,0.5,0,0,0.2,0.5,0,0,0
58464,0.5,0.5,0.5,0.5,0,0,0.2,0.5,0.2,0,0
58465,0.5,0.5,0.5,0.5,0,0,0.2,0.5,0.2,0,0.2
58473,0.5,0.5,0.5,0.5,0,0,0.2,0.5,0.5,0,0
58474,0.5,0.5,0.5,0.5,0,0,0.2,0.5,0.5,0,0.2
58482,0.5,0.5,0.5,0.5,0,0,0.5,0,0,0,0
58490,0.5,0.5,0.5,0.5,0,0,0.5,0,0,0.5,0.5
58498,0.5,0.5,0.5,0.5,0,0,0.5,0,0.2,0.5,0.2
58505,0.5,0.5,0.5,0.5,0,0,0.5,0,0.5,0.2,0.5
58513,0.5,0.5,0.5,0.5,0,0,0.5,0.2,0,0.2,0.2
58517,0.5,0.5,0.5,0.5,0,0,0.5,0.2,0,0.5,0.5
58524,0.5,0.5,0.5,0.5,0,0,0.5,0.2,0.2,0.5,0
58532,0.5,0.5,0.5,0.5,0,0,0.5,0.2,0.5,0.2,0.5
58540,0.5,0.5,0.5,0.5,0,0,0.5,0.5,0,0.2,0.2
58548,0.5,0.5,0.5,0.5,0,0,0.5,0.5,0.2,0.2,0
58553,0.5,0.5,0.5,0.5,0,0,0.5,0.5,0.2,0.5,0.5
58561,0.5,0.5,0.5,0.5,0,0,0.5,0.5,0.5,0.5,0.2
58569,0.5,0.5,0.5,0.5,0,0.2,0,0,0,0.5,0
58574,0.5,0.5,0.5,0.5,0,0.2,0,0,0.2,0,0.5
58582,0.5,0.5,0.5,0.5,0,0.2,0,0,0.5,0,0.2
58585,0.5,0.5,0.5,0.5,0,0.2,0,0,0.5,0.2,0.2
58592,0.5,0.5,0.5,0.5,0,0.2,0,0.2,0,0,0.5
58600,0.5,0.5,0.5,0.5,0,0.2,0,0.2,0.2,0,0.2
58605,0.5,0.5,0.5,0.5,0,0.2,0,0.2,0.2,0.5,0
58611,0.5,0.5,0.5,0.5,0,0.2,0,0.2,0.5,0.2,0
58624,0.5,0.5,0.5,0.5,0,0.2,0,0.5,0,0.5,0.2
58630,0.5,0.5,0.5,0.5,0,0.2,0,0.5,0.2,0.2,0.2
58642,0.5,0.5,0.5,0.5,0,0.2,0,0.5,0.5,0.5,0.2
58648,0.5,0.5,0.5,0.5,0,0.2,0.2,0,0,0.2,0.2
58657,0.5,0.5,0.5,0.5,0,0.2,0.2,0,0.2,0.2,0.2
58670,0.5,0.5,0.5,0.5,0,0.2,0.2,0,0.5,0.5,0.5
58674,0.5,0.5,0.5,0.5,0,0.2,0.2,0.2,0,0.2,0
58681,0.5,0.5,0.5,0.5,0,0.2,0.2,0.2,0.2,0,0.2
58689,0.5,0.5,0.5,0.5,0,0.2,0.2,0.2,0.5,0,0
58694,0.5,0.5,0.5,0.5,0,0.2,0.2,0.2,0.5,0.2,0.5
58702,0.5,0.5,0.5,0.5,0,0.2,0.2,0.5,0,0.2,0.2
58708,0.5,0.5,0.5,0.5,0,0.2,0.2,0.5,0.2,0,0.2
58715,0.5,0.5,0.5,0.5,0,0.2,0.2,0.5,0.2,0.5,0.5
58724,0.5,0.5,0.5,0.5,0,0.2,0.2,0.5,0.5,0.5,0.5
58732,0.5,0.5,0.5,0.5,0,0.2,0.5,0,0,0.5,0.2
58740,0.5,0.5,0.5,0.5,0,0.2,0.5,0,0.2,0.5,0
58747,0.5,0.5,0.5,0.5,0,0.2,0.5,0,0.5,0.2,0.2
58755,0.5,0.5,0.5,0.5,0,0.2,0.5,0.2,0,0.2,0
58759,0.5,0.5,0.5,0.5,0,0.2,0.5,0.2,0,0.5,0.2
58767,0.5,0.5,0.5,0.5,0,0.2,0.5,0.2,0.2,0.5,0
58774,0.5,0.5,0.5,0.5,0,0.2,0.5,0.2,0.5,0.2,0.2
58782,0.5,0.5,0.5,0.5,0,0.2,0.5,0.5,0,0.2,0
58790,0.5,0.5,0.5,0.5,0,0.2,0.5,0.5,0.2,0,0.5
58799,0.5,0.5,0.5,0.5,0,0.2,0.5,0.5,0.5,0,0.5
58805,0.5,0.5,0.5,0.5,0,0.2,0.5,0.5,0.5,0.5,0.5
58816,0.5,0.5,0.5,0.5,0,0.5,0,0,0.2,0,0.2
58819,0.5,0.5,0.5,0.5,0,0.5,0,0,0.2,0.2,0.2
58828,0.5,0.5,0.5,0.5,0,0.5,0,0,0.5,0.2,0.2
58840,0.5,0.5,0.5,0.5,0,0.5,0,0.2,0,0.5,0.2
58845,0.5,0.5,0.5,0.5,0,0.5,0,0.2,0.2,0.2,0
58858,0.5,0.5,0.5,0.5,0,0.5,0,0.2,0.5,0.5,0.2
58863,0.5,0.5,0.5,0.5,0,0.5,0,0.5,0,0.2,0
58872,0.5,0.5,0.5,0.5,0,0.5,0,0.5,0.2,0.2,0
58884,0.5,0.5,0.5,0.5,0,0.5,0,0.5,0.5,0.5,0
58889,0.5,0.5,0.5,0.5,0,0.5,0.2,0,0,0,0.5
58899,0.5,0.5,0.5,0.5,0,0.5,0.2,0,0.2,0.2,0
58909,0.5,0.5,0.5,0.5,0,0.5,0.2,0,0.5,0.2,0.2
58918,0.5,0.5,0.5,0.5,0,0.5,0.2,0.2,0,0.2,0.2
58924,0.5,0.5,0.5,0.5,0,0.5,0.2,0.2,0.2,0,0.2
58932,0.5,0.5,0.5,0.5,0,0.5,0.2,0.2,0.5,0,0
58936,0.5,0.5,0.5,0.5,0,0.5,0.2,0.2,0.5,0.2,0.2
58946,0.5,0.5,0.5,0.5,0,0.5,0.2,0.5,0,0.2,0.5
58951,0.5,0.5,0.5,0.5,0,0.5,0.2,0.5,0.2,0,0.2
58962,0.5,0.5,0.5,0.5,0,0.5,0.2,0.5,0.5,0.2,0
58969,0.5,0.5,0.5,0.5,0,0.5,0.5,0,0,0,0.2
58981,0.5,0.5,0.5,0.5,0,0.5,0.5,0,0.2,0.2,0.2
58990,0.5,0.5,0.5,0.5,0,0.5,0.5,0,0.5,0.2,0.2
58998,0.5,0.5,0.5,0.5,0,0.5,0.5,0.2,0,0.2,0
59006,0.5,0.5,0.5,0.5,0,0.5,0.5,0.2,0.2,0,0.5
59012,0.5,0.5,0.5,0.5,0,0.5,0.5,0.2,0.2,0.5,0.5
59017,0.5,0.5,0.5,0.5,0,0.5,0.5,0.2,0.5,0.2,0.2
59025,0.5,0.5,0.5,0.5,0,0.5,0.5,0.5,0,0.2,0
59033,0.5,0.5,0.5,0.5,0,0.5,0.5,0.5,0.2,0,0.5
59041,0.5,0.5,0.5,0.5,0,0.5,0.5,0.5,0.5,0,0.2
