#---------- Tue Nov 29 16:11:04 PST 2022 ----------
#Format: Task Counter Number,Did Simulation Succeed,Last Step Size Used,Number of Simulations Attempted
0,true,0.01,1
1,true,0.01,1
3,true,0.01,1
6,true,0.01,1
9,true,0.01,1
12,true,0.01,1
17,true,0.01,1
23,true,0.01,1
29,true,0.01,1
39,true,0.01,1
43,true,0.01,1
51,true,0.01,1
60,true,0.01,1
67,true,0.01,1
73,true,0.01,1
82,true,0.01,1
90,true,0.01,1
98,true,0.01,1
106,true,0.01,1
114,true,0.01,1
123,true,0.01,1
132,true,0.01,1
143,true,0.01,1
150,true,0.01,1
159,true,0.01,1
168,true,0.01,1
178,true,0.01,1
188,true,0.01,1
198,true,0.01,1
208,true,0.01,1
218,true,0.01,1
228,true,0.01,1
238,true,0.01,1
248,true,0.01,1
258,true,0.01,1
268,true,0.01,1
278,true,0.01,1
287,true,0.01,1
295,true,0.01,1
304,true,0.01,1
315,true,0.01,1
325,true,0.01,1
335,true,0.01,1
345,true,0.01,1
354,true,0.01,1
364,true,0.01,1
374,true,0.01,1
384,true,0.01,1
395,true,0.01,1
410,true,0.01,1
419,true,0.01,1
427,true,0.01,1
436,true,0.01,1
447,false,0.01,1
454,true,0.01,1
467,true,0.01,1
479,true,0.01,1
485,true,0.01,1
495,true,0.01,1
505,true,0.01,1
515,true,0.01,1
529,true,0.01,1
539,true,0.01,1
547,true,0.01,1
557,true,0.01,1
566,true,0.01,1
575,false,0.01,1
585,true,0.01,1
594,true,0.01,1
602,true,0.01,1
613,true,0.01,1
623,true,0.01,1
632,true,0.01,1
642,true,0.01,1
654,false,0.01,1
659,true,0.01,1
671,true,0.01,1
682,false,0.01,1
688,true,0.01,1
701,false,0.01,1
714,true,0.01,1
725,true,0.01,1
734,true,0.01,1
744,false,0.01,1
754,true,0.01,1
763,true,0.01,1
772,true,0.01,1
782,true,0.01,1
792,true,0.01,1
802,true,0.01,1
812,true,0.01,1
822,true,0.01,1
835,true,0.01,1
849,true,0.01,1
857,true,0.01,1
866,true,0.01,1
876,true,0.01,1
883,true,0.01,1
895,true,0.01,1
904,true,0.01,1
913,true,0.01,1
924,false,0.01,1
932,true,0.01,1
946,true,0.01,1
951,false,0.01,1
969,true,0.01,1
979,false,0.01,1
989,false,0.01,1
999,true,0.01,1
1008,true,0.01,1
1018,true,0.01,1
1028,true,0.01,1
1038,true,0.01,1
1046,true,0.01,1
1058,false,0.01,1
1072,true,0.01,1
1082,true,0.01,1
1089,true,0.01,1
1096,false,0.01,1
1108,true,0.01,1
1116,true,0.01,1
1126,true,0.01,1
1138,false,0.01,1
1148,false,0.01,1
1160,false,0.01,1
1169,false,0.01,1
1177,false,0.01,1
1186,false,0.01,1
1198,true,0.01,1
1205,false,0.01,1
1217,true,0.01,1
1226,true,0.01,1
1235,true,0.01,1
1244,true,0.01,1
1251,true,0.01,1
1258,false,0.01,1
1267,true,0.01,1
1279,true,0.01,1
1290,true,0.01,1
1294,true,0.01,1
1304,false,0.01,1
1313,false,0.01,1
1322,false,0.01,1
1331,false,0.01,1
1341,true,0.01,1
1350,true,0.01,1
1358,false,0.01,1
1368,true,0.01,1
1376,true,0.01,1
1383,false,0.01,1
1392,false,0.01,1
1401,false,0.01,1
1407,false,0.01,1
1420,false,0.01,1
1426,true,0.01,1
1435,true,0.01,1
1443,true,0.01,1
1451,true,0.01,1
1461,false,0.01,1
1468,false,0.01,1
1476,false,0.01,1
1489,false,0.01,1
1499,false,0.01,1
1505,false,0.01,1
1520,false,0.01,1
1526,false,0.01,1
1530,false,0.01,1
1545,false,0.01,1
1550,false,0.01,1
1559,false,0.01,1
1569,false,0.01,1
1578,false,0.01,1
1588,false,0.01,1
1596,false,0.01,1
1608,false,0.01,1
1615,true,0.01,1
1623,false,0.01,1
1632,false,0.01,1
1646,false,0.01,1
1651,false,0.01,1
1661,false,0.01,1
1668,false,0.01,1
1677,true,0.01,1
1686,false,0.01,1
1695,true,0.01,1
1704,false,0.01,1
1713,false,0.01,1
1722,false,0.01,1
1731,false,0.01,1
1738,false,0.01,1
1754,false,0.01,1
1760,false,0.01,1
1771,false,0.01,1
1778,false,0.01,1
1783,false,0.01,1
1793,false,0.01,1
1800,true,0.01,1
1809,true,0.01,1
1818,false,0.01,1
1828,true,0.01,1
1839,false,0.01,1
1849,false,0.01,1
1860,false,0.01,1
1863,false,0.01,1
1878,false,0.01,1
1886,false,0.01,1
1891,true,0.01,1
1899,true,0.01,1
1907,false,0.01,1
1914,false,0.01,1
1923,false,0.01,1
1930,false,0.01,1
1940,true,0.01,1
1947,false,0.01,1
1956,false,0.01,1
1966,false,0.01,1
1971,false,0.01,1
1982,false,0.01,1
1989,true,0.01,1
2000,false,0.01,1
2009,true,0.01,1
2018,false,0.01,1
2025,false,0.01,1
2032,false,0.01,1
2039,false,0.01,1
2046,false,0.01,1
2053,false,0.01,1
2060,false,0.01,1
2067,false,0.01,1
2074,false,0.01,1
2080,false,0.01,1
2088,true,0.01,1
2095,false,0.01,1
2102,false,0.01,1
2109,false,0.01,1
2115,true,0.01,1
2123,false,0.01,1
2130,false,0.01,1
2136,false,0.01,1
2145,false,0.01,1
2151,true,0.01,1
2158,false,0.01,1
2164,false,0.01,1
2171,true,0.01,1
2177,false,0.01,1
2184,false,0.01,1
2191,true,0.01,1
2197,true,0.01,1
2205,true,0.01,1
2213,true,0.01,1
2220,true,0.01,1
2226,true,0.01,1
2234,false,0.01,1
2240,true,0.01,1
2247,true,0.01,1
2253,true,0.01,1
2261,false,0.01,1
2270,true,0.01,1
2278,true,0.01,1
2285,true,0.01,1
2292,true,0.01,1
2299,true,0.01,1
2305,true,0.01,1
2313,true,0.01,1
2320,true,0.01,1
2327,true,0.01,1
2333,true,0.01,1
2341,true,0.01,1
2349,false,0.01,1
2356,false,0.01,1
2364,false,0.01,1
2374,true,0.01,1
2381,true,0.01,1
2388,true,0.01,1
2393,true,0.01,1
2400,true,0.01,1
2408,true,0.01,1
2415,true,0.01,1
2422,true,0.01,1
2429,true,0.01,1
2436,true,0.01,1
2443,true,0.01,1
2449,true,0.01,1
2455,true,0.01,1
2461,true,0.01,1
2468,true,0.01,1
2476,true,0.01,1
2482,true,0.01,1
2489,true,0.01,1
2496,true,0.01,1
2506,true,0.01,1
2511,true,0.01,1
2518,false,0.01,1
2525,true,0.01,1
2533,true,0.01,1
2539,true,0.01,1
2545,false,0.01,1
2552,true,0.01,1
2558,true,0.01,1
2567,true,0.01,1
2576,true,0.01,1
2583,true,0.01,1
2590,true,0.01,1
2597,false,0.01,1
2605,false,0.01,1
2611,true,0.01,1
2617,false,0.01,1
2624,true,0.01,1
2632,true,0.01,1
2639,true,0.01,1
2646,true,0.01,1
2652,false,0.01,1
2659,true,0.01,1
2666,true,0.01,1
2673,true,0.01,1
2681,true,0.01,1
2687,true,0.01,1
2695,true,0.01,1
2701,true,0.01,1
2707,true,0.01,1
2714,true,0.01,1
2721,true,0.01,1
2729,true,0.01,1
2738,true,0.01,1
2745,true,0.01,1
2752,true,0.01,1
2759,false,0.01,1
2767,true,0.01,1
2774,true,0.01,1
2783,true,0.01,1
2790,true,0.01,1
2797,false,0.01,1
2804,true,0.01,1
2811,true,0.01,1
2816,true,0.01,1
2823,false,0.01,1
2830,true,0.01,1
2835,false,0.01,1
2843,false,0.01,1
2849,false,0.01,1
2855,true,0.01,1
2861,false,0.01,1
2867,false,0.01,1
2873,true,0.01,1
2879,false,0.01,1
2885,true,0.01,1
2890,true,0.01,1
2896,false,0.01,1
2901,true,0.01,1
2907,true,0.01,1
2913,false,0.01,1
2918,true,0.01,1
2926,false,0.01,1
2931,true,0.01,1
2936,true,0.01,1
2944,true,0.01,1
2951,true,0.01,1
2956,true,0.01,1
2962,false,0.01,1
2968,true,0.01,1
2974,true,0.01,1
2977,true,0.01,1
2983,true,0.01,1
2986,true,0.01,1
2992,true,0.01,1
2997,true,0.01,1
3004,false,0.01,1
3010,true,0.01,1
3015,true,0.01,1
3021,false,0.01,1
3031,false,0.01,1
3037,true,0.01,1
3044,true,0.01,1
3050,true,0.01,1
3056,true,0.01,1
3062,true,0.01,1
3068,true,0.01,1
3073,true,0.01,1
3079,true,0.01,1
3084,false,0.01,1
3091,true,0.01,1
3097,true,0.01,1
3103,false,0.01,1
3109,true,0.01,1
3115,true,0.01,1
3119,true,0.01,1
3126,true,0.01,1
3132,true,0.01,1
3137,true,0.01,1
3142,true,0.01,1
3147,false,0.01,1
3155,true,0.01,1
3161,true,0.01,1
3165,false,0.01,1
3171,true,0.01,1
3177,true,0.01,1
3183,false,0.01,1
3189,true,0.01,1
3195,true,0.01,1
3202,false,0.01,1
3208,true,0.01,1
3214,true,0.01,1
3220,false,0.01,1
3226,true,0.01,1
3232,true,0.01,1
3238,true,0.01,1
3244,false,0.01,1
3249,true,0.01,1
3255,false,0.01,1
3261,true,0.01,1
3267,true,0.01,1
3272,true,0.01,1
3277,true,0.01,1
3281,true,0.01,1
3285,true,0.01,1
3289,true,0.01,1
3292,false,0.01,1
3296,true,0.01,1
3301,false,0.01,1
3304,true,0.01,1
3308,true,0.01,1
3312,true,0.01,1
3316,true,0.01,1
3320,true,0.01,1
3324,false,0.01,1
3327,false,0.01,1
3330,true,0.01,1
3335,false,0.01,1
3339,true,0.01,1
3343,false,0.01,1
3348,true,0.01,1
3352,false,0.01,1
3356,false,0.01,1
3360,true,0.01,1
3364,false,0.01,1
3368,true,0.01,1
3371,true,0.01,1
3374,false,0.01,1
3377,true,0.01,1
3380,true,0.01,1
3383,false,0.01,1
3386,true,0.01,1
3389,true,0.01,1
3392,false,0.01,1
3395,true,0.01,1
3398,true,0.01,1
3401,false,0.01,1
3404,true,0.01,1
3407,false,0.01,1
3410,false,0.01,1
3413,true,0.01,1
3416,true,0.01,1
3419,false,0.01,1
3422,true,0.01,1
3425,true,0.01,1
3428,false,0.01,1
3431,true,0.01,1
3433,true,0.01,1
3436,false,0.01,1
3439,true,0.01,1
3442,true,0.01,1
3445,false,0.01,1
3448,true,0.01,1
3451,true,0.01,1
3454,false,0.01,1
3457,true,0.01,1
3460,true,0.01,1
3463,false,0.01,1
3466,true,0.01,1
3469,true,0.01,1
3472,false,0.01,1
3475,true,0.01,1
3478,true,0.01,1
3481,true,0.01,1
3484,true,0.01,1
3487,false,0.01,1
3490,false,0.01,1
3492,true,0.01,1
3494,true,0.01,1
3496,false,0.01,1
3498,false,0.01,1
3500,false,0.01,1
3502,true,0.01,1
3504,true,0.01,1
3506,false,0.01,1
3508,false,0.01,1
3510,true,0.01,1
3512,true,0.01,1
3514,false,0.01,1
3516,false,0.01,1
3518,false,0.01,1
3520,true,0.01,1
3522,false,0.01,1
3524,false,0.01,1
3526,false,0.01,1
3528,true,0.01,1
3530,true,0.01,1
3532,true,0.01,1
3535,false,0.01,1
3537,true,0.01,1
3538,true,0.01,1
3540,true,0.01,1
3542,true,0.01,1
3544,false,0.01,1
3546,true,0.01,1
3548,true,0.01,1
3550,true,0.01,1
3552,false,0.01,1
3554,false,0.01,1
3556,true,0.01,1
3558,true,0.01,1
3560,true,0.01,1
3562,false,0.01,1
3564,true,0.01,1
3566,true,0.01,1
3568,false,0.01,1
3570,false,0.01,1
3572,false,0.01,1
3574,true,0.01,1
3576,false,0.01,1
3578,false,0.01,1
3580,false,0.01,1
3582,true,0.01,1
3584,true,0.01,1
3586,false,0.01,1
3588,false,0.01,1
3590,false,0.01,1
3592,true,0.01,1
3595,false,0.01,1
3596,false,0.01,1
3599,false,0.01,1
3601,true,0.01,1
3603,false,0.01,1
3605,false,0.01,1
3607,false,0.01,1
3609,true,0.01,1
3611,true,0.01,1
3613,false,0.01,1
3615,false,0.01,1
3617,false,0.01,1
3619,true,0.01,1
3621,false,0.01,1
3623,false,0.01,1
3625,false,0.01,1
3627,true,0.01,1
3629,true,0.01,1
3631,false,0.01,1
3633,false,0.01,1
3635,false,0.01,1
3637,true,0.01,1
3639,false,0.01,1
3641,false,0.01,1
3643,false,0.01,1
3645,true,0.01,1
3647,false,0.01,1
3649,false,0.01,1
3651,false,0.01,1
3653,false,0.01,1
3655,false,0.01,1
3657,false,0.01,1
3659,false,0.01,1
3661,false,0.01,1
3663,true,0.01,1
3665,false,0.01,1
3667,false,0.01,1
3669,false,0.01,1
3671,false,0.01,1
3673,false,0.01,1
3675,false,0.01,1
3677,false,0.01,1
3679,false,0.01,1
3681,true,0.01,1
3683,false,0.01,1
3685,false,0.01,1
3687,false,0.01,1
3689,false,0.01,1
3691,false,0.01,1
3693,false,0.01,1
3695,false,0.01,1
3697,false,0.01,1
3699,true,0.01,1
3701,false,0.01,1
3703,false,0.01,1
3705,false,0.01,1
3707,false,0.01,1
3709,true,0.01,1
3711,false,0.01,1
3713,false,0.01,1
3715,false,0.01,1
3717,true,0.01,1
3719,true,0.01,1
3721,false,0.01,1
3723,false,0.01,1
3725,false,0.01,1
3727,true,0.01,1
3729,false,0.01,1
3731,false,0.01,1
3733,false,0.01,1
3735,true,0.01,1
3737,true,0.01,1
3739,false,0.01,1
3741,false,0.01,1
3743,false,0.01,1
3745,true,0.01,1
3747,false,0.01,1
3749,false,0.01,1
3751,false,0.01,1
3753,true,0.01,1
3755,true,0.01,1
3757,false,0.01,1
3759,false,0.01,1
3761,false,0.01,1
3763,true,0.01,1
3765,false,0.01,1
3767,false,0.01,1
3769,false,0.01,1
3771,true,0.01,1
3773,true,0.01,1
3775,false,0.01,1
3777,false,0.01,1
3779,false,0.01,1
3781,true,0.01,1
3783,false,0.01,1
3785,false,0.01,1
3788,false,0.01,1
3790,true,0.01,1
3792,false,0.01,1
3794,false,0.01,1
3796,false,0.01,1
3798,true,0.01,1
3800,true,0.01,1
3802,false,0.01,1
#---------- Tue Nov 29 18:56:34 PST 2022 ----------
#Format: Task Counter Number,Did Simulation Succeed,Last Step Size Used,Number of Simulations Attempted
4478,true,0.01,1
4487,true,0.01,1
4496,true,0.01,1
4505,true,0.01,1
4514,true,0.01,1
4525,true,0.01,1
4535,true,0.01,1
4543,true,0.01,1
4551,true,0.01,1
4560,true,0.01,1
4571,true,0.01,1
4580,true,0.01,1
4590,true,0.01,1
4601,true,0.01,1
4611,true,0.01,1
4620,true,0.01,1
4630,true,0.01,1
4639,true,0.01,1
4649,true,0.01,1
4658,true,0.01,1
4669,true,0.01,1
4675,true,0.01,1
4684,true,0.01,1
4698,true,0.01,1
4707,true,0.01,1
4716,true,0.01,1
4726,true,0.01,1
4736,true,0.01,1
4747,true,0.01,1
4756,true,0.01,1
4765,true,0.01,1
4775,true,0.01,1
4785,false,0.01,1
4795,false,0.01,1
4806,true,0.01,1
4816,true,0.01,1
4826,true,0.01,1
4836,true,0.01,1
4846,true,0.01,1
4857,true,0.01,1
4867,true,0.01,1
4877,true,0.01,1
4884,true,0.01,1
4895,true,0.01,1
4905,true,0.01,1
4915,true,0.01,1
4925,true,0.01,1
4935,true,0.01,1
4945,true,0.01,1
4955,true,0.01,1
4964,true,0.01,1
4975,true,0.01,1
4984,true,0.01,1
4993,true,0.01,1
5001,true,0.01,1
5011,true,0.01,1
5021,true,0.01,1
5031,false,0.01,1
5041,true,0.01,1
5055,false,0.01,1
5060,true,0.01,1
5073,false,0.01,1
5080,true,0.01,1
5086,true,0.01,1
5097,true,0.01,1
5104,true,0.01,1
5113,false,0.01,1
5120,true,0.01,1
5127,true,0.01,1
5134,true,0.01,1
5143,true,0.01,1
5152,true,0.01,1
5160,true,0.01,1
5169,true,0.01,1
5179,false,0.01,1
5186,true,0.01,1
5198,true,0.01,1
5204,true,0.01,1
5215,true,0.01,1
5221,true,0.01,1
5231,true,0.01,1
5240,true,0.01,1
5252,true,0.01,1
5258,true,0.01,1
5268,true,0.01,1
5277,true,0.01,1
5283,true,0.01,1
5291,true,0.01,1
5299,true,0.01,1
5307,true,0.01,1
5315,true,0.01,1
5323,true,0.01,1
5329,true,0.01,1
5339,true,0.01,1
5348,false,0.01,1
5354,true,0.01,1
5363,true,0.01,1
5370,true,0.01,1
5377,true,0.01,1
5385,true,0.01,1
5393,false,0.01,1
5399,true,0.01,1
5407,true,0.01,1
5414,true,0.01,1
5425,true,0.01,1
5429,true,0.01,1
5440,true,0.01,1
5446,true,0.01,1
5457,true,0.01,1
5462,true,0.01,1
5470,true,0.01,1
5478,true,0.01,1
5486,true,0.01,1
5493,true,0.01,1
5498,true,0.01,1
5506,true,0.01,1
5514,false,0.01,1
5521,true,0.01,1
5529,true,0.01,1
5536,true,0.01,1
5544,true,0.01,1
5553,true,0.01,1
5562,true,0.01,1
5569,true,0.01,1
5577,true,0.01,1
5585,true,0.01,1
5593,true,0.01,1
5600,false,0.01,1
5609,false,0.01,1
5615,true,0.01,1
5623,true,0.01,1
5631,true,0.01,1
5638,true,0.01,1
5646,true,0.01,1
5652,true,0.01,1
5662,true,0.01,1
5676,false,0.01,1
5682,true,0.01,1
5688,true,0.01,1
5696,false,0.01,1
5704,false,0.01,1
5712,false,0.01,1
5721,true,0.01,1
5729,true,0.01,1
5735,true,0.01,1
5745,true,0.01,1
5751,true,0.01,1
5759,false,0.01,1
5767,false,0.01,1
5775,false,0.01,1
5783,false,0.01,1
5792,true,0.01,1
5799,true,0.01,1
5804,false,0.01,1
5812,false,0.01,1
5820,false,0.01,1
5828,true,0.01,1
5836,false,0.01,1
5843,false,0.01,1
5857,false,0.01,1
5865,false,0.01,1
5871,true,0.01,1
5878,false,0.01,1
5886,false,0.01,1
5892,true,0.01,1
5896,false,0.01,1
5904,false,0.01,1
5912,true,0.01,1
5920,false,0.01,1
5924,false,0.01,1
5936,true,0.01,1
5940,true,0.01,1
5951,true,0.01,1
5961,true,0.01,1
5966,false,0.01,1
5975,true,0.01,1
5983,true,0.01,1
5991,false,0.01,1
5997,true,0.01,1
6007,true,0.01,1
6013,true,0.01,1
6023,true,0.01,1
6030,true,0.01,1
6039,true,0.01,1
6047,false,0.01,1
6057,true,0.01,1
6067,true,0.01,1
6076,false,0.01,1
6086,false,0.01,1
6097,true,0.01,1
6105,true,0.01,1
6110,false,0.01,1
6118,false,0.01,1
6126,false,0.01,1
6131,true,0.01,1
6143,true,0.01,1
6149,true,0.01,1
6162,false,0.01,1
6166,true,0.01,1
6178,true,0.01,1
6186,true,0.01,1
6191,false,0.01,1
6199,false,0.01,1
6207,false,0.01,1
6214,false,0.01,1
6224,true,0.01,1
6232,true,0.01,1
6237,true,0.01,1
6250,false,0.01,1
6257,true,0.01,1
6267,true,0.01,1
6277,true,0.01,1
6287,false,0.01,1
6298,false,0.01,1
6306,false,0.01,1
6315,false,0.01,1
6323,false,0.01,1
6330,true,0.01,1
6336,false,0.01,1
6344,false,0.01,1
6351,false,0.01,1
6355,true,0.01,1
6369,false,0.01,1
6374,true,0.01,1
6383,true,0.01,1
6392,true,0.01,1
6403,false,0.01,1
6411,false,0.01,1
6421,false,0.01,1
6430,false,0.01,1
6435,true,0.01,1
6447,true,0.01,1
6452,false,0.01,1
6460,false,0.01,1
6467,false,0.01,1
6476,false,0.01,1
6485,false,0.01,1
6491,false,0.01,1
6500,true,0.01,1
6512,false,0.01,1
6518,true,0.01,1
6526,true,0.01,1
6534,true,0.01,1
6542,false,0.01,1
6550,false,0.01,1
6558,false,0.01,1
6566,true,0.01,1
6572,true,0.01,1
6583,true,0.01,1
6589,true,0.01,1
6601,true,0.01,1
6608,true,0.01,1
6618,true,0.01,1
6623,true,0.01,1
6631,true,0.01,1
6639,true,0.01,1
6646,true,0.01,1
6654,true,0.01,1
6662,true,0.01,1
6672,true,0.01,1
6680,true,0.01,1
6688,true,0.01,1
6696,true,0.01,1
6704,true,0.01,1
6712,true,0.01,1
6720,true,0.01,1
6728,true,0.01,1
6736,true,0.01,1
6745,true,0.01,1
6754,true,0.01,1
6761,true,0.01,1
6768,true,0.01,1
6776,true,0.01,1
6785,true,0.01,1
6794,true,0.01,1
6803,true,0.01,1
6811,true,0.01,1
6819,true,0.01,1
6825,true,0.01,1
6830,true,0.01,1
6838,true,0.01,1
6846,true,0.01,1
6855,true,0.01,1
6863,true,0.01,1
6869,true,0.01,1
6880,true,0.01,1
6887,true,0.01,1
6895,true,0.01,1
6903,true,0.01,1
6911,true,0.01,1
6920,true,0.01,1
6930,true,0.01,1
6935,true,0.01,1
6942,true,0.01,1
6951,true,0.01,1
6959,true,0.01,1
6970,true,0.01,1
6976,true,0.01,1
6985,true,0.01,1
6993,true,0.01,1
7000,true,0.01,1
7008,true,0.01,1
7016,true,0.01,1
7023,true,0.01,1
7031,true,0.01,1
7039,true,0.01,1
7047,true,0.01,1
7055,true,0.01,1
7063,true,0.01,1
7071,true,0.01,1
7079,true,0.01,1
7085,true,0.01,1
7095,true,0.01,1
7101,true,0.01,1
7111,true,0.01,1
7118,true,0.01,1
7126,true,0.01,1
7134,false,0.01,1
7142,true,0.01,1
7150,true,0.01,1
7158,true,0.01,1
7166,true,0.01,1
7174,true,0.01,1
7182,true,0.01,1
7190,true,0.01,1
7198,true,0.01,1
7206,true,0.01,1
7214,true,0.01,1
7224,false,0.01,1
7230,true,0.01,1
7238,true,0.01,1
7247,true,0.01,1
7253,true,0.01,1
7261,true,0.01,1
7269,false,0.01,1
7277,true,0.01,1
7284,true,0.01,1
7292,true,0.01,1
7300,true,0.01,1
7308,true,0.01,1
7316,true,0.01,1
7326,true,0.01,1
7336,true,0.01,1
7345,true,0.01,1
7354,true,0.01,1
7363,true,0.01,1
7374,true,0.01,1
7381,true,0.01,1
7390,true,0.01,1
7399,true,0.01,1
7404,true,0.01,1
7414,true,0.01,1
7424,true,0.01,1
7431,true,0.01,1
7441,true,0.01,1
7448,true,0.01,1
7456,true,0.01,1
7464,true,0.01,1
7472,true,0.01,1
7481,true,0.01,1
7489,true,0.01,1
7497,true,0.01,1
7504,true,0.01,1
7512,true,0.01,1
7522,true,0.01,1
7531,true,0.01,1
7541,false,0.01,1
7552,true,0.01,1
7559,true,0.01,1
7568,true,0.01,1
7574,true,0.01,1
7582,true,0.01,1
7590,true,0.01,1
7595,true,0.01,1
7601,true,0.01,1
7609,true,0.01,1
7617,true,0.01,1
7625,true,0.01,1
7633,true,0.01,1
7639,true,0.01,1
7648,true,0.01,1
7659,true,0.01,1
7664,true,0.01,1
7672,true,0.01,1
7680,true,0.01,1
7688,true,0.01,1
7696,true,0.01,1
7704,true,0.01,1
7712,false,0.01,1
7720,false,0.01,1
7728,false,0.01,1
7736,true,0.01,1
7744,true,0.01,1
7755,false,0.01,1
7766,true,0.01,1
7775,true,0.01,1
7786,true,0.01,1
7789,true,0.01,1
7797,true,0.01,1
7805,true,0.01,1
7816,true,0.01,1
7822,true,0.01,1
7833,true,0.01,1
7838,true,0.01,1
7844,true,0.01,1
7852,true,0.01,1
7860,true,0.01,1
7868,true,0.01,1
7876,true,0.01,1
7884,true,0.01,1
7890,false,0.01,1
7901,false,0.01,1
7912,true,0.01,1
7917,false,0.01,1
7929,true,0.01,1
7937,true,0.01,1
7944,false,0.01,1
7951,false,0.01,1
7960,true,0.01,1
7968,true,0.01,1
7978,true,0.01,1
7986,true,0.01,1
7994,true,0.01,1
8002,true,0.01,1
8009,false,0.01,1
8021,false,0.01,1
8030,false,0.01,1
8038,false,0.01,1
8045,false,0.01,1
8053,false,0.01,1
8061,false,0.01,1
8066,true,0.01,1
8074,true,0.01,1
8083,true,0.01,1
8090,false,0.01,1
8098,false,0.01,1
8106,false,0.01,1
8114,false,0.01,1
8122,false,0.01,1
8131,false,0.01,1
8137,true,0.01,1
8145,true,0.01,1
8153,false,0.01,1
8161,false,0.01,1
8169,false,0.01,1
8177,false,0.01,1
8186,false,0.01,1
8193,false,0.01,1
8202,true,0.01,1
8211,true,0.01,1
8220,true,0.01,1
8229,true,0.01,1
8239,true,0.01,1
8247,true,0.01,1
8255,true,0.01,1
8263,false,0.01,1
8271,false,0.01,1
8279,false,0.01,1
8287,false,0.01,1
8295,false,0.01,1
8302,false,0.01,1
8308,false,0.01,1
8318,false,0.01,1
8328,false,0.01,1
8337,false,0.01,1
8345,false,0.01,1
8353,false,0.01,1
8360,false,0.01,1
8368,false,0.01,1
8376,false,0.01,1
8382,false,0.01,1
8389,false,0.01,1
8397,true,0.01,1
8406,true,0.01,1
8414,false,0.01,1
8422,false,0.01,1
8430,false,0.01,1
8437,false,0.01,1
8440,false,0.01,1
8448,false,0.01,1
8456,false,0.01,1
8462,false,0.01,1
8470,true,0.01,1
8476,false,0.01,1
8483,false,0.01,1
8493,false,0.01,1
8500,true,0.01,1
8507,false,0.01,1
8514,false,0.01,1
8521,false,0.01,1
8527,false,0.01,1
8534,false,0.01,1
8541,false,0.01,1
8549,false,0.01,1
8555,false,0.01,1
8563,false,0.01,1
8569,true,0.01,1
8576,false,0.01,1
8583,false,0.01,1
8590,false,0.01,1
8597,false,0.01,1
8603,false,0.01,1
8610,false,0.01,1
8618,false,0.01,1
8624,false,0.01,1
8632,false,0.01,1
8639,false,0.01,1
8646,false,0.01,1
8653,false,0.01,1
8660,false,0.01,1
8667,false,0.01,1
8676,false,0.01,1
8687,false,0.01,1
8693,false,0.01,1
8701,false,0.01,1
8708,false,0.01,1
8715,false,0.01,1
8722,true,0.01,1
8729,false,0.01,1
8736,false,0.01,1
8743,false,0.01,1
8752,true,0.01,1
8758,true,0.01,1
8764,true,0.01,1
8771,true,0.01,1
8778,true,0.01,1
8784,false,0.01,1
8793,true,0.01,1
8803,true,0.01,1
8809,true,0.01,1
8816,true,0.01,1
8822,true,0.01,1
8832,true,0.01,1
8837,true,0.01,1
8843,true,0.01,1
8851,true,0.01,1
8857,true,0.01,1
8864,true,0.01,1
8871,true,0.01,1
8878,true,0.01,1
8885,true,0.01,1
8894,true,0.01,1
8903,true,0.01,1
8912,true,0.01,1
8920,true,0.01,1
8926,true,0.01,1
8933,true,0.01,1
8940,true,0.01,1
8946,true,0.01,1
8953,true,0.01,1
8960,true,0.01,1
8967,true,0.01,1
8975,true,0.01,1
8982,true,0.01,1
8989,true,0.01,1
8996,true,0.01,1
9004,true,0.01,1
9010,true,0.01,1
9016,true,0.01,1
9022,true,0.01,1
9029,true,0.01,1
9036,true,0.01,1
9048,true,0.01,1
9055,true,0.01,1
9061,true,0.01,1
9068,true,0.01,1
9072,true,0.01,1
9080,true,0.01,1
9086,true,0.01,1
9094,true,0.01,1
9101,true,0.01,1
9111,true,0.01,1
9116,true,0.01,1
9123,true,0.01,1
9130,true,0.01,1
9136,true,0.01,1
9143,true,0.01,1
9151,true,0.01,1
9158,true,0.01,1
9166,true,0.01,1
9173,true,0.01,1
9179,false,0.01,1
9186,false,0.01,1
9192,true,0.01,1
9200,true,0.01,1
9206,true,0.01,1
9214,true,0.01,1
9220,true,0.01,1
9228,true,0.01,1
9235,true,0.01,1
9241,true,0.01,1
9248,true,0.01,1
9256,true,0.01,1
9263,true,0.01,1
9269,true,0.01,1
9277,true,0.01,1
9283,true,0.01,1
9291,true,0.01,1
9298,true,0.01,1
9305,true,0.01,1
9312,true,0.01,1
9319,true,0.01,1
9324,true,0.01,1
9331,false,0.01,1
9338,true,0.01,1
9345,true,0.01,1
9352,true,0.01,1
9358,true,0.01,1
9365,true,0.01,1
9373,true,0.01,1
9380,true,0.01,1
9388,true,0.01,1
9395,true,0.01,1
9402,false,0.01,1
9409,false,0.01,1
9416,true,0.01,1
9423,true,0.01,1
9433,true,0.01,1
9445,true,0.01,1
9456,false,0.01,1
9462,true,0.01,1
9473,true,0.01,1
9484,true,0.01,1
9495,false,0.01,1
9504,false,0.01,1
9511,true,0.01,1
9522,false,0.01,1
9533,true,0.01,1
9548,true,0.01,1
9555,true,0.01,1
9563,true,0.01,1
9574,true,0.01,1
9583,true,0.01,1
9593,true,0.01,1
9603,true,0.01,1
9613,true,0.01,1
9624,true,0.01,1
9632,true,0.01,1
9645,false,0.01,1
9655,false,0.01,1
9666,true,0.01,1
9676,true,0.01,1
9685,true,0.01,1
9696,true,0.01,1
9701,true,0.01,1
9715,true,0.01,1
9724,true,0.01,1
9734,true,0.01,1
9744,true,0.01,1
9751,true,0.01,1
9760,true,0.01,1
9769,true,0.01,1
9778,true,0.01,1
9786,true,0.01,1
9795,true,0.01,1
9804,true,0.01,1
9816,false,0.01,1
9822,true,0.01,1
9833,true,0.01,1
9842,true,0.01,1
9852,false,0.01,1
9866,true,0.01,1
9878,true,0.01,1
9887,false,0.01,1
9897,false,0.01,1
9905,true,0.01,1
9918,true,0.01,1
9927,true,0.01,1
9939,true,0.01,1
9949,true,0.01,1
9960,false,0.01,1
9970,false,0.01,1
9980,false,0.01,1
9990,true,0.01,1
10000,true,0.01,1
10013,true,0.01,1
10021,true,0.01,1
10029,true,0.01,1
10038,true,0.01,1
10046,true,0.01,1
10058,true,0.01,1
10071,true,0.01,1
10076,true,0.01,1
10089,true,0.01,1
10099,true,0.01,1
10109,true,0.01,1
10121,true,0.01,1
10129,false,0.01,1
10138,false,0.01,1
10152,true,0.01,1
10159,false,0.01,1
10166,false,0.01,1
10179,true,0.01,1
10188,true,0.01,1
10196,false,0.01,1
10208,false,0.01,1
10217,false,0.01,1
10231,false,0.01,1
10240,false,0.01,1
10250,false,0.01,1
10255,false,0.01,1
10268,false,0.01,1
10276,false,0.01,1
10284,false,0.01,1
10293,false,0.01,1
10300,false,0.01,1
10313,false,0.01,1
10323,true,0.01,1
10333,true,0.01,1
10346,true,0.01,1
10356,false,0.01,1
10364,true,0.01,1
10375,false,0.01,1
10382,true,0.01,1
10395,true,0.01,1
10401,false,0.01,1
10409,true,0.01,1
10424,true,0.01,1
10434,true,0.01,1
10444,true,0.01,1
10453,false,0.01,1
10459,false,0.01,1
10475,false,0.01,1
10481,false,0.01,1
10492,false,0.01,1
10497,false,0.01,1
10508,false,0.01,1
10521,true,0.01,1
10531,false,0.01,1
10542,false,0.01,1
10553,false,0.01,1
10565,false,0.01,1
10574,false,0.01,1
10583,false,0.01,1
10592,false,0.01,1
10601,false,0.01,1
10610,false,0.01,1
10616,false,0.01,1
10624,false,0.01,1
10632,false,0.01,1
10642,false,0.01,1
10654,false,0.01,1
#---------- Tue Nov 29 21:34:59 PST 2022 ----------
#Format: Task Counter Number,Did Simulation Succeed,Last Step Size Used,Number of Simulations Attempted
11134,true,0.01,1
11149,true,0.01,1
11159,true,0.01,1
11169,true,0.01,1
11179,true,0.01,1
11188,true,0.01,1
11198,true,0.01,1
11206,true,0.01,1
11217,true,0.01,1
11224,false,0.01,1
11234,false,0.01,1
11244,true,0.01,1
11254,true,0.01,1
11264,false,0.01,1
11274,true,0.01,1
11284,true,0.01,1
11293,true,0.01,1
11303,true,0.01,1
11312,true,0.01,1
11323,true,0.01,1
11331,true,0.01,1
11342,true,0.01,1
11353,true,0.01,1
11361,true,0.01,1
11371,true,0.01,1
11381,true,0.01,1
11392,true,0.01,1
11398,true,0.01,1
11408,true,0.01,1
11421,false,0.01,1
11429,false,0.01,1
11441,false,0.01,1
11451,true,0.01,1
11461,true,0.01,1
11470,true,0.01,1
11483,true,0.01,1
11492,true,0.01,1
11503,true,0.01,1
11512,true,0.01,1
11523,true,0.01,1
11531,true,0.01,1
11543,true,0.01,1
11554,true,0.01,1
11563,true,0.01,1
11572,true,0.01,1
11580,true,0.01,1
11591,false,0.01,1
11599,false,0.01,1
11606,true,0.01,1
11616,false,0.01,1
11620,true,0.01,1
11629,true,0.01,1
11638,true,0.01,1
11651,true,0.01,1
11655,true,0.01,1
11668,true,0.01,1
11681,true,0.01,1
11685,true,0.01,1
11695,true,0.01,1
11705,true,0.01,1
11715,true,0.01,1
11722,true,0.01,1
11736,true,0.01,1
11746,true,0.01,1
11755,true,0.01,1
11771,true,0.01,1
11775,true,0.01,1
11784,true,0.01,1
11790,true,0.01,1
11800,true,0.01,1
11813,true,0.01,1
11821,true,0.01,1
11832,true,0.01,1
11841,true,0.01,1
11844,true,0.01,1
11855,true,0.01,1
11869,true,0.01,1
11875,true,0.01,1
11882,true,0.01,1
11896,true,0.01,1
11905,true,0.01,1
11911,true,0.01,1
11920,true,0.01,1
11932,true,0.01,1
11940,true,0.01,1
11949,true,0.01,1
11956,true,0.01,1
11968,true,0.01,1
11974,true,0.01,1
11986,true,0.01,1
11994,true,0.01,1
12001,true,0.01,1
12008,true,0.01,1
12023,true,0.01,1
12032,true,0.01,1
12039,true,0.01,1
12045,true,0.01,1
12051,true,0.01,1
12062,true,0.01,1
12075,false,0.01,1
12084,false,0.01,1
12094,true,0.01,1
12102,true,0.01,1
12109,true,0.01,1
12114,true,0.01,1
12127,true,0.01,1
12133,true,0.01,1
12144,true,0.01,1
12152,false,0.01,1
12159,true,0.01,1
12169,true,0.01,1
12179,false,0.01,1
12187,false,0.01,1
12197,false,0.01,1
12206,false,0.01,1
12214,true,0.01,1
12230,true,0.01,1
12237,false,0.01,1
12244,true,0.01,1
12251,true,0.01,1
12266,false,0.01,1
12275,true,0.01,1
12284,true,0.01,1
12293,true,0.01,1
12301,true,0.01,1
12311,true,0.01,1
12319,false,0.01,1
12324,true,0.01,1
12331,true,0.01,1
12345,false,0.01,1
12349,true,0.01,1
12361,true,0.01,1
12367,true,0.01,1
12374,false,0.01,1
12381,false,0.01,1
12390,true,0.01,1
12398,false,0.01,1
12405,true,0.01,1
12413,false,0.01,1
12420,false,0.01,1
12427,false,0.01,1
12433,true,0.01,1
12440,false,0.01,1
12447,false,0.01,1
12455,false,0.01,1
12462,true,0.01,1
12466,false,0.01,1
12473,true,0.01,1
12480,true,0.01,1
12487,true,0.01,1
12490,false,0.01,1
12497,true,0.01,1
12504,true,0.01,1
12509,true,0.01,1
12515,true,0.01,1
12522,true,0.01,1
12526,true,0.01,1
12533,true,0.01,1
12540,true,0.01,1
12544,true,0.01,1
12551,true,0.01,1
12556,true,0.01,1
12566,true,0.01,1
12574,true,0.01,1
12581,true,0.01,1
12589,true,0.01,1
12596,true,0.01,1
12603,true,0.01,1
12610,true,0.01,1
12617,true,0.01,1
12624,false,0.01,1
12631,true,0.01,1
12637,true,0.01,1
12646,false,0.01,1
12653,false,0.01,1
12660,false,0.01,1
12667,true,0.01,1
12673,false,0.01,1
12679,false,0.01,1
12687,true,0.01,1
12690,false,0.01,1
12697,false,0.01,1
12704,true,0.01,1
12711,true,0.01,1
12717,true,0.01,1
12725,false,0.01,1
12731,false,0.01,1
12739,true,0.01,1
12746,true,0.01,1
12755,true,0.01,1
12763,true,0.01,1
12772,true,0.01,1
12781,true,0.01,1
12790,true,0.01,1
12799,false,0.01,1
12810,true,0.01,1
12816,true,0.01,1
12823,false,0.01,1
12830,true,0.01,1
12838,true,0.01,1
12846,true,0.01,1
12853,true,0.01,1
12860,false,0.01,1
12867,false,0.01,1
12874,true,0.01,1
12881,false,0.01,1
12890,false,0.01,1
12901,true,0.01,1
12906,false,0.01,1
12912,false,0.01,1
12919,true,0.01,1
12924,false,0.01,1
12932,false,0.01,1
12939,false,0.01,1
12943,true,0.01,1
12954,true,0.01,1
12959,false,0.01,1
12966,false,0.01,1
12973,false,0.01,1
12980,true,0.01,1
12985,false,0.01,1
12992,false,0.01,1
13000,true,0.01,1
13006,true,0.01,1
13013,false,0.01,1
13020,false,0.01,1
13026,true,0.01,1
13032,true,0.01,1
13041,true,0.01,1
13049,false,0.01,1
13056,false,0.01,1
13063,false,0.01,1
13069,true,0.01,1
13076,false,0.01,1
13083,false,0.01,1
13087,true,0.01,1
13094,false,0.01,1
13101,false,0.01,1
13108,true,0.01,1
13115,true,0.01,1
13122,true,0.01,1
13129,true,0.01,1
13136,true,0.01,1
13143,true,0.01,1
13150,true,0.01,1
13156,true,0.01,1
13163,true,0.01,1
13170,true,0.01,1
13177,true,0.01,1
13183,true,0.01,1
13190,true,0.01,1
13197,true,0.01,1
13203,true,0.01,1
13210,true,0.01,1
13217,true,0.01,1
13224,true,0.01,1
13230,true,0.01,1
13236,true,0.01,1
13244,true,0.01,1
13251,true,0.01,1
13256,true,0.01,1
13264,true,0.01,1
13271,true,0.01,1
13278,true,0.01,1
13283,true,0.01,1
13290,true,0.01,1
13297,true,0.01,1
13304,true,0.01,1
13310,true,0.01,1
13317,true,0.01,1
13324,true,0.01,1
13331,true,0.01,1
13338,true,0.01,1
13344,true,0.01,1
13349,true,0.01,1
13356,true,0.01,1
13363,true,0.01,1
13370,true,0.01,1
13377,true,0.01,1
13382,true,0.01,1
13389,true,0.01,1
13395,true,0.01,1
13401,true,0.01,1
13410,true,0.01,1
13418,true,0.01,1
13425,true,0.01,1
13432,true,0.01,1
13439,true,0.01,1
13446,true,0.01,1
13453,true,0.01,1
13460,true,0.01,1
13467,true,0.01,1
13474,true,0.01,1
13481,true,0.01,1
13488,true,0.01,1
13495,true,0.01,1
13503,true,0.01,1
13509,true,0.01,1
13513,true,0.01,1
13520,true,0.01,1
13529,false,0.01,1
13537,true,0.01,1
13545,false,0.01,1
13552,true,0.01,1
13559,true,0.01,1
13566,true,0.01,1
13572,true,0.01,1
13579,true,0.01,1
13585,true,0.01,1
13591,true,0.01,1
13598,true,0.01,1
13607,true,0.01,1
13614,true,0.01,1
13621,true,0.01,1
13627,true,0.01,1
13633,true,0.01,1
13640,true,0.01,1
13647,true,0.01,1
13652,true,0.01,1
13659,true,0.01,1
13666,true,0.01,1
13673,true,0.01,1
13681,true,0.01,1
13687,true,0.01,1
13694,true,0.01,1
13702,true,0.01,1
13708,true,0.01,1
13715,true,0.01,1
13722,true,0.01,1
13729,true,0.01,1
13736,true,0.01,1
13745,true,0.01,1
13751,true,0.01,1
13759,true,0.01,1
13765,true,0.01,1
#---------- Wed Nov 30 00:21:36 PST 2022 ----------
#Format: Task Counter Number,Did Simulation Succeed,Last Step Size Used,Number of Simulations Attempted
16228,true,0.01,1
16238,true,0.01,1
16246,true,0.01,1
16257,true,0.01,1
16267,true,0.01,1
16277,true,0.01,1
16286,true,0.01,1
16294,true,0.01,1
16304,true,0.01,1
16315,true,0.01,1
16326,true,0.01,1
16338,true,0.01,1
16344,true,0.01,1
16354,false,0.01,1
16369,false,0.01,1
16379,true,0.01,1
16389,true,0.01,1
16399,true,0.01,1
16409,true,0.01,1
16419,true,0.01,1
16427,true,0.01,1
16440,true,0.01,1
16450,false,0.01,1
16460,false,0.01,1
16470,true,0.01,1
16479,true,0.01,1
16491,true,0.01,1
16500,true,0.01,1
16510,true,0.01,1
16520,true,0.01,1
16530,true,0.01,1
16540,true,0.01,1
16550,true,0.01,1
16559,true,0.01,1
16569,true,0.01,1
16580,true,0.01,1
16592,true,0.01,1
16604,true,0.01,1
16612,false,0.01,1
16618,true,0.01,1
16632,true,0.01,1
16640,false,0.01,1
16649,true,0.01,1
16658,true,0.01,1
16668,true,0.01,1
16680,true,0.01,1
16687,true,0.01,1
16697,true,0.01,1
16708,true,0.01,1
16717,true,0.01,1
16728,false,0.01,1
16736,true,0.01,1
16749,true,0.01,1
16756,false,0.01,1
16768,false,0.01,1
16781,false,0.01,1
16787,false,0.01,1
16802,false,0.01,1
16811,false,0.01,1
16816,false,0.01,1
16823,true,0.01,1
16837,false,0.01,1
16841,true,0.01,1
16853,true,0.01,1
16863,false,0.01,1
16867,true,0.01,1
16883,false,0.01,1
16892,false,0.01,1
16901,false,0.01,1
16910,true,0.01,1
16919,true,0.01,1
16928,true,0.01,1
16937,false,0.01,1
16943,true,0.01,1
16955,false,0.01,1
16962,false,0.01,1
16971,false,0.01,1
16981,true,0.01,1
16994,true,0.01,1
17000,true,0.01,1
17012,false,0.01,1
17021,false,0.01,1
17031,false,0.01,1
17037,true,0.01,1
17054,false,0.01,1
17055,false,0.01,1
17072,false,0.01,1
17078,true,0.01,1
17087,false,0.01,1
17095,false,0.01,1
17103,false,0.01,1
17113,false,0.01,1
17125,false,0.01,1
17134,false,0.01,1
17143,false,0.01,1
17152,false,0.01,1
17161,false,0.01,1
17168,true,0.01,1
17178,false,0.01,1
17182,true,0.01,1
17194,false,0.01,1
17205,false,0.01,1
17212,true,0.01,1
17222,true,0.01,1
17236,true,0.01,1
17241,false,0.01,1
17252,false,0.01,1
17262,false,0.01,1
17275,false,0.01,1
17282,false,0.01,1
17294,false,0.01,1
17301,false,0.01,1
17311,false,0.01,1
17321,false,0.01,1
17330,false,0.01,1
17337,false,0.01,1
17348,false,0.01,1
17356,false,0.01,1
17368,false,0.01,1
17377,false,0.01,1
17384,false,0.01,1
17392,false,0.01,1
17404,false,0.01,1
17408,true,0.01,1
17417,false,0.01,1
17430,false,0.01,1
17436,false,0.01,1
17441,false,0.01,1
17450,false,0.01,1
17459,false,0.01,1
17467,false,0.01,1
17474,false,0.01,1
17482,false,0.01,1
17489,true,0.01,1
17497,true,0.01,1
17506,true,0.01,1
17516,true,0.01,1
17523,false,0.01,1
17530,true,0.01,1
17538,true,0.01,1
17546,true,0.01,1
17550,true,0.01,1
17560,false,0.01,1
17568,false,0.01,1
17573,true,0.01,1
17581,true,0.01,1
17589,true,0.01,1
17596,true,0.01,1
17604,true,0.01,1
17612,true,0.01,1
17621,true,0.01,1
17629,true,0.01,1
17637,true,0.01,1
17644,true,0.01,1
17652,true,0.01,1
17661,true,0.01,1
17667,false,0.01,1
17677,true,0.01,1
17687,true,0.01,1
17694,true,0.01,1
17703,true,0.01,1
17711,true,0.01,1
17719,true,0.01,1
17727,true,0.01,1
17735,true,0.01,1
17743,true,0.01,1
17749,true,0.01,1
17759,false,0.01,1
17765,true,0.01,1
17773,true,0.01,1
17780,true,0.01,1
17789,true,0.01,1
17796,true,0.01,1
17804,false,0.01,1
17812,false,0.01,1
17819,true,0.01,1
17829,true,0.01,1
17835,true,0.01,1
17843,true,0.01,1
17853,true,0.01,1
17860,true,0.01,1
17868,true,0.01,1
17877,true,0.01,1
17886,true,0.01,1
17894,true,0.01,1
17902,false,0.01,1
17913,true,0.01,1
17920,false,0.01,1
17927,true,0.01,1
17934,true,0.01,1
17941,true,0.01,1
17948,true,0.01,1
17954,true,0.01,1
17961,true,0.01,1
17966,true,0.01,1
17974,true,0.01,1
17981,true,0.01,1
17987,true,0.01,1
17994,true,0.01,1
18002,false,0.01,1
18007,true,0.01,1
18014,true,0.01,1
18020,true,0.01,1
18029,false,0.01,1
18036,true,0.01,1
18046,false,0.01,1
18050,true,0.01,1
18059,true,0.01,1
18064,true,0.01,1
18071,true,0.01,1
18079,true,0.01,1
18086,true,0.01,1
18093,true,0.01,1
18100,true,0.01,1
18106,true,0.01,1
18113,true,0.01,1
18119,false,0.01,1
18128,true,0.01,1
18135,true,0.01,1
18143,true,0.01,1
18150,false,0.01,1
18156,true,0.01,1
18163,false,0.01,1
18170,true,0.01,1
18177,true,0.01,1
18184,true,0.01,1
18191,true,0.01,1
18198,false,0.01,1
18205,true,0.01,1
18212,true,0.01,1
18220,true,0.01,1
18227,false,0.01,1
18231,true,0.01,1
18237,true,0.01,1
18244,true,0.01,1
18253,false,0.01,1
18261,true,0.01,1
18269,true,0.01,1
18276,true,0.01,1
18283,true,0.01,1
18291,true,0.01,1
18299,false,0.01,1
18304,true,0.01,1
18311,false,0.01,1
18318,true,0.01,1
18324,true,0.01,1
18331,true,0.01,1
18338,true,0.01,1
18345,true,0.01,1
18352,true,0.01,1
18359,true,0.01,1
18366,true,0.01,1
18373,true,0.01,1
18380,false,0.01,1
18387,true,0.01,1
18394,true,0.01,1
18401,false,0.01,1
18409,true,0.01,1
18416,true,0.01,1
18424,true,0.01,1
18431,true,0.01,1
18438,true,0.01,1
18444,true,0.01,1
18450,true,0.01,1
18458,true,0.01,1
18465,true,0.01,1
18471,true,0.01,1
18478,false,0.01,1
18486,true,0.01,1
18493,true,0.01,1
18500,true,0.01,1
18509,true,0.01,1
18517,true,0.01,1
18524,false,0.01,1
18528,true,0.01,1
18534,true,0.01,1
18539,true,0.01,1
18546,true,0.01,1
18552,true,0.01,1
18558,true,0.01,1
18564,true,0.01,1
18569,false,0.01,1
18574,true,0.01,1
18581,true,0.01,1
18587,false,0.01,1
18594,true,0.01,1
18600,true,0.01,1
18606,true,0.01,1
18610,true,0.01,1
18616,true,0.01,1
18621,true,0.01,1
18627,true,0.01,1
18633,true,0.01,1
18638,true,0.01,1
18644,false,0.01,1
18651,true,0.01,1
18656,true,0.01,1
18662,true,0.01,1
18668,true,0.01,1
18676,true,0.01,1
18683,true,0.01,1
18689,true,0.01,1
18695,true,0.01,1
18701,true,0.01,1
18707,true,0.01,1
18713,false,0.01,1
18717,true,0.01,1
18722,false,0.01,1
18727,true,0.01,1
18733,true,0.01,1
18739,false,0.01,1
18745,true,0.01,1
18750,true,0.01,1
18756,true,0.01,1
18762,true,0.01,1
18768,true,0.01,1
18773,true,0.01,1
18779,true,0.01,1
18786,true,0.01,1
18792,true,0.01,1
18798,true,0.01,1
18804,true,0.01,1
18809,true,0.01,1
18815,true,0.01,1
18821,true,0.01,1
18828,true,0.01,1
18834,true,0.01,1
18840,true,0.01,1
18845,true,0.01,1
18851,true,0.01,1
18857,true,0.01,1
18865,true,0.01,1
18871,true,0.01,1
18877,true,0.01,1
18884,true,0.01,1
#---------- Wed Nov 30 06:12:21 PST 2022 ----------
#Format: Task Counter Number,Did Simulation Succeed,Last Step Size Used,Number of Simulations Attempted
22545,true,0.01,1
22555,true,0.01,1
22565,true,0.01,1
22575,true,0.01,1
22585,true,0.01,1
22595,true,0.01,1
22605,true,0.01,1
22615,true,0.01,1
22628,false,0.01,1
22638,true,0.01,1
22648,true,0.01,1
22658,true,0.01,1
22665,true,0.01,1
22673,false,0.01,1
22683,true,0.01,1
22693,true,0.01,1
22703,true,0.01,1
22713,true,0.01,1
22723,true,0.01,1
22733,true,0.01,1
22741,true,0.01,1
22751,true,0.01,1
22761,true,0.01,1
22771,true,0.01,1
22781,true,0.01,1
22792,true,0.01,1
22802,true,0.01,1
22811,true,0.01,1
22822,true,0.01,1
22834,true,0.01,1
22842,false,0.01,1
22850,true,0.01,1
22862,false,0.01,1
22869,true,0.01,1
22880,true,0.01,1
22893,true,0.01,1
22903,true,0.01,1
22913,true,0.01,1
22920,true,0.01,1
22925,true,0.01,1
22937,true,0.01,1
22948,false,0.01,1
22956,false,0.01,1
22963,true,0.01,1
22976,true,0.01,1
22985,true,0.01,1
22994,true,0.01,1
23007,true,0.01,1
23015,true,0.01,1
23030,false,0.01,1
23035,true,0.01,1
23046,false,0.01,1
23052,true,0.01,1
23064,false,0.01,1
23073,false,0.01,1
23081,true,0.01,1
23095,false,0.01,1
23101,false,0.01,1
23112,true,0.01,1
23124,true,0.01,1
23131,true,0.01,1
23144,true,0.01,1
23152,true,0.01,1
23160,true,0.01,1
23168,true,0.01,1
23177,true,0.01,1
23193,true,0.01,1
23203,true,0.01,1
23213,true,0.01,1
23224,true,0.01,1
23233,true,0.01,1
23243,true,0.01,1
23251,false,0.01,1
23258,true,0.01,1
23274,true,0.01,1
23284,true,0.01,1
23294,true,0.01,1
23304,false,0.01,1
23315,true,0.01,1
23330,false,0.01,1
23339,false,0.01,1
23353,false,0.01,1
23360,false,0.01,1
23372,false,0.01,1
23379,false,0.01,1
23384,true,0.01,1
23399,false,0.01,1
23405,false,0.01,1
23418,true,0.01,1
23428,true,0.01,1
23438,true,0.01,1
23449,true,0.01,1
23459,true,0.01,1
23469,false,0.01,1
23476,true,0.01,1
23487,false,0.01,1
23494,false,0.01,1
23508,true,0.01,1
23518,true,0.01,1
23529,true,0.01,1
23539,true,0.01,1
23549,true,0.01,1
23559,false,0.01,1
23569,false,0.01,1
23579,false,0.01,1
23589,true,0.01,1
23599,true,0.01,1
23615,false,0.01,1
23624,false,0.01,1
23628,false,0.01,1
23639,false,0.01,1
23651,false,0.01,1
23657,false,0.01,1
23667,false,0.01,1
23671,true,0.01,1
23681,true,0.01,1
23691,false,0.01,1
23698,true,0.01,1
23710,false,0.01,1
23719,false,0.01,1
23731,false,0.01,1
23735,false,0.01,1
23751,true,0.01,1
23761,true,0.01,1
23771,true,0.01,1
23781,false,0.01,1
23796,true,0.01,1
23806,true,0.01,1
23816,false,0.01,1
23826,false,0.01,1
23836,false,0.01,1
23843,false,0.01,1
23859,true,0.01,1
23869,true,0.01,1
23879,true,0.01,1
23889,false,0.01,1
23898,false,0.01,1
23908,false,0.01,1
23920,false,0.01,1
23929,false,0.01,1
23940,true,0.01,1
23950,true,0.01,1
23960,false,0.01,1
23974,false,0.01,1
23980,false,0.01,1
23991,false,0.01,1
24000,false,0.01,1
24007,false,0.01,1
24020,false,0.01,1
24028,false,0.01,1
24037,false,0.01,1
24047,false,0.01,1
24057,false,0.01,1
24067,false,0.01,1
24078,true,0.01,1
24088,true,0.01,1
24098,true,0.01,1
24107,true,0.01,1
24117,true,0.01,1
24128,true,0.01,1
24137,true,0.01,1
24146,true,0.01,1
24156,true,0.01,1
24166,true,0.01,1
24176,true,0.01,1
24186,true,0.01,1
24194,true,0.01,1
24204,true,0.01,1
24214,true,0.01,1
24224,false,0.01,1
24234,true,0.01,1
24244,true,0.01,1
24254,true,0.01,1
24264,true,0.01,1
24274,true,0.01,1
24284,true,0.01,1
24294,true,0.01,1
24303,true,0.01,1
24313,true,0.01,1
24328,true,0.01,1
24337,false,0.01,1
24347,false,0.01,1
24352,true,0.01,1
24365,true,0.01,1
24374,true,0.01,1
24385,true,0.01,1
24395,true,0.01,1
24405,true,0.01,1
24415,true,0.01,1
24425,true,0.01,1
24435,true,0.01,1
24445,true,0.01,1
24454,true,0.01,1
24463,true,0.01,1
24472,true,0.01,1
24482,true,0.01,1
24493,true,0.01,1
24502,true,0.01,1
24511,true,0.01,1
24521,true,0.01,1
24531,true,0.01,1
24541,true,0.01,1
24551,true,0.01,1
24560,true,0.01,1
24570,false,0.01,1
24576,true,0.01,1
24586,true,0.01,1
24597,false,0.01,1
24604,true,0.01,1
24614,true,0.01,1
24625,true,0.01,1
24635,true,0.01,1
24644,true,0.01,1
24652,true,0.01,1
24660,true,0.01,1
24670,true,0.01,1
24679,true,0.01,1
24689,false,0.01,1
24699,true,0.01,1
24710,false,0.01,1
24723,false,0.01,1
24733,true,0.01,1
24743,true,0.01,1
24755,true,0.01,1
24764,true,0.01,1
24774,true,0.01,1
24783,true,0.01,1
24793,true,0.01,1
24805,false,0.01,1
24810,true,0.01,1
24822,false,0.01,1
24834,true,0.01,1
24843,true,0.01,1
24853,true,0.01,1
24866,true,0.01,1
24872,false,0.01,1
24882,true,0.01,1
24890,true,0.01,1
24903,true,0.01,1
24913,false,0.01,1
24923,true,0.01,1
24936,true,0.01,1
24944,true,0.01,1
24954,true,0.01,1
24963,true,0.01,1
24972,true,0.01,1
24981,true,0.01,1
24991,true,0.01,1
25000,true,0.01,1
25010,true,0.01,1
25020,true,0.01,1
25030,false,0.01,1
25035,true,0.01,1
25045,true,0.01,1
25057,false,0.01,1
25062,true,0.01,1
25074,true,0.01,1
25086,true,0.01,1
25096,false,0.01,1
25107,true,0.01,1
25114,true,0.01,1
25125,true,0.01,1
25133,true,0.01,1
25141,true,0.01,1
25150,true,0.01,1
25161,true,0.01,1
25169,true,0.01,1
25179,true,0.01,1
25189,true,0.01,1
25199,false,0.01,1
25209,true,0.01,1
25219,true,0.01,1
25228,true,0.01,1
25238,true,0.01,1
25248,true,0.01,1
25257,true,0.01,1
25266,true,0.01,1
25275,true,0.01,1
25287,true,0.01,1
25296,true,0.01,1
25306,true,0.01,1
25317,true,0.01,1
25329,true,0.01,1
25339,true,0.01,1
25349,true,0.01,1
25362,true,0.01,1
25372,true,0.01,1
25382,true,0.01,1
25397,true,0.01,1
25407,true,0.01,1
25417,true,0.01,1
25426,true,0.01,1
25438,true,0.01,1
25450,false,0.01,1
25456,true,0.01,1
25466,true,0.01,1
25479,true,0.01,1
25489,true,0.01,1
25499,true,0.01,1
25509,true,0.01,1
25519,false,0.01,1
25529,false,0.01,1
25539,true,0.01,1
25551,false,0.01,1
25557,true,0.01,1
25568,true,0.01,1
25578,false,0.01,1
25582,false,0.01,1
25598,false,0.01,1
25606,true,0.01,1
25617,true,0.01,1
25625,true,0.01,1
25638,true,0.01,1
25648,true,0.01,1
25658,true,0.01,1
25667,true,0.01,1
25677,true,0.01,1
25687,true,0.01,1
25697,true,0.01,1
25707,true,0.01,1
25717,true,0.01,1
25727,true,0.01,1
25737,true,0.01,1
25747,true,0.01,1
25757,true,0.01,1
25768,false,0.01,1
25773,false,0.01,1
25787,true,0.01,1
25801,false,0.01,1
25812,false,0.01,1
25816,true,0.01,1
25829,false,0.01,1
25840,false,0.01,1
25851,true,0.01,1
25865,false,0.01,1
25869,true,0.01,1
25878,true,0.01,1
25887,true,0.01,1
25895,true,0.01,1
25909,false,0.01,1
25915,true,0.01,1
25922,false,0.01,1
25931,false,0.01,1
25944,false,0.01,1
25956,true,0.01,1
25966,true,0.01,1
25976,true,0.01,1
25986,true,0.01,1
25996,true,0.01,1
26007,false,0.01,1
26020,false,0.01,1
26026,false,0.01,1
26033,true,0.01,1
26047,false,0.01,1
26055,false,0.01,1
26058,true,0.01,1
26068,true,0.01,1
26082,true,0.01,1
26093,false,0.01,1
26103,true,0.01,1
26115,false,0.01,1
26121,true,0.01,1
26133,false,0.01,1
26139,true,0.01,1
26151,false,0.01,1
26155,true,0.01,1
26172,true,0.01,1
26182,true,0.01,1
26193,true,0.01,1
26208,true,0.01,1
26218,true,0.01,1
26228,true,0.01,1
26238,true,0.01,1
26248,true,0.01,1
26255,true,0.01,1
26269,true,0.01,1
26277,true,0.01,1
26286,true,0.01,1
26293,true,0.01,1
26304,true,0.01,1
26315,true,0.01,1
26324,true,0.01,1
26333,true,0.01,1
26342,true,0.01,1
26351,true,0.01,1
26361,true,0.01,1
26371,true,0.01,1
26381,true,0.01,1
26392,true,0.01,1
26401,true,0.01,1
26410,true,0.01,1
26419,true,0.01,1
26429,true,0.01,1
26439,true,0.01,1
26449,true,0.01,1
26459,true,0.01,1
26468,true,0.01,1
26481,true,0.01,1
26491,true,0.01,1
26497,true,0.01,1
26508,true,0.01,1
26515,true,0.01,1
26526,true,0.01,1
26535,true,0.01,1
26550,true,0.01,1
26560,true,0.01,1
26569,true,0.01,1
26579,true,0.01,1
26589,true,0.01,1
26598,true,0.01,1
26608,true,0.01,1
26617,true,0.01,1
26627,true,0.01,1
26637,true,0.01,1
26647,true,0.01,1
26657,true,0.01,1
26667,false,0.01,1
26677,true,0.01,1
26687,true,0.01,1
26697,true,0.01,1
26707,true,0.01,1
26717,true,0.01,1
26727,true,0.01,1
26737,true,0.01,1
26747,true,0.01,1
26757,true,0.01,1
26767,true,0.01,1
26776,true,0.01,1
26785,true,0.01,1
26794,true,0.01,1
26803,true,0.01,1
26812,true,0.01,1
26822,true,0.01,1
26832,true,0.01,1
26842,true,0.01,1
26852,true,0.01,1
26862,true,0.01,1
26871,true,0.01,1
26882,true,0.01,1
26891,true,0.01,1
#---------- Wed Nov 30 08:05:21 PST 2022 ----------
#Format: Task Counter Number,Did Simulation Succeed,Last Step Size Used,Number of Simulations Attempted
27373,true,0.01,1
27382,true,0.01,1
27393,true,0.01,1
27402,true,0.01,1
27412,true,0.01,1
27422,true,0.01,1
27432,true,0.01,1
27439,true,0.01,1
27450,true,0.01,1
27456,true,0.01,1
27467,true,0.01,1
27477,true,0.01,1
27489,true,0.01,1
27496,true,0.01,1
27510,true,0.01,1
27520,true,0.01,1
27530,true,0.01,1
27538,true,0.01,1
27549,true,0.01,1
27557,true,0.01,1
27566,true,0.01,1
27579,true,0.01,1
27589,true,0.01,1
27599,true,0.01,1
27609,true,0.01,1
27619,true,0.01,1
27629,false,0.01,1
27639,true,0.01,1
27649,true,0.01,1
27659,true,0.01,1
27669,true,0.01,1
27678,true,0.01,1
27689,true,0.01,1
27698,true,0.01,1
27708,false,0.01,1
27718,false,0.01,1
27727,false,0.01,1
27738,true,0.01,1
27748,false,0.01,1
27758,true,0.01,1
27768,true,0.01,1
27778,true,0.01,1
27788,false,0.01,1
27797,true,0.01,1
27810,true,0.01,1
27816,false,0.01,1
27826,false,0.01,1
27840,true,0.01,1
27849,true,0.01,1
27856,true,0.01,1
27870,true,0.01,1
27879,true,0.01,1
27890,true,0.01,1
27900,true,0.01,1
27908,true,0.01,1
27921,true,0.01,1
27927,true,0.01,1
27935,true,0.01,1
27951,false,0.01,1
27961,false,0.01,1
27971,false,0.01,1
27977,false,0.01,1
27987,false,0.01,1
27996,false,0.01,1
28006,false,0.01,1
28016,false,0.01,1
28025,true,0.01,1
28034,false,0.01,1
28044,true,0.01,1
28053,true,0.01,1
28059,false,0.01,1
28069,false,0.01,1
28079,false,0.01,1
28093,true,0.01,1
28103,true,0.01,1
28113,false,0.01,1
28118,true,0.01,1
28132,false,0.01,1
28138,true,0.01,1
28152,true,0.01,1
28164,true,0.01,1
28171,true,0.01,1
28177,false,0.01,1
28189,false,0.01,1
28204,false,0.01,1
28214,false,0.01,1
28223,false,0.01,1
28227,true,0.01,1
28238,false,0.01,1
28252,true,0.01,1
28262,true,0.01,1
28271,false,0.01,1
28284,false,0.01,1
28291,false,0.01,1
28305,true,0.01,1
28316,true,0.01,1
28326,true,0.01,1
28336,true,0.01,1
28346,true,0.01,1
28356,false,0.01,1
28361,false,0.01,1
28377,true,0.01,1
28388,true,0.01,1
28394,false,0.01,1
28403,false,0.01,1
28414,true,0.01,1
28422,true,0.01,1
28431,false,0.01,1
28441,true,0.01,1
28451,false,0.01,1
28462,true,0.01,1
28472,true,0.01,1
28485,true,0.01,1
28497,true,0.01,1
28508,true,0.01,1
28516,true,0.01,1
28524,true,0.01,1
28533,true,0.01,1
28542,true,0.01,1
28551,true,0.01,1
28562,true,0.01,1
28574,true,0.01,1
28583,true,0.01,1
28590,true,0.01,1
28600,true,0.01,1
28609,true,0.01,1
28619,true,0.01,1
28628,true,0.01,1
28636,true,0.01,1
28646,true,0.01,1
28655,true,0.01,1
28664,true,0.01,1
28672,true,0.01,1
28681,true,0.01,1
28690,true,0.01,1
28698,true,0.01,1
28703,true,0.01,1
28716,true,0.01,1
28724,true,0.01,1
28729,true,0.01,1
28741,true,0.01,1
28749,true,0.01,1
28762,true,0.01,1
28769,true,0.01,1
28776,true,0.01,1
28783,true,0.01,1
28796,true,0.01,1
28803,true,0.01,1
28811,true,0.01,1
28825,true,0.01,1
28832,true,0.01,1
28843,false,0.01,1
28848,true,0.01,1
28855,false,0.01,1
28871,true,0.01,1
28880,true,0.01,1
28888,true,0.01,1
28898,true,0.01,1
28907,true,0.01,1
28916,true,0.01,1
28925,true,0.01,1
28934,true,0.01,1
28942,true,0.01,1
28949,true,0.01,1
28959,true,0.01,1
28969,true,0.01,1
28979,true,0.01,1
28987,true,0.01,1
28994,true,0.01,1
29000,true,0.01,1
29013,true,0.01,1
29022,true,0.01,1
29031,true,0.01,1
29039,true,0.01,1
29048,true,0.01,1
29058,true,0.01,1
29070,true,0.01,1
29081,false,0.01,1
29091,true,0.01,1
29101,true,0.01,1
29113,false,0.01,1
29120,true,0.01,1
29132,true,0.01,1
29143,true,0.01,1
29153,true,0.01,1
29165,true,0.01,1
29175,true,0.01,1
29184,true,0.01,1
29195,true,0.01,1
29209,true,0.01,1
29220,true,0.01,1
29227,true,0.01,1
29239,true,0.01,1
29246,true,0.01,1
29259,true,0.01,1
29269,true,0.01,1
29279,true,0.01,1
29291,true,0.01,1
29302,true,0.01,1
29313,true,0.01,1
29323,true,0.01,1
29333,true,0.01,1
29343,true,0.01,1
29356,true,0.01,1
29366,true,0.01,1
29376,true,0.01,1
29382,true,0.01,1
29396,true,0.01,1
29406,true,0.01,1
29415,true,0.01,1
29425,true,0.01,1
29435,true,0.01,1
29445,true,0.01,1
29455,true,0.01,1
29466,true,0.01,1
29479,true,0.01,1
29491,false,0.01,1
29499,false,0.01,1
29510,true,0.01,1
29520,true,0.01,1
29530,true,0.01,1
29540,true,0.01,1
29551,true,0.01,1
29560,true,0.01,1
29569,true,0.01,1
29578,true,0.01,1
29592,true,0.01,1
29602,true,0.01,1
29611,true,0.01,1
29621,true,0.01,1
29629,true,0.01,1
29635,true,0.01,1
29649,true,0.01,1
29658,true,0.01,1
29667,true,0.01,1
29676,true,0.01,1
29685,true,0.01,1
29694,true,0.01,1
29702,true,0.01,1
29718,true,0.01,1
29728,true,0.01,1
29738,true,0.01,1
29754,true,0.01,1
29764,true,0.01,1
29774,true,0.01,1
29784,true,0.01,1
29792,true,0.01,1
29805,true,0.01,1
29815,false,0.01,1
29823,false,0.01,1
29831,true,0.01,1
29845,true,0.01,1
29855,true,0.01,1
29865,true,0.01,1
29875,true,0.01,1
29885,true,0.01,1
29895,false,0.01,1
29905,false,0.01,1
29914,false,0.01,1
29922,false,0.01,1
29930,true,0.01,1
29942,false,0.01,1
29947,true,0.01,1
29959,false,0.01,1
29967,false,0.01,1
29975,true,0.01,1
29987,false,0.01,1
29995,false,0.01,1
30003,false,0.01,1
30013,false,0.01,1
30023,false,0.01,1
30034,true,0.01,1
30044,true,0.01,1
30057,false,0.01,1
30062,true,0.01,1
30079,true,0.01,1
30087,true,0.01,1
30098,true,0.01,1
30108,true,0.01,1
30119,true,0.01,1
30129,false,0.01,1
30139,false,0.01,1
30149,false,0.01,1
30159,true,0.01,1
30169,true,0.01,1
30183,false,0.01,1
30190,true,0.01,1
30203,false,0.01,1
30208,true,0.01,1
30222,true,0.01,1
30232,true,0.01,1
30242,true,0.01,1
30252,false,0.01,1
30262,true,0.01,1
30273,false,0.01,1
30282,false,0.01,1
30293,false,0.01,1
30299,false,0.01,1
30310,false,0.01,1
30316,false,0.01,1
30330,true,0.01,1
30340,true,0.01,1
30351,true,0.01,1
30361,true,0.01,1
30371,true,0.01,1
30381,false,0.01,1
30391,false,0.01,1
30400,false,0.01,1
30408,false,0.01,1
30416,false,0.01,1
30428,false,0.01,1
30438,true,0.01,1
30448,true,0.01,1
30458,false,0.01,1
30469,false,0.01,1
30481,false,0.01,1
30489,false,0.01,1
30500,false,0.01,1
30510,true,0.01,1
30520,true,0.01,1
30530,true,0.01,1
30540,false,0.01,1
30550,false,0.01,1
30562,false,0.01,1
30568,false,0.01,1
30580,false,0.01,1
30587,false,0.01,1
30601,true,0.01,1
30610,true,0.01,1
30620,true,0.01,1
30630,true,0.01,1
30641,false,0.01,1
30655,false,0.01,1
30665,false,0.01,1
30675,true,0.01,1
30685,true,0.01,1
30696,true,0.01,1
30707,true,0.01,1
30717,true,0.01,1
30729,true,0.01,1
30737,true,0.01,1
30749,true,0.01,1
30759,true,0.01,1
30768,true,0.01,1
30776,true,0.01,1
30787,true,0.01,1
30797,true,0.01,1
30807,true,0.01,1
30817,true,0.01,1
30827,true,0.01,1
30837,true,0.01,1
30849,true,0.01,1
30859,true,0.01,1
30869,true,0.01,1
30879,false,0.01,1
30889,false,0.01,1
30900,true,0.01,1
30910,true,0.01,1
30920,true,0.01,1
30930,true,0.01,1
30942,true,0.01,1
30952,true,0.01,1
30962,true,0.01,1
30972,true,0.01,1
30982,true,0.01,1
30990,true,0.01,1
31001,true,0.01,1
31011,true,0.01,1
31021,true,0.01,1
31031,true,0.01,1
31041,false,0.01,1
31051,true,0.01,1
31062,true,0.01,1
31069,true,0.01,1
31081,true,0.01,1
31092,true,0.01,1
31102,true,0.01,1
31110,true,0.01,1
31120,true,0.01,1
31131,false,0.01,1
31139,true,0.01,1
31147,true,0.01,1
31159,false,0.01,1
31168,false,0.01,1
31177,false,0.01,1
31187,true,0.01,1
31195,true,0.01,1
31204,true,0.01,1
31214,true,0.01,1
31224,true,0.01,1
31234,true,0.01,1
31245,true,0.01,1
31256,true,0.01,1
31266,false,0.01,1
31276,false,0.01,1
31286,true,0.01,1
31298,true,0.01,1
31307,true,0.01,1
31319,true,0.01,1
31327,true,0.01,1
31337,true,0.01,1
31347,true,0.01,1
31359,true,0.01,1
31369,true,0.01,1
31380,true,0.01,1
31390,true,0.01,1
31400,true,0.01,1
31411,false,0.01,1
31421,false,0.01,1
31429,false,0.01,1
31439,true,0.01,1
31452,true,0.01,1
31461,true,0.01,1
31471,true,0.01,1
31482,true,0.01,1
31492,false,0.01,1
31503,true,0.01,1
31513,true,0.01,1
31523,false,0.01,1
31534,true,0.01,1
31545,true,0.01,1
31555,true,0.01,1
31565,true,0.01,1
31575,true,0.01,1
31584,true,0.01,1
31593,true,0.01,1
31603,true,0.01,1
31614,true,0.01,1
31627,false,0.01,1
31639,true,0.01,1
31649,true,0.01,1
31663,false,0.01,1
31674,true,0.01,1
31686,true,0.01,1
31693,true,0.01,1
31706,true,0.01,1
31717,false,0.01,1
31725,true,0.01,1
31735,true,0.01,1
31748,true,0.01,1
#---------- Wed Nov 30 17:30:50 PST 2022 ----------
#Format: Task Counter Number,Did Simulation Succeed,Last Step Size Used,Number of Simulations Attempted
43777,false,0.01,1
43788,false,0.01,1
43798,true,0.01,1
43810,true,0.01,1
43824,true,0.01,1
43831,true,0.01,1
43843,true,0.01,1
43854,true,0.01,1
43862,true,0.01,1
43874,true,0.01,1
43884,true,0.01,1
43894,true,0.01,1
43905,true,0.01,1
43913,false,0.01,1
43924,true,0.01,1
43934,true,0.01,1
43943,true,0.01,1
43956,true,0.01,1
43966,true,0.01,1
43976,false,0.01,1
43985,false,0.01,1
43995,true,0.01,1
44005,true,0.01,1
44016,true,0.01,1
44028,false,0.01,1
44035,true,0.01,1
44048,false,0.01,1
44058,true,0.01,1
44068,true,0.01,1
44078,true,0.01,1
44088,false,0.01,1
44097,true,0.01,1
44107,true,0.01,1
44117,true,0.01,1
44127,true,0.01,1
44137,true,0.01,1
44147,false,0.01,1
44157,true,0.01,1
44166,true,0.01,1
44175,true,0.01,1
44185,true,0.01,1
44191,true,0.01,1
44202,true,0.01,1
44208,true,0.01,1
44218,true,0.01,1
44229,true,0.01,1
44243,true,0.01,1
44250,true,0.01,1
44262,false,0.01,1
44265,true,0.01,1
44276,true,0.01,1
44283,true,0.01,1
44294,true,0.01,1
44308,true,0.01,1
44315,false,0.01,1
44320,true,0.01,1
44331,false,0.01,1
44342,true,0.01,1
44350,true,0.01,1
44360,true,0.01,1
44369,true,0.01,1
44378,true,0.01,1
44386,true,0.01,1
44395,false,0.01,1
44404,true,0.01,1
44413,true,0.01,1
44421,true,0.01,1
44430,true,0.01,1
44439,true,0.01,1
44448,true,0.01,1
44456,true,0.01,1
44464,true,0.01,1
44470,false,0.01,1
44479,false,0.01,1
44487,false,0.01,1
44498,false,0.01,1
44502,true,0.01,1
44510,true,0.01,1
44524,false,0.01,1
44530,true,0.01,1
44538,true,0.01,1
44546,true,0.01,1
44557,true,0.01,1
44565,true,0.01,1
44573,true,0.01,1
44580,true,0.01,1
44588,false,0.01,1
44600,true,0.01,1
44609,true,0.01,1
44618,true,0.01,1
44627,true,0.01,1
44635,true,0.01,1
44644,true,0.01,1
44652,true,0.01,1
44658,true,0.01,1
44666,true,0.01,1
44674,true,0.01,1
44682,true,0.01,1
44690,true,0.01,1
44698,true,0.01,1
44705,true,0.01,1
44716,true,0.01,1
44724,true,0.01,1
44732,false,0.01,1
44739,true,0.01,1
44748,true,0.01,1
44756,true,0.01,1
44764,true,0.01,1
44772,true,0.01,1
44778,true,0.01,1
44786,false,0.01,1
44792,true,0.01,1
44800,true,0.01,1
44808,true,0.01,1
44815,true,0.01,1
44822,false,0.01,1
44831,false,0.01,1
44844,true,0.01,1
44850,true,0.01,1
44855,true,0.01,1
44863,true,0.01,1
44871,true,0.01,1
44879,false,0.01,1
44886,true,0.01,1
44893,true,0.01,1
44903,true,0.01,1
44914,true,0.01,1
44919,true,0.01,1
44927,true,0.01,1
44935,true,0.01,1
44943,true,0.01,1
44951,true,0.01,1
44959,true,0.01,1
44967,true,0.01,1
44975,false,0.01,1
44983,false,0.01,1
44990,true,0.01,1
44997,true,0.01,1
45003,true,0.01,1
45011,false,0.01,1
45017,true,0.01,1
45025,true,0.01,1
45032,true,0.01,1
45042,true,0.01,1
45049,true,0.01,1
45056,false,0.01,1
45064,false,0.01,1
45071,true,0.01,1
45079,true,0.01,1
45087,true,0.01,1
45093,true,0.01,1
45099,true,0.01,1
45107,true,0.01,1
45115,true,0.01,1
45123,false,0.01,1
45131,true,0.01,1
45138,true,0.01,1
45147,true,0.01,1
45152,false,0.01,1
45160,true,0.01,1
45168,true,0.01,1
45175,true,0.01,1
45180,true,0.01,1
45191,true,0.01,1
45201,false,0.01,1
45209,false,0.01,1
45217,false,0.01,1
45219,false,0.01,1
45232,true,0.01,1
45238,true,0.01,1
45251,true,0.01,1
45257,true,0.01,1
45268,true,0.01,1
45273,true,0.01,1
45286,true,0.01,1
45294,true,0.01,1
45300,true,0.01,1
45308,false,0.01,1
45321,true,0.01,1
45325,true,0.01,1
45336,false,0.01,1
45343,true,0.01,1
45354,true,0.01,1
45362,false,0.01,1
45369,true,0.01,1
45382,true,0.01,1
45386,true,0.01,1
45393,true,0.01,1
45401,true,0.01,1
45409,true,0.01,1
45417,true,0.01,1
45425,true,0.01,1
45433,true,0.01,1
45443,false,0.01,1
45452,false,0.01,1
45460,false,0.01,1
45468,false,0.01,1
45471,true,0.01,1
45485,true,0.01,1
45490,true,0.01,1
45502,true,0.01,1
45506,true,0.01,1
45521,true,0.01,1
45524,false,0.01,1
45532,true,0.01,1
45546,true,0.01,1
45552,true,0.01,1
45559,true,0.01,1
45570,true,0.01,1
45577,true,0.01,1
45587,true,0.01,1
45600,false,0.01,1
45607,false,0.01,1
45613,true,0.01,1
45625,true,0.01,1
45633,true,0.01,1
45641,true,0.01,1
45651,true,0.01,1
45659,true,0.01,1
45666,true,0.01,1
45675,true,0.01,1
45683,true,0.01,1
45693,false,0.01,1
45698,false,0.01,1
45703,false,0.01,1
45711,false,0.01,1
45715,true,0.01,1
45726,true,0.01,1
45730,false,0.01,1
45738,false,0.01,1
45743,true,0.01,1
45751,true,0.01,1
45761,true,0.01,1
45771,false,0.01,1
45780,false,0.01,1
45783,false,0.01,1
45790,false,0.01,1
45799,false,0.01,1
45807,false,0.01,1
45815,true,0.01,1
45823,true,0.01,1
45828,true,0.01,1
45838,true,0.01,1
45850,false,0.01,1
45857,false,0.01,1
45867,true,0.01,1
45873,true,0.01,1
45881,false,0.01,1
45889,false,0.01,1
45897,false,0.01,1
45905,true,0.01,1
45914,true,0.01,1
45922,true,0.01,1
45929,false,0.01,1
45939,true,0.01,1
45946,true,0.01,1
45954,true,0.01,1
45963,true,0.01,1
45974,false,0.01,1
45980,true,0.01,1
45988,true,0.01,1
45996,true,0.01,1
46004,true,0.01,1
46008,true,0.01,1
46016,true,0.01,1
46024,true,0.01,1
46032,true,0.01,1
46040,true,0.01,1
46048,true,0.01,1
46056,true,0.01,1
46062,true,0.01,1
46070,true,0.01,1
46078,true,0.01,1
46086,true,0.01,1
46094,true,0.01,1
46103,true,0.01,1
46110,true,0.01,1
46115,true,0.01,1
46122,true,0.01,1
46129,true,0.01,1
46135,true,0.01,1
46142,true,0.01,1
46149,true,0.01,1
46156,true,0.01,1
46163,true,0.01,1
46170,true,0.01,1
46178,true,0.01,1
46185,true,0.01,1
46192,true,0.01,1
46198,true,0.01,1
46205,true,0.01,1
46212,true,0.01,1
46218,true,0.01,1
46226,true,0.01,1
46233,true,0.01,1
46242,true,0.01,1
46249,true,0.01,1
46256,true,0.01,1
46263,true,0.01,1
46270,true,0.01,1
46278,true,0.01,1
46285,true,0.01,1
46292,true,0.01,1
46299,true,0.01,1
46304,true,0.01,1
46311,true,0.01,1
46318,true,0.01,1
46325,true,0.01,1
46335,true,0.01,1
46340,true,0.01,1
46347,true,0.01,1
46353,true,0.01,1
46360,false,0.01,1
46369,true,0.01,1
46376,true,0.01,1
46383,true,0.01,1
46388,true,0.01,1
46395,true,0.01,1
46402,true,0.01,1
46408,true,0.01,1
46415,false,0.01,1
46422,true,0.01,1
46431,true,0.01,1
46440,true,0.01,1
46447,true,0.01,1
46454,true,0.01,1
46461,true,0.01,1
46468,true,0.01,1
46474,true,0.01,1
46480,true,0.01,1
46487,true,0.01,1
46494,true,0.01,1
46501,true,0.01,1
46508,true,0.01,1
46516,true,0.01,1
46521,true,0.01,1
46528,true,0.01,1
46535,true,0.01,1
46542,true,0.01,1
46549,true,0.01,1
46555,true,0.01,1
46563,true,0.01,1
46572,true,0.01,1
46579,true,0.01,1
46586,false,0.01,1
46592,true,0.01,1
46598,true,0.01,1
46604,false,0.01,1
46610,true,0.01,1
46616,true,0.01,1
46622,true,0.01,1
46627,true,0.01,1
46633,true,0.01,1
46639,true,0.01,1
46645,true,0.01,1
46651,true,0.01,1
46658,true,0.01,1
46664,true,0.01,1
46670,true,0.01,1
46678,true,0.01,1
46684,true,0.01,1
46691,true,0.01,1
46696,true,0.01,1
46701,false,0.01,1
46708,true,0.01,1
46714,true,0.01,1
46718,true,0.01,1
46724,true,0.01,1
46730,true,0.01,1
46737,true,0.01,1
46745,true,0.01,1
46750,true,0.01,1
46756,true,0.01,1
46762,true,0.01,1
46767,true,0.01,1
46773,true,0.01,1
46779,true,0.01,1
46786,true,0.01,1
46792,true,0.01,1
46799,true,0.01,1
46805,true,0.01,1
46811,true,0.01,1
46817,true,0.01,1
46823,true,0.01,1
46829,true,0.01,1
46835,true,0.01,1
46841,true,0.01,1
46847,true,0.01,1
46853,true,0.01,1
46859,true,0.01,1
46865,true,0.01,1
46871,true,0.01,1
46876,true,0.01,1
46881,true,0.01,1
46889,true,0.01,1
46895,true,0.01,1
46901,true,0.01,1
46906,true,0.01,1
46912,true,0.01,1
46918,true,0.01,1
46926,true,0.01,1
46933,true,0.01,1
46939,true,0.01,1
46944,true,0.01,1
46950,true,0.01,1
46956,true,0.01,1
46961,true,0.01,1
46967,true,0.01,1
46971,true,0.01,1
46977,true,0.01,1
46984,true,0.01,1
46990,true,0.01,1
46997,true,0.01,1
47003,true,0.01,1
47009,true,0.01,1
47013,true,0.01,1
47019,true,0.01,1
47025,true,0.01,1
47031,true,0.01,1
47037,true,0.01,1
47043,true,0.01,1
47049,true,0.01,1
47055,true,0.01,1
47062,true,0.01,1
47068,true,0.01,1
47075,true,0.01,1
47080,true,0.01,1
47088,true,0.01,1
47094,true,0.01,1
47100,true,0.01,1
47106,true,0.01,1
47112,true,0.01,1
47118,true,0.01,1
47124,true,0.01,1
47130,true,0.01,1
47136,true,0.01,1
47142,true,0.01,1
47148,true,0.01,1
47154,true,0.01,1
47160,true,0.01,1
47166,true,0.01,1
47172,true,0.01,1
47178,true,0.01,1
47184,true,0.01,1
47190,true,0.01,1
47196,true,0.01,1
47202,true,0.01,1
47210,true,0.01,1
47216,true,0.01,1
47224,true,0.01,1
47230,true,0.01,1
47236,true,0.01,1
47242,true,0.01,1
47249,true,0.01,1
47255,true,0.01,1
47260,true,0.01,1
47266,true,0.01,1
47272,true,0.01,1
47278,true,0.01,1
47284,true,0.01,1
47291,true,0.01,1
47297,true,0.01,1
47303,true,0.01,1
47309,true,0.01,1
47315,true,0.01,1
47321,true,0.01,1
47327,true,0.01,1
47333,true,0.01,1
47339,true,0.01,1
47345,true,0.01,1
47351,true,0.01,1
47357,true,0.01,1
47363,true,0.01,1
47369,true,0.01,1
47375,true,0.01,1
47381,true,0.01,1
47387,true,0.01,1
47393,true,0.01,1
47399,true,0.01,1
47405,false,0.01,1
47411,true,0.01,1
47417,true,0.01,1
47422,false,0.01,1
47430,true,0.01,1
47438,true,0.01,1
47443,false,0.01,1
47450,false,0.01,1
47456,true,0.01,1
47462,true,0.01,1
47468,true,0.01,1
47474,true,0.01,1
47478,true,0.01,1
47485,true,0.01,1
47490,true,0.01,1
47497,true,0.01,1
47502,true,0.01,1
47508,true,0.01,1
47514,true,0.01,1
47521,true,0.01,1
47527,true,0.01,1
47532,true,0.01,1
47538,true,0.01,1
47544,true,0.01,1
47550,true,0.01,1
47556,true,0.01,1
47562,true,0.01,1
47568,true,0.01,1
47574,true,0.01,1
47580,false,0.01,1
47586,true,0.01,1
47592,true,0.01,1
47598,true,0.01,1
47606,true,0.01,1
47612,true,0.01,1
47617,true,0.01,1
47624,true,0.01,1
47631,true,0.01,1
47636,true,0.01,1
47641,true,0.01,1
47647,true,0.01,1
47653,true,0.01,1
47660,true,0.01,1
47666,false,0.01,1
47675,true,0.01,1
47680,true,0.01,1
47686,true,0.01,1
47692,true,0.01,1
47699,true,0.01,1
47703,true,0.01,1
47709,true,0.01,1
47715,true,0.01,1
47721,true,0.01,1
47727,true,0.01,1
47734,true,0.01,1
47739,true,0.01,1
47745,true,0.01,1
47751,true,0.01,1
47757,true,0.01,1
47763,true,0.01,1
47769,true,0.01,1
47777,true,0.01,1
47783,true,0.01,1
47789,true,0.01,1
47793,true,0.01,1
47799,true,0.01,1
47805,true,0.01,1
47811,true,0.01,1
47818,true,0.01,1
47824,true,0.01,1
47830,true,0.01,1
47835,true,0.01,1
47841,true,0.01,1
47847,true,0.01,1
47854,true,0.01,1
47860,true,0.01,1
47866,true,0.01,1
47872,true,0.01,1
47878,true,0.01,1
47883,true,0.01,1
47889,true,0.01,1
47895,true,0.01,1
47901,true,0.01,1
47907,true,0.01,1
47913,true,0.01,1
47919,true,0.01,1
47925,true,0.01,1
47931,true,0.01,1
47937,true,0.01,1
47943,true,0.01,1
47949,true,0.01,1
47956,true,0.01,1
47962,true,0.01,1
47967,false,0.01,1
47973,true,0.01,1
47979,true,0.01,1
47985,true,0.01,1
47991,true,0.01,1
47997,true,0.01,1
48003,false,0.01,1
48010,true,0.01,1
48016,true,0.01,1
48022,true,0.01,1
48029,true,0.01,1
48035,true,0.01,1
48041,false,0.01,1
48045,true,0.01,1
48051,true,0.01,1
48057,true,0.01,1
48063,true,0.01,1
48069,true,0.01,1
48075,false,0.01,1
48081,true,0.01,1
48087,true,0.01,1
48093,false,0.01,1
48101,true,0.01,1
48105,true,0.01,1
48111,true,0.01,1
48117,true,0.01,1
48123,true,0.01,1
48130,true,0.01,1
48136,true,0.01,1
48143,false,0.01,1
48148,true,0.01,1
48154,true,0.01,1
48160,false,0.01,1
48166,true,0.01,1
48172,true,0.01,1
48177,false,0.01,1
48183,true,0.01,1
48189,true,0.01,1
48195,true,0.01,1
48201,true,0.01,1
48206,false,0.01,1
48213,true,0.01,1
48219,false,0.01,1
48225,true,0.01,1
48230,true,0.01,1
48236,true,0.01,1
48242,true,0.01,1
48248,true,0.01,1
48255,true,0.01,1
48260,true,0.01,1
48268,true,0.01,1
48273,true,0.01,1
48279,true,0.01,1
48284,true,0.01,1
48290,true,0.01,1
48296,false,0.01,1
48303,false,0.01,1
48310,true,0.01,1
48316,true,0.01,1
48323,true,0.01,1
48328,true,0.01,1
48334,true,0.01,1
48340,true,0.01,1
48346,true,0.01,1
48352,true,0.01,1
48358,true,0.01,1
48365,true,0.01,1
48371,true,0.01,1
48378,true,0.01,1
48384,true,0.01,1
48391,true,0.01,1
48397,true,0.01,1
48403,false,0.01,1
48410,true,0.01,1
48416,true,0.01,1
48418,true,0.01,1
48424,true,0.01,1
48431,false,0.01,1
48436,true,0.01,1
48444,true,0.01,1
48449,true,0.01,1
48458,false,0.01,1
48464,true,0.01,1
48470,true,0.01,1
48476,true,0.01,1
48482,true,0.01,1
48488,true,0.01,1
48494,true,0.01,1
48502,true,0.01,1
48508,true,0.01,1
48514,true,0.01,1
48518,true,0.01,1
48524,true,0.01,1
48530,false,0.01,1
48538,false,0.01,1
48544,true,0.01,1
48550,true,0.01,1
48556,true,0.01,1
48562,true,0.01,1
48568,true,0.01,1
48574,true,0.01,1
48580,true,0.01,1
48586,true,0.01,1
48592,true,0.01,1
48598,true,0.01,1
48604,true,0.01,1
48610,false,0.01,1
48617,true,0.01,1
48623,true,0.01,1
48629,false,0.01,1
48633,true,0.01,1
48639,true,0.01,1
48645,true,0.01,1
48651,true,0.01,1
48657,true,0.01,1
48664,true,0.01,1
48670,true,0.01,1
48675,true,0.01,1
48682,true,0.01,1
48687,true,0.01,1
48694,true,0.01,1
48702,true,0.01,1
48708,true,0.01,1
48714,true,0.01,1
48720,true,0.01,1
48727,true,0.01,1
48732,true,0.01,1
48738,true,0.01,1
48744,true,0.01,1
48751,true,0.01,1
48756,true,0.01,1
48763,false,0.01,1
48769,false,0.01,1
48775,true,0.01,1
48781,false,0.01,1
48787,true,0.01,1
48793,true,0.01,1
48799,false,0.01,1
48805,true,0.01,1
48811,true,0.01,1
48817,true,0.01,1
48822,true,0.01,1
48828,true,0.01,1
48832,true,0.01,1
48838,true,0.01,1
48844,false,0.01,1
48849,true,0.01,1
48855,true,0.01,1
48861,true,0.01,1
48869,true,0.01,1
48875,true,0.01,1
48882,true,0.01,1
48887,true,0.01,1
48893,true,0.01,1
48902,true,0.01,1
48910,true,0.01,1
48916,false,0.01,1
48922,true,0.01,1
48929,true,0.01,1
48933,true,0.01,1
48939,true,0.01,1
48945,true,0.01,1
48950,true,0.01,1
48956,true,0.01,1
48962,true,0.01,1
48969,true,0.01,1
48976,true,0.01,1
48981,true,0.01,1
48986,true,0.01,1
48992,true,0.01,1
48998,false,0.01,1
49005,true,0.01,1
49011,true,0.01,1
49017,true,0.01,1
49023,true,0.01,1
49031,true,0.01,1
49035,true,0.01,1
49042,true,0.01,1
49049,true,0.01,1
49056,true,0.01,1
49062,true,0.01,1
49068,true,0.01,1
49073,true,0.01,1
49079,true,0.01,1
49086,false,0.01,1
49092,true,0.01,1
49097,false,0.01,1
49101,true,0.01,1
49107,true,0.01,1
49113,true,0.01,1
49119,true,0.01,1
49125,true,0.01,1
49131,true,0.01,1
49139,true,0.01,1
49145,true,0.01,1
49153,true,0.01,1
49158,true,0.01,1
49165,true,0.01,1
49171,true,0.01,1
49177,true,0.01,1
49183,true,0.01,1
49188,true,0.01,1
49196,true,0.01,1
49202,true,0.01,1
49208,true,0.01,1
49213,true,0.01,1
49220,true,0.01,1
49225,true,0.01,1
49229,true,0.01,1
49235,true,0.01,1
49241,true,0.01,1
49247,true,0.01,1
49253,true,0.01,1
49259,true,0.01,1
49266,true,0.01,1
49272,true,0.01,1
49278,true,0.01,1
49282,true,0.01,1
49288,true,0.01,1
49295,true,0.01,1
49302,true,0.01,1
49310,true,0.01,1
49315,true,0.01,1
49322,true,0.01,1
49328,true,0.01,1
49334,true,0.01,1
49339,false,0.01,1
49344,true,0.01,1
49350,true,0.01,1
49356,true,0.01,1
49363,true,0.01,1
49369,true,0.01,1
49376,false,0.01,1
49382,true,0.01,1
49388,true,0.01,1
49394,true,0.01,1
49402,true,0.01,1
49411,true,0.01,1
49418,true,0.01,1
49424,true,0.01,1
49430,true,0.01,1
49435,true,0.01,1
49441,true,0.01,1
49447,true,0.01,1
49453,true,0.01,1
49459,true,0.01,1
49465,true,0.01,1
49471,true,0.01,1
49477,true,0.01,1
49483,true,0.01,1
49490,true,0.01,1
49496,true,0.01,1
49502,true,0.01,1
49511,true,0.01,1
49516,false,0.01,1
49523,true,0.01,1
49529,true,0.01,1
49536,true,0.01,1
49543,true,0.01,1
49549,true,0.01,1
49555,true,0.01,1
49561,true,0.01,1
49567,true,0.01,1
49573,false,0.01,1
49583,true,0.01,1
49591,false,0.01,1
49597,true,0.01,1
49606,false,0.01,1
49612,true,0.01,1
49621,true,0.01,1
49635,false,0.01,1
49639,true,0.01,1
49653,true,0.01,1
49663,true,0.01,1
49674,true,0.01,1
49682,true,0.01,1
49694,true,0.01,1
49700,true,0.01,1
49715,true,0.01,1
49724,false,0.01,1
49731,true,0.01,1
49740,false,0.01,1
49750,false,0.01,1
49760,true,0.01,1
49770,true,0.01,1
49780,true,0.01,1
49790,true,0.01,1
49799,true,0.01,1
49806,true,0.01,1
49817,false,0.01,1
49828,true,0.01,1
49837,false,0.01,1
49846,true,0.01,1
49855,true,0.01,1
49866,false,0.01,1
49877,false,0.01,1
49888,false,0.01,1
49898,false,0.01,1
49908,true,0.01,1
49916,true,0.01,1
49928,true,0.01,1
49937,true,0.01,1
49945,true,0.01,1
49953,true,0.01,1
49965,false,0.01,1
49976,true,0.01,1
49983,false,0.01,1
49988,true,0.01,1
49999,true,0.01,1
50012,false,0.01,1
50020,false,0.01,1
50028,false,0.01,1
50043,true,0.01,1
50053,true,0.01,1
50064,false,0.01,1
50073,false,0.01,1
50082,false,0.01,1
50090,true,0.01,1
50102,false,0.01,1
50113,true,0.01,1
50122,true,0.01,1
50134,true,0.01,1
50143,false,0.01,1
50157,true,0.01,1
50167,true,0.01,1
50177,true,0.01,1
50186,true,0.01,1
50197,true,0.01,1
50206,true,0.01,1
50216,true,0.01,1
50227,false,0.01,1
50232,true,0.01,1
50247,true,0.01,1
50257,true,0.01,1
50267,true,0.01,1
50277,true,0.01,1
50289,false,0.01,1
50298,false,0.01,1
50307,false,0.01,1
50317,true,0.01,1
50330,false,0.01,1
50335,true,0.01,1
50348,false,0.01,1
50358,true,0.01,1
50368,false,0.01,1
50378,false,0.01,1
50390,true,0.01,1
50402,true,0.01,1
50412,true,0.01,1
50421,true,0.01,1
50435,true,0.01,1
50443,true,0.01,1
50453,true,0.01,1
50463,false,0.01,1
50473,false,0.01,1
50483,false,0.01,1
50494,true,0.01,1
50504,true,0.01,1
50513,true,0.01,1
50523,true,0.01,1
50533,true,0.01,1
50542,true,0.01,1
50551,true,0.01,1
50564,false,0.01,1
50571,false,0.01,1
50577,true,0.01,1
50588,true,0.01,1
50600,false,0.01,1
50610,true,0.01,1
50620,true,0.01,1
50631,true,0.01,1
50641,true,0.01,1
50650,true,0.01,1
50660,true,0.01,1
50670,false,0.01,1
50684,true,0.01,1
50694,true,0.01,1
50704,true,0.01,1
50714,true,0.01,1
50724,false,0.01,1
50734,false,0.01,1
50744,true,0.01,1
50754,true,0.01,1
50766,true,0.01,1
50776,true,0.01,1
50786,true,0.01,1
50797,false,0.01,1
50808,true,0.01,1
50818,false,0.01,1
50828,false,0.01,1
50838,true,0.01,1
50849,true,0.01,1
50860,false,0.01,1
50864,false,0.01,1
50876,true,0.01,1
50887,true,0.01,1
50899,true,0.01,1
50908,true,0.01,1
50920,true,0.01,1
50927,true,0.01,1
50936,true,0.01,1
50945,true,0.01,1
50955,true,0.01,1
50965,true,0.01,1
50975,true,0.01,1
50985,false,0.01,1
50994,false,0.01,1
51003,true,0.01,1
51013,true,0.01,1
51026,true,0.01,1
51037,false,0.01,1
51046,true,0.01,1
51057,true,0.01,1
51068,false,0.01,1
51069,true,0.01,1
51078,true,0.01,1
51087,true,0.01,1
51096,true,0.01,1
51106,true,0.01,1
51114,true,0.01,1
51124,true,0.01,1
51133,true,0.01,1
51143,true,0.01,1
51154,true,0.01,1
51161,true,0.01,1
51171,true,0.01,1
51178,true,0.01,1
51188,true,0.01,1
51200,false,0.01,1
51209,false,0.01,1
51220,true,0.01,1
51229,true,0.01,1
51238,false,0.01,1
51253,true,0.01,1
51262,true,0.01,1
51270,true,0.01,1
51278,true,0.01,1
51288,true,0.01,1
51296,true,0.01,1
51308,true,0.01,1
51316,true,0.01,1
51327,true,0.01,1
51338,false,0.01,1
51345,false,0.01,1
51356,false,0.01,1
51365,false,0.01,1
51373,false,0.01,1
51383,false,0.01,1
51392,false,0.01,1
51399,true,0.01,1
51410,true,0.01,1
51418,true,0.01,1
51428,true,0.01,1
51438,true,0.01,1
51446,true,0.01,1
51459,true,0.01,1
51466,true,0.01,1
51474,true,0.01,1
51484,true,0.01,1
51493,true,0.01,1
51501,true,0.01,1
51507,true,0.01,1
51517,false,0.01,1
51526,false,0.01,1
51536,false,0.01,1
51543,false,0.01,1
51553,false,0.01,1
51563,false,0.01,1
51568,true,0.01,1
51575,true,0.01,1
51589,false,0.01,1
51597,true,0.01,1
51607,false,0.01,1
51614,true,0.01,1
51624,true,0.01,1
51634,false,0.01,1
51641,true,0.01,1
51649,true,0.01,1
51656,true,0.01,1
51668,true,0.01,1
51676,true,0.01,1
51681,true,0.01,1
51689,true,0.01,1
51704,true,0.01,1
51712,true,0.01,1
51717,true,0.01,1
51729,true,0.01,1
51735,true,0.01,1
51741,true,0.01,1
51751,true,0.01,1
51764,false,0.01,1
51771,true,0.01,1
51784,true,0.01,1
51797,false,0.01,1
51798,true,0.01,1
51813,false,0.01,1
51822,false,0.01,1
51828,true,0.01,1
51835,false,0.01,1
51845,false,0.01,1
51852,true,0.01,1
51865,true,0.01,1
51874,true,0.01,1
51882,true,0.01,1
51891,false,0.01,1
51896,true,0.01,1
51913,false,0.01,1
51915,true,0.01,1
51928,true,0.01,1
51935,false,0.01,1
51941,true,0.01,1
51955,true,0.01,1
51963,true,0.01,1
51971,true,0.01,1
51978,true,0.01,1
51984,true,0.01,1
51999,true,0.01,1
52003,false,0.01,1
52012,false,0.01,1
52014,true,0.01,1
52029,false,0.01,1
52033,true,0.01,1
52046,true,0.01,1
52054,false,0.01,1
52062,true,0.01,1
52068,true,0.01,1
52084,false,0.01,1
52093,false,0.01,1
52100,false,0.01,1
52110,false,0.01,1
52115,true,0.01,1
52128,false,0.01,1
52129,false,0.01,1
52138,true,0.01,1
52154,true,0.01,1
52161,true,0.01,1
52169,false,0.01,1
52174,true,0.01,1
52187,false,0.01,1
52197,true,0.01,1
52205,true,0.01,1
52212,true,0.01,1
52219,true,0.01,1
52233,true,0.01,1
52239,true,0.01,1
52247,false,0.01,1
52257,false,0.01,1
52274,true,0.01,1
52283,false,0.01,1
52292,false,0.01,1
52301,false,0.01,1
52307,true,0.01,1
52319,false,0.01,1
52322,true,0.01,1
52335,false,0.01,1
52339,true,0.01,1
52350,true,0.01,1
52355,true,0.01,1
52369,true,0.01,1
52377,true,0.01,1
52381,true,0.01,1
52396,true,0.01,1
52403,true,0.01,1
52411,false,0.01,1
52423,false,0.01,1
52427,true,0.01,1
52441,false,0.01,1
52446,true,0.01,1
52455,true,0.01,1
52461,true,0.01,1
52477,false,0.01,1
52487,false,0.01,1
52495,true,0.01,1
52501,true,0.01,1
52510,true,0.01,1
52519,true,0.01,1
52528,true,0.01,1
52536,true,0.01,1
52550,true,0.01,1
52556,true,0.01,1
52562,false,0.01,1
52570,true,0.01,1
52585,true,0.01,1
52593,true,0.01,1
52599,true,0.01,1
52606,true,0.01,1
52620,true,0.01,1
52629,true,0.01,1
52637,true,0.01,1
52645,true,0.01,1
52652,false,0.01,1
52661,false,0.01,1
52675,true,0.01,1
52684,true,0.01,1
52689,true,0.01,1
52696,false,0.01,1
52709,true,0.01,1
52718,true,0.01,1
52725,true,0.01,1
52733,false,0.01,1
52746,true,0.01,1
52754,true,0.01,1
52760,true,0.01,1
52768,true,0.01,1
52776,true,0.01,1
52793,true,0.01,1
52799,true,0.01,1
52806,true,0.01,1
52819,true,0.01,1
52828,true,0.01,1
52837,false,0.01,1
52847,true,0.01,1
52856,true,0.01,1
52865,true,0.01,1
52874,true,0.01,1
52880,true,0.01,1
52888,true,0.01,1
52896,true,0.01,1
52904,false,0.01,1
52917,true,0.01,1
52925,true,0.01,1
52937,true,0.01,1
52943,true,0.01,1
52952,true,0.01,1
52963,true,0.01,1
52970,true,0.01,1
52982,false,0.01,1
52991,true,0.01,1
52999,true,0.01,1
53007,true,0.01,1
53017,true,0.01,1
53025,true,0.01,1
53030,false,0.01,1
53041,true,0.01,1
53051,true,0.01,1
53056,true,0.01,1
53068,true,0.01,1
53078,true,0.01,1
53087,true,0.01,1
53094,true,0.01,1
53102,true,0.01,1
53111,true,0.01,1
53125,true,0.01,1
53134,true,0.01,1
53143,true,0.01,1
53150,true,0.01,1
53159,true,0.01,1
53167,true,0.01,1
53175,true,0.01,1
#---------- Wed Nov 30 23:18:44 PST 2022 ----------
#Format: Task Counter Number,Did Simulation Succeed,Last Step Size Used,Number of Simulations Attempted
55819,true,0.01,1
55829,true,0.01,1
55843,true,0.01,1
55855,true,0.01,1
55865,true,0.01,1
55875,true,0.01,1
55885,true,0.01,1
55895,true,0.01,1
55906,true,0.01,1
55917,true,0.01,1
55929,true,0.01,1
55939,true,0.01,1
55949,true,0.01,1
55960,true,0.01,1
55968,true,0.01,1
55977,true,0.01,1
55986,true,0.01,1
55993,true,0.01,1
56004,true,0.01,1
56015,true,0.01,1
56025,true,0.01,1
56035,true,0.01,1
56045,true,0.01,1
56058,true,0.01,1
56066,true,0.01,1
56077,true,0.01,1
56087,true,0.01,1
56097,true,0.01,1
56107,true,0.01,1
56117,true,0.01,1
56130,true,0.01,1
56141,false,0.01,1
56151,false,0.01,1
56156,false,0.01,1
56168,true,0.01,1
56180,true,0.01,1
56192,true,0.01,1
56207,false,0.01,1
56218,true,0.01,1
56228,true,0.01,1
56239,true,0.01,1
56249,true,0.01,1
56259,true,0.01,1
56269,true,0.01,1
56280,true,0.01,1
56287,true,0.01,1
56300,true,0.01,1
56311,true,0.01,1
56318,true,0.01,1
56328,true,0.01,1
56339,true,0.01,1
56349,true,0.01,1
56359,true,0.01,1
56369,true,0.01,1
56380,true,0.01,1
56388,true,0.01,1
56398,true,0.01,1
56410,false,0.01,1
56422,false,0.01,1
56425,true,0.01,1
56439,false,0.01,1
56442,true,0.01,1
56456,true,0.01,1
56463,true,0.01,1
56474,true,0.01,1
56484,true,0.01,1
56494,true,0.01,1
56504,true,0.01,1
56515,true,0.01,1
56523,true,0.01,1
56531,true,0.01,1
56546,false,0.01,1
56556,true,0.01,1
56566,true,0.01,1
56576,true,0.01,1
56586,true,0.01,1
56596,true,0.01,1
56606,true,0.01,1
56616,true,0.01,1
56625,false,0.01,1
56637,false,0.01,1
56641,true,0.01,1
56651,true,0.01,1
56660,true,0.01,1
56669,true,0.01,1
56679,true,0.01,1
56687,true,0.01,1
56700,true,0.01,1
56711,true,0.01,1
56720,true,0.01,1
56731,true,0.01,1
56741,true,0.01,1
56749,true,0.01,1
56759,true,0.01,1
56768,true,0.01,1
56777,true,0.01,1
56784,true,0.01,1
56797,false,0.01,1
56804,true,0.01,1
56817,true,0.01,1
56828,true,0.01,1
56838,true,0.01,1
56848,true,0.01,1
56858,true,0.01,1
56868,false,0.01,1
56878,true,0.01,1
56889,false,0.01,1
56894,true,0.01,1
56904,true,0.01,1
56919,true,0.01,1
56929,true,0.01,1
56939,true,0.01,1
56948,true,0.01,1
56960,true,0.01,1
56970,true,0.01,1
56981,false,0.01,1
56989,true,0.01,1
57000,true,0.01,1
57011,true,0.01,1
57021,true,0.01,1
57030,true,0.01,1
57039,true,0.01,1
57049,true,0.01,1
57058,true,0.01,1
57068,true,0.01,1
57077,true,0.01,1
57086,true,0.01,1
57096,false,0.01,1
57106,false,0.01,1
57119,true,0.01,1
57128,true,0.01,1
57139,true,0.01,1
57150,false,0.01,1
57155,false,0.01,1
57170,true,0.01,1
57180,true,0.01,1
57190,true,0.01,1
57200,true,0.01,1
57210,true,0.01,1
57219,true,0.01,1
57231,true,0.01,1
57242,false,0.01,1
57250,true,0.01,1
57260,false,0.01,1
57268,false,0.01,1
57278,false,0.01,1
57288,true,0.01,1
57297,true,0.01,1
57307,true,0.01,1
57318,true,0.01,1
57328,true,0.01,1
57337,true,0.01,1
57346,true,0.01,1
57356,true,0.01,1
57366,false,0.01,1
57370,true,0.01,1
57383,true,0.01,1
57395,false,0.01,1
57404,false,0.01,1
57413,false,0.01,1
57421,false,0.01,1
57424,true,0.01,1
57435,true,0.01,1
57445,false,0.01,1
57450,false,0.01,1
57467,false,0.01,1
57473,true,0.01,1
57484,true,0.01,1
57493,true,0.01,1
57500,true,0.01,1
57509,true,0.01,1
57520,false,0.01,1
57528,false,0.01,1
57536,true,0.01,1
57544,true,0.01,1
57552,true,0.01,1
57560,true,0.01,1
57568,true,0.01,1
57577,true,0.01,1
57585,true,0.01,1
57592,false,0.01,1
57597,true,0.01,1
57605,true,0.01,1
57617,true,0.01,1
57625,true,0.01,1
57635,true,0.01,1
57643,true,0.01,1
57649,true,0.01,1
57656,false,0.01,1
57664,false,0.01,1
57669,true,0.01,1
57675,true,0.01,1
57683,false,0.01,1
57691,false,0.01,1
57697,true,0.01,1
57705,true,0.01,1
57714,true,0.01,1
57722,true,0.01,1
57729,true,0.01,1
57737,false,0.01,1
57743,true,0.01,1
57751,true,0.01,1
57759,true,0.01,1
57766,true,0.01,1
57776,true,0.01,1
57783,true,0.01,1
57790,true,0.01,1
57798,true,0.01,1
57806,true,0.01,1
57814,true,0.01,1
57822,true,0.01,1
57830,true,0.01,1
57839,true,0.01,1
57848,true,0.01,1
57856,true,0.01,1
57863,false,0.01,1
57870,false,0.01,1
57880,false,0.01,1
57889,false,0.01,1
57898,false,0.01,1
57907,false,0.01,1
57916,false,0.01,1
57920,true,0.01,1
57931,true,0.01,1
57936,true,0.01,1
57945,true,0.01,1
57952,false,0.01,1
57962,false,0.01,1
57969,true,0.01,1
57978,true,0.01,1
57988,true,0.01,1
57996,true,0.01,1
58004,false,0.01,1
58012,true,0.01,1
58020,true,0.01,1
58028,true,0.01,1
58036,true,0.01,1
58043,true,0.01,1
58053,true,0.01,1
58063,true,0.01,1
58069,true,0.01,1
58078,false,0.01,1
58086,false,0.01,1
58093,true,0.01,1
58099,true,0.01,1
58110,true,0.01,1
58116,true,0.01,1
58124,false,0.01,1
58132,false,0.01,1
58139,true,0.01,1
58147,true,0.01,1
58154,true,0.01,1
58162,true,0.01,1
58170,true,0.01,1
58178,false,0.01,1
58185,true,0.01,1
58194,true,0.01,1
58202,true,0.01,1
58210,true,0.01,1
58217,true,0.01,1
58227,true,0.01,1
58234,true,0.01,1
58242,true,0.01,1
58248,true,0.01,1
58258,true,0.01,1
58265,true,0.01,1
58273,true,0.01,1
58281,true,0.01,1
58290,true,0.01,1
58298,true,0.01,1
58305,true,0.01,1
58310,true,0.01,1
58318,true,0.01,1
58329,false,0.01,1
58334,true,0.01,1
58346,true,0.01,1
58354,true,0.01,1
58363,true,0.01,1
58369,false,0.01,1
58377,true,0.01,1
58390,true,0.01,1
58395,false,0.01,1
58404,true,0.01,1
58418,false,0.01,1
58428,false,0.01,1
58429,false,0.01,1
58437,false,0.01,1
58440,true,0.01,1
58451,true,0.01,1
58458,true,0.01,1
58468,true,0.01,1
58479,true,0.01,1
58484,false,0.01,1
58494,true,0.01,1
58500,true,0.01,1
58508,false,0.01,1
58516,true,0.01,1
58525,true,0.01,1
58533,true,0.01,1
58541,true,0.01,1
58549,true,0.01,1
58555,false,0.01,1
58568,false,0.01,1
58579,false,0.01,1
58589,true,0.01,1
58599,false,0.01,1
58603,false,0.01,1
58610,false,0.01,1
58618,false,0.01,1
58623,true,0.01,1
58628,false,0.01,1
58636,false,0.01,1
58639,false,0.01,1
58650,true,0.01,1
58656,false,0.01,1
58667,true,0.01,1
58678,true,0.01,1
58684,true,0.01,1
58695,true,0.01,1
58699,false,0.01,1
58707,false,0.01,1
58716,false,0.01,1
58723,true,0.01,1
58730,false,0.01,1
58734,true,0.01,1
58743,true,0.01,1
58751,false,0.01,1
58760,true,0.01,1
58768,true,0.01,1
58776,true,0.01,1
58784,true,0.01,1
58792,true,0.01,1
58800,true,0.01,1
58808,false,0.01,1
58815,false,0.01,1
58818,true,0.01,1
58829,true,0.01,1
58842,false,0.01,1
58846,true,0.01,1
58859,true,0.01,1
58865,true,0.01,1
58878,false,0.01,1
58883,true,0.01,1
58896,false,0.01,1
58898,true,0.01,1
58912,true,0.01,1
58919,true,0.01,1
58925,true,0.01,1
58937,true,0.01,1
58945,true,0.01,1
58953,true,0.01,1
58959,false,0.01,1
58967,true,0.01,1
58973,false,0.01,1
58976,false,0.01,1
58984,true,0.01,1
58992,true,0.01,1
59000,true,0.01,1
59008,true,0.01,1
59016,true,0.01,1
59024,true,0.01,1
59032,true,0.01,1
59040,true,0.01,1
