TaskNumber,models/jawmodel/models/tongue/exciters/GGP:excitation,models/jawmodel/models/tongue/exciters/GGM:excitation,models/jawmodel/models/tongue/exciters/GGA:excitation,models/jawmodel/models/tongue/exciters/STY:excitation,models/jawmodel/models/tongue/exciters/GH:excitation,models/jawmodel/models/tongue/exciters/MH:excitation,models/jawmodel/models/tongue/exciters/HG:excitation,models/jawmodel/models/tongue/exciters/TRANS:excitation,models/jawmodel/models/tongue/exciters/VERT:excitation,models/jawmodel/models/tongue/exciters/SL:excitation,models/jawmodel/models/tongue/exciters/IL:excitation
49599,0.5,0.2,0.2,0.5,0,0,0,0.2,0,0,0
49608,0.5,0.2,0.2,0.5,0,0,0,0.2,0.2,0,0
49617,0.5,0.2,0.2,0.5,0,0,0,0.2,0.5,0,0
49619,0.5,0.2,0.2,0.5,0,0,0,0.2,0.5,0,0.5
49636,0.5,0.2,0.2,0.5,0,0,0,0.5,0.2,0,0.2
49648,0.5,0.2,0.2,0.5,0,0,0,0.5,0.5,0.2,0.2
49661,0.5,0.2,0.2,0.5,0,0,0.2,0,0,0.5,0.5
49671,0.5,0.2,0.2,0.5,0,0,0.2,0,0.5,0,0
49681,0.5,0.2,0.2,0.5,0,0,0.2,0.2,0,0,0.2
49693,0.5,0.2,0.2,0.5,0,0,0.2,0.2,0.2,0.2,0.2
49701,0.5,0.2,0.2,0.5,0,0,0.2,0.2,0.5,0.2,0
49712,0.5,0.2,0.2,0.5,0,0,0.2,0.5,0,0.2,0.5
49721,0.5,0.2,0.2,0.5,0,0,0.2,0.5,0.2,0.2,0.5
49730,0.5,0.2,0.2,0.5,0,0,0.2,0.5,0.5,0.2,0.5
49737,0.5,0.2,0.2,0.5,0,0,0.5,0,0,0.2,0
49747,0.5,0.2,0.2,0.5,0,0,0.5,0,0.2,0.2,0.2
49758,0.5,0.2,0.2,0.5,0,0,0.5,0,0.5,0.5,0
49767,0.5,0.2,0.2,0.5,0,0,0.5,0.2,0,0.5,0
49778,0.5,0.2,0.2,0.5,0,0,0.5,0.2,0.2,0.5,0.5
49788,0.5,0.2,0.2,0.5,0,0,0.5,0.5,0,0,0
49796,0.5,0.2,0.2,0.5,0,0,0.5,0.5,0,0.5,0.5
49807,0.5,0.2,0.2,0.5,0,0,0.5,0.5,0.5,0,0.2
49818,0.5,0.2,0.2,0.5,0,0.2,0,0,0,0.2,0
49825,0.5,0.2,0.2,0.5,0,0.2,0,0,0.2,0,0.2
49838,0.5,0.2,0.2,0.5,0,0.2,0,0,0.5,0.2,0.5
49848,0.5,0.2,0.2,0.5,0,0.2,0,0.2,0,0.5,0
49856,0.5,0.2,0.2,0.5,0,0.2,0,0.2,0.2,0.2,0.5
49867,0.5,0.2,0.2,0.5,0,0.2,0,0.2,0.5,0.5,0.2
49875,0.5,0.2,0.2,0.5,0,0.2,0,0.5,0,0.5,0
49884,0.5,0.2,0.2,0.5,0,0.2,0,0.5,0.2,0.5,0
49895,0.5,0.2,0.2,0.5,0,0.2,0,0.5,0.5,0.5,0.5
49903,0.5,0.2,0.2,0.5,0,0.2,0.2,0,0,0.5,0.2
49910,0.5,0.2,0.2,0.5,0,0.2,0.2,0,0.2,0.2,0.5
49923,0.5,0.2,0.2,0.5,0,0.2,0.2,0.2,0,0,0
49933,0.5,0.2,0.2,0.5,0,0.2,0.2,0.2,0.2,0,0.2
49944,0.5,0.2,0.2,0.5,0,0.2,0.2,0.2,0.5,0.2,0
49952,0.5,0.2,0.2,0.5,0,0.2,0.2,0.5,0,0,0.5
49963,0.5,0.2,0.2,0.5,0,0.2,0.2,0.5,0.2,0.2,0.2
49973,0.5,0.2,0.2,0.5,0,0.2,0.2,0.5,0.5,0.2,0.5
49982,0.5,0.2,0.2,0.5,0,0.2,0.5,0,0,0.2,0.5
49994,0.5,0.2,0.2,0.5,0,0.2,0.5,0,0.2,0.5,0.5
50001,0.5,0.2,0.2,0.5,0,0.2,0.5,0,0.5,0.5,0
50011,0.5,0.2,0.2,0.5,0,0.2,0.5,0.2,0,0.5,0.2
50018,0.5,0.2,0.2,0.5,0,0.2,0.5,0.2,0.2,0.2,0.5
50031,0.5,0.2,0.2,0.5,0,0.2,0.5,0.5,0,0,0
50038,0.5,0.2,0.2,0.5,0,0.2,0.5,0.5,0,0.5,0.2
50048,0.5,0.2,0.2,0.5,0,0.2,0.5,0.5,0.2,0.5,0.5
50059,0.5,0.2,0.2,0.5,0,0.5,0,0,0,0,0.2
50072,0.5,0.2,0.2,0.5,0,0.5,0,0,0.2,0.2,0.5
50081,0.5,0.2,0.2,0.5,0,0.5,0,0,0.5,0.2,0.5
50093,0.5,0.2,0.2,0.5,0,0.5,0,0.2,0,0.5,0.5
50101,0.5,0.2,0.2,0.5,0,0.5,0,0.2,0.2,0.5,0.2
50109,0.5,0.2,0.2,0.5,0,0.5,0,0.2,0.5,0.5,0
50120,0.5,0.2,0.2,0.5,0,0.5,0,0.5,0,0.5,0.5
50129,0.5,0.2,0.2,0.5,0,0.5,0,0.5,0.2,0.5,0.5
50140,0.5,0.2,0.2,0.5,0,0.5,0.2,0,0,0,0.2
50149,0.5,0.2,0.2,0.5,0,0.5,0.2,0,0.2,0,0.2
50160,0.5,0.2,0.2,0.5,0,0.5,0.2,0,0.5,0.2,0
50169,0.5,0.2,0.2,0.5,0,0.5,0.2,0.2,0,0.2,0
50180,0.5,0.2,0.2,0.5,0,0.5,0.2,0.2,0.2,0.2,0.5
50190,0.5,0.2,0.2,0.5,0,0.5,0.2,0.2,0.5,0.5,0
50200,0.5,0.2,0.2,0.5,0,0.5,0.2,0.5,0,0.5,0.2
50210,0.5,0.2,0.2,0.5,0,0.5,0.2,0.5,0.2,0.5,0.5
50220,0.5,0.2,0.2,0.5,0,0.5,0.5,0,0,0,0
50230,0.5,0.2,0.2,0.5,0,0.5,0.5,0,0.2,0,0.2
50240,0.5,0.2,0.2,0.5,0,0.5,0.5,0,0.5,0,0.5
50251,0.5,0.2,0.2,0.5,0,0.5,0.5,0.2,0,0.2,0.2
50264,0.5,0.2,0.2,0.5,0,0.5,0.5,0.2,0.2,0.5,0.5
50272,0.5,0.2,0.2,0.5,0,0.5,0.5,0.2,0.5,0.5,0.2
50280,0.5,0.2,0.2,0.5,0,0.5,0.5,0.5,0,0.5,0
50287,0.5,0.2,0.2,0.5,0,0.5,0.5,0.5,0.2,0.2,0.2
50304,0.5,0.2,0.5,0,0,0,0,0,0,0.2,0
50313,0.5,0.2,0.5,0,0,0,0,0,0.2,0.2,0
50323,0.5,0.2,0.5,0,0,0,0,0,0.5,0.2,0.2
50333,0.5,0.2,0.5,0,0,0,0,0.2,0,0.2,0.5
50346,0.5,0.2,0.5,0,0,0,0,0.2,0.5,0,0
50353,0.5,0.2,0.5,0,0,0,0,0.2,0.5,0.5,0.2
50363,0.5,0.2,0.5,0,0,0,0,0.5,0,0.5,0.5
50376,0.5,0.2,0.5,0,0,0,0,0.5,0.5,0.2,0
50386,0.5,0.2,0.5,0,0,0,0.2,0,0,0.2,0.2
50396,0.5,0.2,0.5,0,0,0,0.2,0,0.2,0.2,0.5
50406,0.5,0.2,0.5,0,0,0,0.2,0,0.5,0.5,0
50418,0.5,0.2,0.5,0,0,0,0.2,0.2,0.2,0,0
50430,0.5,0.2,0.5,0,0,0,0.2,0.2,0.5,0.2,0
50440,0.5,0.2,0.5,0,0,0,0.2,0.5,0,0.2,0.2
50449,0.5,0.2,0.5,0,0,0,0.2,0.5,0.2,0.2,0.2
50459,0.5,0.2,0.5,0,0,0,0.2,0.5,0.5,0.2,0.5
50472,0.5,0.2,0.5,0,0,0,0.5,0,0.2,0,0
50482,0.5,0.2,0.5,0,0,0,0.5,0,0.5,0,0.2
50492,0.5,0.2,0.5,0,0,0,0.5,0.2,0,0,0.5
50503,0.5,0.2,0.5,0,0,0,0.5,0.2,0.2,0.2,0.2
50512,0.5,0.2,0.5,0,0,0,0.5,0.2,0.5,0.2,0.2
50526,0.5,0.2,0.5,0,0,0,0.5,0.5,0.2,0,0
50536,0.5,0.2,0.5,0,0,0,0.5,0.5,0.5,0,0.2
50546,0.5,0.2,0.5,0,0,0.2,0,0,0,0,0.5
50555,0.5,0.2,0.5,0,0,0.2,0,0,0.2,0,0.5
50560,0.5,0.2,0.5,0,0,0.2,0,0,0.2,0.5,0.2
50572,0.5,0.2,0.5,0,0,0.2,0,0.2,0,0,0.2
50583,0.5,0.2,0.5,0,0,0.2,0,0.2,0.2,0.2,0
50593,0.5,0.2,0.5,0,0,0.2,0,0.2,0.5,0.2,0.2
50609,0.5,0.2,0.5,0,0,0.2,0,0.5,0.2,0,0.5
50617,0.5,0.2,0.5,0,0,0.2,0,0.5,0.5,0,0.2
50627,0.5,0.2,0.5,0,0,0.2,0.2,0,0,0,0.5
50630,0.5,0.2,0.5,0,0,0.2,0.2,0,0,0.2,0.5
50642,0.5,0.2,0.5,0,0,0.2,0.2,0,0.2,0.5,0.5
50652,0.5,0.2,0.5,0,0,0.2,0.2,0.2,0,0,0
50662,0.5,0.2,0.5,0,0,0.2,0.2,0.2,0.2,0,0.2
50673,0.5,0.2,0.5,0,0,0.2,0.2,0.2,0.5,0.2,0
50683,0.5,0.2,0.5,0,0,0.2,0.2,0.5,0,0.2,0.2
50693,0.5,0.2,0.5,0,0,0.2,0.2,0.5,0.2,0.2,0.5
50701,0.5,0.2,0.5,0,0,0.2,0.2,0.5,0.5,0.2,0.2
50712,0.5,0.2,0.5,0,0,0.2,0.5,0,0,0.5,0
50722,0.5,0.2,0.5,0,0,0.2,0.5,0,0.2,0.5,0.2
50732,0.5,0.2,0.5,0,0,0.2,0.5,0,0.5,0.5,0.5
50742,0.5,0.2,0.5,0,0,0.2,0.5,0.2,0.2,0,0
50752,0.5,0.2,0.5,0,0,0.2,0.5,0.2,0.5,0,0.2
50762,0.5,0.2,0.5,0,0,0.2,0.5,0.5,0,0,0.5
50772,0.5,0.2,0.5,0,0,0.2,0.5,0.5,0.2,0.2,0
50782,0.5,0.2,0.5,0,0,0.2,0.5,0.5,0.5,0.2,0.2
50793,0.5,0.2,0.5,0,0,0.5,0,0,0,0.5,0
50801,0.5,0.2,0.5,0,0,0.5,0,0,0.2,0.2,0.5
50811,0.5,0.2,0.5,0,0,0.5,0,0,0.5,0.5,0
50825,0.5,0.2,0.5,0,0,0.5,0,0.2,0.2,0,0.5
50835,0.5,0.2,0.5,0,0,0.5,0,0.2,0.5,0.2,0
50845,0.5,0.2,0.5,0,0,0.5,0,0.5,0,0.2,0.2
50855,0.5,0.2,0.5,0,0,0.5,0,0.5,0.2,0.2,0.5
50869,0.5,0.2,0.5,0,0,0.5,0.2,0,0,0,0.2
50879,0.5,0.2,0.5,0,0,0.5,0.2,0,0.2,0,0.5
50890,0.5,0.2,0.5,0,0,0.5,0.2,0,0.5,0.2,0.2
50900,0.5,0.2,0.5,0,0,0.5,0.2,0.2,0,0.2,0.5
50910,0.5,0.2,0.5,0,0,0.5,0.2,0.2,0.2,0.5,0
50919,0.5,0.2,0.5,0,0,0.5,0.2,0.2,0.5,0.5,0
50928,0.5,0.2,0.5,0,0,0.5,0.2,0.5,0,0.5,0
50938,0.5,0.2,0.5,0,0,0.5,0.2,0.5,0.2,0.5,0.2
50950,0.5,0.2,0.5,0,0,0.5,0.5,0,0,0,0.2
50960,0.5,0.2,0.5,0,0,0.5,0.5,0,0.2,0,0.5
50970,0.5,0.2,0.5,0,0,0.5,0.5,0,0.5,0.2,0
50979,0.5,0.2,0.5,0,0,0.5,0.5,0.2,0,0.2,0
50988,0.5,0.2,0.5,0,0,0.5,0.5,0.2,0.2,0.2,0
50997,0.5,0.2,0.5,0,0,0.5,0.5,0.2,0.5,0.2,0
51006,0.5,0.2,0.5,0,0,0.5,0.5,0.5,0,0.2,0
51014,0.5,0.2,0.5,0,0,0.5,0.5,0.5,0.2,0,0.5
51024,0.5,0.2,0.5,0,0,0.5,0.5,0.5,0.5,0.2,0
51033,0.5,0.2,0.5,0.2,0,0,0,0,0,0.2,0
51043,0.5,0.2,0.5,0.2,0,0,0,0,0.2,0.2,0.2
51055,0.5,0.2,0.5,0.2,0,0,0,0,0.5,0.5,0.2
51065,0.5,0.2,0.5,0.2,0,0,0,0.2,0,0.5,0.5
51074,0.5,0.2,0.5,0.2,0,0,0,0.2,0.2,0.5,0.5
51082,0.5,0.2,0.5,0.2,0,0,0,0.2,0.5,0.5,0.2
51088,0.5,0.2,0.5,0.2,0,0,0,0.5,0,0.2,0.2
51099,0.5,0.2,0.5,0.2,0,0,0,0.5,0.2,0.5,0
51109,0.5,0.2,0.5,0.2,0,0,0,0.5,0.5,0.5,0.2
51119,0.5,0.2,0.5,0.2,0,0,0.2,0,0,0.5,0.5
51128,0.5,0.2,0.5,0.2,0,0,0.2,0,0.2,0.5,0.5
51138,0.5,0.2,0.5,0.2,0,0,0.2,0.2,0,0,0
51148,0.5,0.2,0.5,0.2,0,0,0.2,0.2,0.2,0,0.2
51158,0.5,0.2,0.5,0.2,0,0,0.2,0.2,0.5,0,0.5
51167,0.5,0.2,0.5,0.2,0,0,0.2,0.5,0,0,0.5
51175,0.5,0.2,0.5,0.2,0,0,0.2,0.5,0.2,0,0.2
51185,0.5,0.2,0.5,0.2,0,0,0.2,0.5,0.5,0,0.5
51191,0.5,0.2,0.5,0.2,0,0,0.2,0.5,0.5,0.5,0.5
51199,0.5,0.2,0.5,0.2,0,0,0.5,0,0,0.5,0.2
51208,0.5,0.2,0.5,0.2,0,0,0.5,0,0.2,0.5,0.2
51216,0.5,0.2,0.5,0.2,0,0,0.5,0,0.5,0.5,0
51225,0.5,0.2,0.5,0.2,0,0,0.5,0.2,0,0.5,0
51235,0.5,0.2,0.5,0.2,0,0,0.5,0.2,0.2,0.5,0.2
51242,0.5,0.2,0.5,0.2,0,0,0.5,0.2,0.5,0.2,0.5
51252,0.5,0.2,0.5,0.2,0,0,0.5,0.5,0,0.5,0
51261,0.5,0.2,0.5,0.2,0,0,0.5,0.5,0.2,0.5,0
51271,0.5,0.2,0.5,0.2,0,0,0.5,0.5,0.5,0.5,0.2
51280,0.5,0.2,0.5,0.2,0,0.2,0,0,0,0.5,0.2
51290,0.5,0.2,0.5,0.2,0,0.2,0,0,0.2,0.5,0.5
51302,0.5,0.2,0.5,0.2,0,0.2,0,0.2,0,0,0.5
51303,0.5,0.2,0.5,0.2,0,0.2,0,0.2,0,0.2,0
51312,0.5,0.2,0.5,0.2,0,0.2,0,0.2,0.2,0.2,0
51321,0.5,0.2,0.5,0.2,0,0.2,0,0.2,0.5,0.2,0
51330,0.5,0.2,0.5,0.2,0,0.2,0,0.5,0,0.2,0
51343,0.5,0.2,0.5,0.2,0,0.2,0,0.5,0.2,0.5,0.2
51349,0.5,0.2,0.5,0.2,0,0.2,0,0.5,0.5,0.2,0.2
51358,0.5,0.2,0.5,0.2,0,0.2,0.2,0,0,0.2,0.2
51368,0.5,0.2,0.5,0.2,0,0.2,0.2,0,0.2,0.2,0.5
51379,0.5,0.2,0.5,0.2,0,0.2,0.2,0,0.5,0.5,0.2
51387,0.5,0.2,0.5,0.2,0,0.2,0.2,0.2,0,0.5,0
51396,0.5,0.2,0.5,0.2,0,0.2,0.2,0.2,0.2,0.5,0
51402,0.5,0.2,0.5,0.2,0,0.2,0.2,0.2,0.5,0.2,0
51413,0.5,0.2,0.5,0.2,0,0.2,0.2,0.5,0,0.2,0.5
51425,0.5,0.2,0.5,0.2,0,0.2,0.2,0.5,0.2,0.5,0.5
51434,0.5,0.2,0.5,0.2,0,0.2,0.2,0.5,0.5,0.5,0.5
51442,0.5,0.2,0.5,0.2,0,0.2,0.5,0,0,0.5,0.2
51451,0.5,0.2,0.5,0.2,0,0.2,0.5,0,0.2,0.5,0.2
51458,0.5,0.2,0.5,0.2,0,0.2,0.5,0,0.5,0.2,0.5
51465,0.5,0.2,0.5,0.2,0,0.2,0.5,0.2,0,0.2,0
51478,0.5,0.2,0.5,0.2,0,0.2,0.5,0.2,0.2,0.5,0.2
51481,0.5,0.2,0.5,0.2,0,0.2,0.5,0.2,0.5,0,0.2
51497,0.5,0.2,0.5,0.2,0,0.2,0.5,0.5,0,0.5,0.5
51504,0.5,0.2,0.5,0.2,0,0.2,0.5,0.5,0.2,0.5,0
51511,0.5,0.2,0.5,0.2,0,0.2,0.5,0.5,0.5,0.2,0.2
51519,0.5,0.2,0.5,0.2,0,0.5,0,0,0,0.2,0
51531,0.5,0.2,0.5,0.2,0,0.5,0,0,0.2,0.5,0
51539,0.5,0.2,0.5,0.2,0,0.5,0,0,0.5,0.2,0.5
51549,0.5,0.2,0.5,0.2,0,0.5,0,0.2,0,0.5,0
51557,0.5,0.2,0.5,0.2,0,0.5,0,0.2,0.2,0.2,0.5
51572,0.5,0.2,0.5,0.2,0,0.5,0,0.5,0,0,0.5
51573,0.5,0.2,0.5,0.2,0,0.5,0,0.5,0,0.2,0
51585,0.5,0.2,0.5,0.2,0,0.5,0,0.5,0.2,0.5,0
51591,0.5,0.2,0.5,0.2,0,0.5,0,0.5,0.5,0.2,0
51605,0.5,0.2,0.5,0.2,0,0.5,0.2,0,0,0.5,0.5
51615,0.5,0.2,0.5,0.2,0,0.5,0.2,0,0.5,0,0
51625,0.5,0.2,0.5,0.2,0,0.5,0.2,0.2,0,0,0.2
51629,0.5,0.2,0.5,0.2,0,0.5,0.2,0.2,0,0.2,0.5
51642,0.5,0.2,0.5,0.2,0,0.5,0.2,0.2,0.5,0,0
51652,0.5,0.2,0.5,0.2,0,0.5,0.2,0.5,0,0,0.2
51661,0.5,0.2,0.5,0.2,0,0.5,0.2,0.5,0.2,0,0.2
51670,0.5,0.2,0.5,0.2,0,0.5,0.2,0.5,0.5,0,0.2
51682,0.5,0.2,0.5,0.2,0,0.5,0.5,0,0,0.2,0.2
51690,0.5,0.2,0.5,0.2,0,0.5,0.5,0,0.2,0.2,0
51697,0.5,0.2,0.5,0.2,0,0.5,0.5,0,0.5,0,0.2
51713,0.5,0.2,0.5,0.2,0,0.5,0.5,0.2,0,0.5,0.5
51721,0.5,0.2,0.5,0.2,0,0.5,0.5,0.2,0.2,0.5,0.2
51727,0.5,0.2,0.5,0.2,0,0.5,0.5,0.2,0.5,0.2,0.2
51734,0.5,0.2,0.5,0.2,0,0.5,0.5,0.5,0,0,0.5
51748,0.5,0.2,0.5,0.2,0,0.5,0.5,0.5,0.2,0.5,0.2
51754,0.5,0.2,0.5,0.2,0,0.5,0.5,0.5,0.5,0.2,0.2
51761,0.5,0.2,0.5,0.5,0,0,0,0,0,0,0.5
51770,0.5,0.2,0.5,0.5,0,0,0,0,0.2,0,0.5
51779,0.5,0.2,0.5,0.5,0,0,0,0,0.5,0,0.5
51782,0.5,0.2,0.5,0.5,0,0,0,0,0.5,0.2,0.5
51796,0.5,0.2,0.5,0.5,0,0,0,0.2,0.2,0,0.2
51799,0.5,0.2,0.5,0.5,0,0,0,0.2,0.2,0.2,0.2
51814,0.5,0.2,0.5,0.5,0,0,0,0.5,0,0,0.2
51821,0.5,0.2,0.5,0.5,0,0,0,0.5,0,0.5,0.5
51827,0.5,0.2,0.5,0.5,0,0,0,0.5,0.2,0.2,0.5
51842,0.5,0.2,0.5,0.5,0,0,0.2,0,0,0,0.5
51850,0.5,0.2,0.5,0.5,0,0,0.2,0,0.2,0,0.2
51854,0.5,0.2,0.5,0.5,0,0,0.2,0,0.2,0.2,0.5
51868,0.5,0.2,0.5,0.5,0,0,0.2,0.2,0,0,0.2
51878,0.5,0.2,0.5,0.5,0,0,0.2,0.2,0.2,0,0.5
51888,0.5,0.2,0.5,0.5,0,0,0.2,0.2,0.5,0.2,0
51903,0.5,0.2,0.5,0.5,0,0,0.2,0.5,0.2,0,0
51905,0.5,0.2,0.5,0.5,0,0,0.2,0.5,0.2,0,0.5
51920,0.5,0.2,0.5,0.5,0,0,0.2,0.5,0.5,0.5,0.5
51924,0.5,0.2,0.5,0.5,0,0,0.5,0,0,0.2,0
51937,0.5,0.2,0.5,0.5,0,0,0.5,0,0.2,0.5,0.2
51944,0.5,0.2,0.5,0.5,0,0,0.5,0,0.5,0.2,0.5
51954,0.5,0.2,0.5,0.5,0,0,0.5,0.2,0,0.5,0
51964,0.5,0.2,0.5,0.5,0,0,0.5,0.2,0.2,0.5,0.2
51973,0.5,0.2,0.5,0.5,0,0,0.5,0.2,0.5,0.5,0.2
51982,0.5,0.2,0.5,0.5,0,0,0.5,0.5,0,0.5,0.2
51992,0.5,0.2,0.5,0.5,0,0,0.5,0.5,0.2,0.5,0.5
52001,0.5,0.2,0.5,0.5,0,0,0.5,0.5,0.5,0.5,0.5
52010,0.5,0.2,0.5,0.5,0,0.2,0,0,0,0.5,0.5
52020,0.5,0.2,0.5,0.5,0,0.2,0,0,0.5,0,0
52023,0.5,0.2,0.5,0.5,0,0.2,0,0,0.5,0.2,0
52034,0.5,0.2,0.5,0.5,0,0.2,0,0.2,0,0.2,0.5
52048,0.5,0.2,0.5,0.5,0,0.2,0,0.2,0.5,0,0.2
52051,0.5,0.2,0.5,0.5,0,0.2,0,0.2,0.5,0.2,0.2
52067,0.5,0.2,0.5,0.5,0,0.2,0,0.5,0.2,0,0.5
52073,0.5,0.2,0.5,0.5,0,0.2,0,0.5,0.2,0.5,0.5
52082,0.5,0.2,0.5,0.5,0,0.2,0,0.5,0.5,0.5,0.5
52088,0.5,0.2,0.5,0.5,0,0.2,0.2,0,0,0.2,0.5
52096,0.5,0.2,0.5,0.5,0,0.2,0.2,0,0.2,0.2,0.2
52108,0.5,0.2,0.5,0.5,0,0.2,0.2,0,0.5,0.5,0.2
52116,0.5,0.2,0.5,0.5,0,0.2,0.2,0.2,0,0.5,0
52126,0.5,0.2,0.5,0.5,0,0.2,0.2,0.2,0.2,0.5,0.2
52135,0.5,0.2,0.5,0.5,0,0.2,0.2,0.2,0.5,0.5,0.2
52143,0.5,0.2,0.5,0.5,0,0.2,0.2,0.5,0,0.5,0
52152,0.5,0.2,0.5,0.5,0,0.2,0.2,0.5,0.2,0.5,0
52162,0.5,0.2,0.5,0.5,0,0.2,0.2,0.5,0.5,0.5,0.2
52170,0.5,0.2,0.5,0.5,0,0.2,0.5,0,0,0.5,0
52179,0.5,0.2,0.5,0.5,0,0.2,0.5,0,0.2,0.5,0
52185,0.5,0.2,0.5,0.5,0,0.2,0.5,0,0.5,0.2,0
52194,0.5,0.2,0.5,0.5,0,0.2,0.5,0.2,0,0.2,0
52202,0.5,0.2,0.5,0.5,0,0.2,0.5,0.2,0.2,0,0.5
52214,0.5,0.2,0.5,0.5,0,0.2,0.5,0.2,0.5,0.2,0.5
52223,0.5,0.2,0.5,0.5,0,0.2,0.5,0.5,0,0.2,0.5
52232,0.5,0.2,0.5,0.5,0,0.2,0.5,0.5,0.2,0.2,0.5
52241,0.5,0.2,0.5,0.5,0,0.2,0.5,0.5,0.5,0.2,0.5
52248,0.5,0.2,0.5,0.5,0,0.5,0,0,0,0.2,0
52264,0.5,0.2,0.5,0.5,0,0.5,0,0,0.5,0,0.2
52266,0.5,0.2,0.5,0.5,0,0.5,0,0,0.5,0.2,0
52277,0.5,0.2,0.5,0.5,0,0.5,0,0.2,0,0.2,0.5
52287,0.5,0.2,0.5,0.5,0,0.5,0,0.2,0.2,0.5,0
52294,0.5,0.2,0.5,0.5,0,0.5,0,0.2,0.5,0.2,0.2
52309,0.5,0.2,0.5,0.5,0,0.5,0,0.5,0.2,0,0.2
52315,0.5,0.2,0.5,0.5,0,0.5,0,0.5,0.2,0.5,0.2
52325,0.5,0.2,0.5,0.5,0,0.5,0,0.5,0.5,0.5,0.5
52332,0.5,0.2,0.5,0.5,0,0.5,0.2,0,0,0.5,0
52343,0.5,0.2,0.5,0.5,0,0.5,0.2,0,0.2,0.5,0.5
52352,0.5,0.2,0.5,0.5,0,0.5,0.2,0,0.5,0.5,0.5
52359,0.5,0.2,0.5,0.5,0,0.5,0.2,0.2,0,0.5,0
52367,0.5,0.2,0.5,0.5,0,0.5,0.2,0.2,0.2,0.2,0.5
52374,0.5,0.2,0.5,0.5,0,0.5,0.2,0.2,0.5,0.2,0
52387,0.5,0.2,0.5,0.5,0,0.5,0.2,0.5,0,0.5,0.2
52394,0.5,0.2,0.5,0.5,0,0.5,0.2,0.5,0.2,0.2,0.5
52402,0.5,0.2,0.5,0.5,0,0.5,0.2,0.5,0.5,0.2,0.2
52409,0.5,0.2,0.5,0.5,0,0.5,0.5,0,0,0,0.5
52418,0.5,0.2,0.5,0.5,0,0.5,0.5,0,0.2,0,0.5
52433,0.5,0.2,0.5,0.5,0,0.5,0.5,0,0.5,0.5,0.5
52442,0.5,0.2,0.5,0.5,0,0.5,0.5,0.2,0,0.5,0.5
52448,0.5,0.2,0.5,0.5,0,0.5,0.5,0.2,0.2,0.2,0.5
52460,0.5,0.2,0.5,0.5,0,0.5,0.5,0.2,0.5,0.5,0.5
52467,0.5,0.2,0.5,0.5,0,0.5,0.5,0.5,0,0.5,0
52471,0.5,0.2,0.5,0.5,0,0.5,0.5,0.5,0.2,0,0.2
52485,0.5,0.2,0.5,0.5,0,0.5,0.5,0.5,0.5,0.5,0
52493,0.5,0.5,0,0,0,0,0,0,0,0.2,0.5
52502,0.5,0.5,0,0,0,0,0,0,0.2,0.2,0.5
52514,0.5,0.5,0,0,0,0,0,0,0.5,0.5,0.5
52522,0.5,0.5,0,0,0,0,0,0.2,0,0.5,0.2
52526,0.5,0.5,0,0,0,0,0,0.2,0.2,0,0.5
52540,0.5,0.5,0,0,0,0,0,0.2,0.5,0.5,0.2
52546,0.5,0.5,0,0,0,0,0,0.5,0,0.2,0.2
52558,0.5,0.5,0,0,0,0,0,0.5,0.2,0.5,0.2
52563,0.5,0.5,0,0,0,0,0,0.5,0.5,0.2,0
52577,0.5,0.5,0,0,0,0,0.2,0,0,0.5,0.5
52586,0.5,0.5,0,0,0,0,0.2,0,0.2,0.5,0.5
52595,0.5,0.5,0,0,0,0,0.2,0,0.5,0.5,0.5
52604,0.5,0.5,0,0,0,0,0.2,0.2,0,0.5,0.5
52611,0.5,0.5,0,0,0,0,0.2,0.2,0.2,0.5,0
52619,0.5,0.5,0,0,0,0,0.2,0.2,0.5,0.2,0.5
52627,0.5,0.5,0,0,0,0,0.2,0.5,0,0.2,0.2
52635,0.5,0.5,0,0,0,0,0.2,0.5,0.2,0.2,0
52643,0.5,0.5,0,0,0,0,0.2,0.5,0.5,0,0.5
52658,0.5,0.5,0,0,0,0,0.5,0,0,0.5,0.5
52667,0.5,0.5,0,0,0,0,0.5,0,0.2,0.5,0.5
52676,0.5,0.5,0,0,0,0,0.5,0,0.5,0.5,0.5
52685,0.5,0.5,0,0,0,0,0.5,0.2,0,0.5,0.5
52694,0.5,0.5,0,0,0,0,0.5,0.2,0.2,0.5,0.5
52701,0.5,0.5,0,0,0,0,0.5,0.2,0.5,0.5,0
52708,0.5,0.5,0,0,0,0,0.5,0.5,0,0.2,0.2
52715,0.5,0.5,0,0,0,0,0.5,0.5,0.2,0,0.5
52728,0.5,0.5,0,0,0,0,0.5,0.5,0.5,0.5,0
52736,0.5,0.5,0,0,0,0.2,0,0,0,0.2,0.5
52741,0.5,0.5,0,0,0,0.2,0,0,0.2,0,0.2
52752,0.5,0.5,0,0,0,0.2,0,0,0.5,0.2,0
52764,0.5,0.5,0,0,0,0.2,0,0.2,0,0.5,0
52772,0.5,0.5,0,0,0,0.2,0,0.2,0.2,0.2,0.5
52782,0.5,0.5,0,0,0,0.2,0,0.2,0.5,0.5,0
52789,0.5,0.5,0,0,0,0.2,0,0.5,0,0.2,0.2
52801,0.5,0.5,0,0,0,0.2,0,0.5,0.2,0.5,0.2
52807,0.5,0.5,0,0,0,0.2,0,0.5,0.5,0.2,0.2
52818,0.5,0.5,0,0,0,0.2,0.2,0,0,0.5,0
52827,0.5,0.5,0,0,0,0.2,0.2,0,0.2,0.5,0
52836,0.5,0.5,0,0,0,0.2,0.2,0,0.5,0.5,0
52845,0.5,0.5,0,0,0,0.2,0.2,0.2,0,0.5,0
52854,0.5,0.5,0,0,0,0.2,0.2,0.2,0.2,0.5,0
52863,0.5,0.5,0,0,0,0.2,0.2,0.2,0.5,0.5,0
52873,0.5,0.5,0,0,0,0.2,0.2,0.5,0,0.5,0.2
52882,0.5,0.5,0,0,0,0.2,0.2,0.5,0.2,0.5,0.2
52889,0.5,0.5,0,0,0,0.2,0.2,0.5,0.5,0.2,0.5
52900,0.5,0.5,0,0,0,0.2,0.5,0,0,0.5,0.2
52909,0.5,0.5,0,0,0,0.2,0.5,0,0.2,0.5,0.2
52918,0.5,0.5,0,0,0,0.2,0.5,0,0.5,0.5,0.2
52928,0.5,0.5,0,0,0,0.2,0.5,0.2,0,0.5,0.5
52936,0.5,0.5,0,0,0,0.2,0.5,0.2,0.2,0.5,0.2
52944,0.5,0.5,0,0,0,0.2,0.5,0.2,0.5,0.5,0
52951,0.5,0.5,0,0,0,0.2,0.5,0.5,0,0.2,0.2
52959,0.5,0.5,0,0,0,0.2,0.5,0.5,0.2,0.2,0
52967,0.5,0.5,0,0,0,0.2,0.5,0.5,0.5,0,0.5
52981,0.5,0.5,0,0,0,0.5,0,0,0,0.5,0.2
52986,0.5,0.5,0,0,0,0.5,0,0,0.2,0.2,0
52997,0.5,0.5,0,0,0,0.5,0,0,0.5,0.2,0.5
53002,0.5,0.5,0,0,0,0.5,0,0.2,0,0,0.2
53012,0.5,0.5,0,0,0,0.5,0,0.2,0.2,0,0.5
53022,0.5,0.5,0,0,0,0.5,0,0.2,0.5,0.2,0
53036,0.5,0.5,0,0,0,0.5,0,0.5,0,0.5,0.5
53039,0.5,0.5,0,0,0,0.5,0,0.5,0.2,0,0.5
53052,0.5,0.5,0,0,0,0.5,0,0.5,0.5,0.5,0
53061,0.5,0.5,0,0,0,0.5,0.2,0,0,0.5,0
53070,0.5,0.5,0,0,0,0.5,0.2,0,0.2,0.5,0
53079,0.5,0.5,0,0,0,0.5,0.2,0,0.5,0.5,0
53090,0.5,0.5,0,0,0,0.5,0.2,0.2,0,0.5,0.5
53099,0.5,0.5,0,0,0,0.5,0.2,0.2,0.2,0.5,0.5
53108,0.5,0.5,0,0,0,0.5,0.2,0.2,0.5,0.5,0.5
53117,0.5,0.5,0,0,0,0.5,0.2,0.5,0,0.5,0.5
53126,0.5,0.5,0,0,0,0.5,0.2,0.5,0.2,0.5,0.5
53135,0.5,0.5,0,0,0,0.5,0.2,0.5,0.5,0.5,0.5
53144,0.5,0.5,0,0,0,0.5,0.5,0,0,0.5,0.5
53152,0.5,0.5,0,0,0,0.5,0.5,0,0.2,0.5,0.2
53160,0.5,0.5,0,0,0,0.5,0.5,0,0.5,0.5,0
53168,0.5,0.5,0,0,0,0.5,0.5,0.2,0,0.2,0.5
53176,0.5,0.5,0,0,0,0.5,0.5,0.2,0.2,0.2,0.2
53183,0.5,0.5,0,0,0,0.5,0.5,0.2,0.5,0,0.5
53189,0.5,0.5,0,0,0,0.5,0.5,0.2,0.5,0.5,0.5
53195,0.5,0.5,0,0,0,0.5,0.5,0.5,0,0.2,0.5
53201,0.5,0.5,0,0,0,0.5,0.5,0.5,0.2,0,0.5
53206,0.5,0.5,0,0,0,0.5,0.5,0.5,0.2,0.5,0.2
53212,0.5,0.5,0,0,0,0.5,0.5,0.5,0.5,0.2,0.2
53218,0.5,0.5,0,0.2,0,0,0,0,0,0,0.2
53225,0.5,0.5,0,0.2,0,0,0,0,0,0.5,0.5
53233,0.5,0.5,0,0.2,0,0,0,0,0.2,0.5,0.2
53238,0.5,0.5,0,0.2,0,0,0,0,0.5,0.2,0
53244,0.5,0.5,0,0.2,0,0,0,0.2,0,0,0
53250,0.5,0.5,0,0.2,0,0,0,0.2,0,0.5,0
53257,0.5,0.5,0,0.2,0,0,0,0.2,0.2,0.2,0.2
53263,0.5,0.5,0,0.2,0,0,0,0.2,0.5,0,0.2
53269,0.5,0.5,0,0.2,0,0,0,0.2,0.5,0.5,0.2
53275,0.5,0.5,0,0.2,0,0,0,0.5,0,0.2,0.2
53280,0.5,0.5,0,0.2,0,0,0,0.5,0.2,0,0
53288,0.5,0.5,0,0.2,0,0,0,0.5,0.2,0.5,0.5
53293,0.5,0.5,0,0.2,0,0,0,0.5,0.5,0.2,0.2
53298,0.5,0.5,0,0.2,0,0,0.2,0,0,0,0
53304,0.5,0.5,0,0.2,0,0,0.2,0,0,0.5,0
53310,0.5,0.5,0,0.2,0,0,0.2,0,0.2,0.2,0
53316,0.5,0.5,0,0.2,0,0,0.2,0,0.5,0,0
53322,0.5,0.5,0,0.2,0,0,0.2,0,0.5,0.5,0
53328,0.5,0.5,0,0.2,0,0,0.2,0.2,0,0.2,0
53334,0.5,0.5,0,0.2,0,0,0.2,0.2,0.2,0,0
53340,0.5,0.5,0,0.2,0,0,0.2,0.2,0.2,0.5,0
53347,0.5,0.5,0,0.2,0,0,0.2,0.2,0.5,0.2,0.2
53354,0.5,0.5,0,0.2,0,0,0.2,0.5,0,0,0.5
53359,0.5,0.5,0,0.2,0,0,0.2,0.5,0,0.5,0.2
53365,0.5,0.5,0,0.2,0,0,0.2,0.5,0.2,0.2,0.2
53372,0.5,0.5,0,0.2,0,0,0.2,0.5,0.5,0,0.5
53378,0.5,0.5,0,0.2,0,0,0.2,0.5,0.5,0.5,0.5
53384,0.5,0.5,0,0.2,0,0,0.5,0,0,0.2,0.5
53389,0.5,0.5,0,0.2,0,0,0.5,0,0.2,0,0.2
53396,0.5,0.5,0,0.2,0,0,0.5,0,0.2,0.5,0.5
53402,0.5,0.5,0,0.2,0,0,0.5,0,0.5,0.2,0.5
53408,0.5,0.5,0,0.2,0,0,0.5,0.2,0,0,0.5
53414,0.5,0.5,0,0.2,0,0,0.5,0.2,0,0.5,0.5
53419,0.5,0.5,0,0.2,0,0,0.5,0.2,0.2,0.2,0.2
53426,0.5,0.5,0,0.2,0,0,0.5,0.2,0.5,0,0.5
53432,0.5,0.5,0,0.2,0,0,0.5,0.2,0.5,0.5,0.5
53438,0.5,0.5,0,0.2,0,0,0.5,0.5,0,0.2,0.5
53444,0.5,0.5,0,0.2,0,0,0.5,0.5,0.2,0,0.5
53450,0.5,0.5,0,0.2,0,0,0.5,0.5,0.2,0.5,0.5
53455,0.5,0.5,0,0.2,0,0,0.5,0.5,0.5,0.2,0.2
53461,0.5,0.5,0,0.2,0,0.2,0,0,0,0,0.2
53468,0.5,0.5,0,0.2,0,0.2,0,0,0,0.5,0.5
53477,0.5,0.5,0,0.2,0,0.2,0,0,0.2,0.5,0.5
53482,0.5,0.5,0,0.2,0,0.2,0,0,0.5,0.2,0.2
53487,0.5,0.5,0,0.2,0,0.2,0,0.2,0,0,0
53493,0.5,0.5,0,0.2,0,0.2,0,0.2,0,0.5,0
53499,0.5,0.5,0,0.2,0,0.2,0,0.2,0.2,0.2,0
53505,0.5,0.5,0,0.2,0,0.2,0,0.2,0.5,0,0
53511,0.5,0.5,0,0.2,0,0.2,0,0.2,0.5,0.5,0
53517,0.5,0.5,0,0.2,0,0.2,0,0.5,0,0.2,0
53521,0.5,0.5,0,0.2,0,0.2,0,0.5,0,0.5,0.2
53527,0.5,0.5,0,0.2,0,0.2,0,0.5,0.2,0.2,0.2
53532,0.5,0.5,0,0.2,0,0.2,0,0.5,0.5,0,0
53538,0.5,0.5,0,0.2,0,0.2,0,0.5,0.5,0.5,0
53544,0.5,0.5,0,0.2,0,0.2,0.2,0,0,0.2,0
53551,0.5,0.5,0,0.2,0,0.2,0.2,0,0.2,0,0.2
53557,0.5,0.5,0,0.2,0,0.2,0.2,0,0.2,0.5,0.2
53563,0.5,0.5,0,0.2,0,0.2,0.2,0,0.5,0.2,0.2
53569,0.5,0.5,0,0.2,0,0.2,0.2,0.2,0,0,0.2
53575,0.5,0.5,0,0.2,0,0.2,0.2,0.2,0,0.5,0.2
53582,0.5,0.5,0,0.2,0,0.2,0.2,0.2,0.2,0.2,0.5
53587,0.5,0.5,0,0.2,0,0.2,0.2,0.2,0.5,0,0.2
53593,0.5,0.5,0,0.2,0,0.2,0.2,0.2,0.5,0.5,0.2
53599,0.5,0.5,0,0.2,0,0.2,0.2,0.5,0,0.2,0.2
53605,0.5,0.5,0,0.2,0,0.2,0.2,0.5,0.2,0,0.2
53613,0.5,0.5,0,0.2,0,0.2,0.2,0.5,0.5,0,0
53619,0.5,0.5,0,0.2,0,0.2,0.2,0.5,0.5,0.5,0
53625,0.5,0.5,0,0.2,0,0.2,0.5,0,0,0.2,0
53631,0.5,0.5,0,0.2,0,0.2,0.5,0,0.2,0,0
53637,0.5,0.5,0,0.2,0,0.2,0.5,0,0.2,0.5,0
53643,0.5,0.5,0,0.2,0,0.2,0.5,0,0.5,0.2,0
53648,0.5,0.5,0,0.2,0,0.2,0.5,0,0.5,0.5,0.5
53654,0.5,0.5,0,0.2,0,0.2,0.5,0.2,0,0.2,0.5
53660,0.5,0.5,0,0.2,0,0.2,0.5,0.2,0.2,0,0.5
53666,0.5,0.5,0,0.2,0,0.2,0.5,0.2,0.2,0.5,0.5
53673,0.5,0.5,0,0.2,0,0.2,0.5,0.2,0.5,0.5,0
53679,0.5,0.5,0,0.2,0,0.2,0.5,0.5,0,0.2,0
53685,0.5,0.5,0,0.2,0,0.2,0.5,0.5,0.2,0,0
53691,0.5,0.5,0,0.2,0,0.2,0.5,0.5,0.2,0.5,0
53697,0.5,0.5,0,0.2,0,0.2,0.5,0.5,0.5,0.2,0
53703,0.5,0.5,0,0.2,0,0.5,0,0,0,0,0
53709,0.5,0.5,0,0.2,0,0.5,0,0,0,0.5,0
53715,0.5,0.5,0,0.2,0,0.5,0,0,0.2,0.2,0
53721,0.5,0.5,0,0.2,0,0.5,0,0,0.5,0,0
53728,0.5,0.5,0,0.2,0,0.5,0,0,0.5,0.5,0.2
53734,0.5,0.5,0,0.2,0,0.5,0,0.2,0,0.2,0.2
53739,0.5,0.5,0,0.2,0,0.5,0,0.2,0.2,0,0
53745,0.5,0.5,0,0.2,0,0.5,0,0.2,0.2,0.5,0
53751,0.5,0.5,0,0.2,0,0.5,0,0.2,0.5,0.2,0
53755,0.5,0.5,0,0.2,0,0.5,0,0.2,0.5,0.5,0.2
53761,0.5,0.5,0,0.2,0,0.5,0,0.5,0,0.2,0.2
53766,0.5,0.5,0,0.2,0,0.5,0,0.5,0.2,0,0
53773,0.5,0.5,0,0.2,0,0.5,0,0.5,0.2,0.5,0.2
53779,0.5,0.5,0,0.2,0,0.5,0,0.5,0.5,0.2,0.2
53784,0.5,0.5,0,0.2,0,0.5,0.2,0,0,0,0
53790,0.5,0.5,0,0.2,0,0.5,0.2,0,0,0.5,0
53796,0.5,0.5,0,0.2,0,0.5,0.2,0,0.2,0.2,0
53802,0.5,0.5,0,0.2,0,0.5,0.2,0,0.5,0,0
53810,0.5,0.5,0,0.2,0,0.5,0.2,0,0.5,0.5,0.5
53816,0.5,0.5,0,0.2,0,0.5,0.2,0.2,0,0.2,0.5
53822,0.5,0.5,0,0.2,0,0.5,0.2,0.2,0.2,0,0.5
53828,0.5,0.5,0,0.2,0,0.5,0.2,0.2,0.2,0.5,0.5
53833,0.5,0.5,0,0.2,0,0.5,0.2,0.2,0.5,0.2,0.2
53839,0.5,0.5,0,0.2,0,0.5,0.2,0.5,0,0,0.2
53847,0.5,0.5,0,0.2,0,0.5,0.2,0.5,0.2,0,0
53853,0.5,0.5,0,0.2,0,0.5,0.2,0.5,0.2,0.5,0
53859,0.5,0.5,0,0.2,0,0.5,0.2,0.5,0.5,0.2,0
53865,0.5,0.5,0,0.2,0,0.5,0.5,0,0,0,0
53871,0.5,0.5,0,0.2,0,0.5,0.5,0,0,0.5,0
53877,0.5,0.5,0,0.2,0,0.5,0.5,0,0.2,0.2,0
53883,0.5,0.5,0,0.2,0,0.5,0.5,0,0.5,0,0
53891,0.5,0.5,0,0.2,0,0.5,0.5,0,0.5,0.5,0.5
53897,0.5,0.5,0,0.2,0,0.5,0.5,0.2,0,0.2,0.5
53903,0.5,0.5,0,0.2,0,0.5,0.5,0.2,0.2,0,0.5
53909,0.5,0.5,0,0.2,0,0.5,0.5,0.2,0.2,0.5,0.5
53915,0.5,0.5,0,0.2,0,0.5,0.5,0.2,0.5,0.2,0.5
53921,0.5,0.5,0,0.2,0,0.5,0.5,0.5,0,0,0.5
53926,0.5,0.5,0,0.2,0,0.5,0.5,0.5,0,0.5,0.2
53932,0.5,0.5,0,0.2,0,0.5,0.5,0.5,0.2,0.2,0.2
53938,0.5,0.5,0,0.2,0,0.5,0.5,0.5,0.5,0,0.2
53944,0.5,0.5,0,0.2,0,0.5,0.5,0.5,0.5,0.5,0.2
53950,0.5,0.5,0,0.5,0,0,0,0,0,0.2,0.2
53956,0.5,0.5,0,0.5,0,0,0,0,0.2,0,0.2
53964,0.5,0.5,0,0.5,0,0,0,0,0.5,0,0
53971,0.5,0.5,0,0.5,0,0,0,0,0.5,0.5,0.2
53978,0.5,0.5,0,0.5,0,0,0,0.2,0,0.2,0.5
53984,0.5,0.5,0,0.5,0,0,0,0.2,0.2,0,0.5
53992,0.5,0.5,0,0.5,0,0,0,0.2,0.5,0,0.2
53999,0.5,0.5,0,0.5,0,0,0,0.2,0.5,0.5,0.5
54005,0.5,0.5,0,0.5,0,0,0,0.5,0,0.2,0.5
54011,0.5,0.5,0,0.5,0,0,0,0.5,0.2,0,0.5
54016,0.5,0.5,0,0.5,0,0,0,0.5,0.2,0.5,0.2
54022,0.5,0.5,0,0.5,0,0,0,0.5,0.5,0.2,0.2
54028,0.5,0.5,0,0.5,0,0,0.2,0,0,0,0.2
54034,0.5,0.5,0,0.5,0,0,0.2,0,0,0.5,0.2
54040,0.5,0.5,0,0.5,0,0,0.2,0,0.2,0.2,0.2
54046,0.5,0.5,0,0.5,0,0,0.2,0,0.5,0,0.2
54055,0.5,0.5,0,0.5,0,0,0.2,0.2,0,0,0.2
54058,0.5,0.5,0,0.5,0,0,0.2,0.2,0,0.2,0.2
54063,0.5,0.5,0,0.5,0,0,0.2,0.2,0.2,0,0
54069,0.5,0.5,0,0.5,0,0,0.2,0.2,0.2,0.5,0
54075,0.5,0.5,0,0.5,0,0,0.2,0.2,0.5,0.2,0
54083,0.5,0.5,0,0.5,0,0,0.2,0.5,0,0,0.5
54090,0.5,0.5,0,0.5,0,0,0.2,0.5,0.2,0,0
54096,0.5,0.5,0,0.5,0,0,0.2,0.5,0.2,0.5,0
54103,0.5,0.5,0,0.5,0,0,0.2,0.5,0.5,0.2,0.2
54109,0.5,0.5,0,0.5,0,0,0.5,0,0,0,0.2
54115,0.5,0.5,0,0.5,0,0,0.5,0,0,0.5,0.2
54122,0.5,0.5,0,0.5,0,0,0.5,0,0.2,0.2,0.5
54128,0.5,0.5,0,0.5,0,0,0.5,0,0.5,0,0.5
54134,0.5,0.5,0,0.5,0,0,0.5,0,0.5,0.5,0.5
54140,0.5,0.5,0,0.5,0,0,0.5,0.2,0,0.2,0.5
54145,0.5,0.5,0,0.5,0,0,0.5,0.2,0.2,0,0.2
54151,0.5,0.5,0,0.5,0,0,0.5,0.2,0.2,0.5,0.2
54157,0.5,0.5,0,0.5,0,0,0.5,0.2,0.5,0.2,0.2
54163,0.5,0.5,0,0.5,0,0,0.5,0.5,0,0,0.2
54166,0.5,0.5,0,0.5,0,0,0.5,0.5,0,0.2,0.2
54174,0.5,0.5,0,0.5,0,0,0.5,0.5,0.2,0.2,0
54180,0.5,0.5,0,0.5,0,0,0.5,0.5,0.5,0,0
54187,0.5,0.5,0,0.5,0,0,0.5,0.5,0.5,0.5,0.2
54193,0.5,0.5,0,0.5,0,0.2,0,0,0,0.2,0.2
54199,0.5,0.5,0,0.5,0,0.2,0,0,0.2,0,0.2
54204,0.5,0.5,0,0.5,0,0.2,0,0,0.2,0.5,0
54210,0.5,0.5,0,0.5,0,0.2,0,0,0.5,0.2,0
54213,0.5,0.5,0,0.5,0,0.2,0,0,0.5,0.5,0
54219,0.5,0.5,0,0.5,0,0.2,0,0.2,0,0.2,0
54225,0.5,0.5,0,0.5,0,0.2,0,0.2,0.2,0,0
54236,0.5,0.5,0,0.5,0,0.2,0,0.2,0.5,0,0.5
54241,0.5,0.5,0,0.5,0,0.2,0,0.2,0.5,0.5,0.2
54248,0.5,0.5,0,0.5,0,0.2,0,0.5,0,0.2,0.5
54254,0.5,0.5,0,0.5,0,0.2,0,0.5,0.2,0,0.5
54261,0.5,0.5,0,0.5,0,0.2,0,0.5,0.5,0,0
54267,0.5,0.5,0,0.5,0,0.2,0,0.5,0.5,0.5,0
54273,0.5,0.5,0,0.5,0,0.2,0.2,0,0,0.2,0
54279,0.5,0.5,0,0.5,0,0.2,0.2,0,0.2,0,0
54285,0.5,0.5,0,0.5,0,0.2,0.2,0,0.2,0.5,0
54292,0.5,0.5,0,0.5,0,0.2,0.2,0,0.5,0.2,0.2
54298,0.5,0.5,0,0.5,0,0.2,0.2,0.2,0,0,0.2
54304,0.5,0.5,0,0.5,0,0.2,0.2,0.2,0,0.5,0.2
54310,0.5,0.5,0,0.5,0,0.2,0.2,0.2,0.2,0.2,0.2
54315,0.5,0.5,0,0.5,0,0.2,0.2,0.2,0.5,0,0
54322,0.5,0.5,0,0.5,0,0.2,0.2,0.2,0.5,0.5,0.2
54329,0.5,0.5,0,0.5,0,0.2,0.2,0.5,0,0.2,0.5
54335,0.5,0.5,0,0.5,0,0.2,0.2,0.5,0.2,0,0.5
54341,0.5,0.5,0,0.5,0,0.2,0.2,0.5,0.2,0.5,0.5
54346,0.5,0.5,0,0.5,0,0.2,0.2,0.5,0.5,0.2,0.2
54352,0.5,0.5,0,0.5,0,0.2,0.5,0,0,0,0.2
54358,0.5,0.5,0,0.5,0,0.2,0.5,0,0,0.5,0.2
54365,0.5,0.5,0,0.5,0,0.2,0.5,0,0.2,0.2,0.5
54370,0.5,0.5,0,0.5,0,0.2,0.5,0,0.5,0,0.2
54376,0.5,0.5,0,0.5,0,0.2,0.5,0,0.5,0.5,0.2
54383,0.5,0.5,0,0.5,0,0.2,0.5,0.2,0,0.2,0.5
54389,0.5,0.5,0,0.5,0,0.2,0.5,0.2,0.2,0,0.5
54395,0.5,0.5,0,0.5,0,0.2,0.5,0.2,0.2,0.5,0.5
54400,0.5,0.5,0,0.5,0,0.2,0.5,0.2,0.5,0.2,0.2
54406,0.5,0.5,0,0.5,0,0.2,0.5,0.5,0,0,0.2
54410,0.5,0.5,0,0.5,0,0.2,0.5,0.5,0,0.2,0.5
54416,0.5,0.5,0,0.5,0,0.2,0.5,0.5,0.2,0,0.5
54422,0.5,0.5,0,0.5,0,0.2,0.5,0.5,0.2,0.5,0.5
54428,0.5,0.5,0,0.5,0,0.2,0.5,0.5,0.5,0.2,0.5
54434,0.5,0.5,0,0.5,0,0.5,0,0,0,0,0.5
54440,0.5,0.5,0,0.5,0,0.5,0,0,0,0.5,0.5
54446,0.5,0.5,0,0.5,0,0.5,0,0,0.2,0.2,0.5
54452,0.5,0.5,0,0.5,0,0.5,0,0,0.5,0,0.5
54456,0.5,0.5,0,0.5,0,0.5,0,0,0.5,0.5,0
54465,0.5,0.5,0,0.5,0,0.5,0,0.2,0,0.5,0
54471,0.5,0.5,0,0.5,0,0.5,0,0.2,0.2,0.2,0
54477,0.5,0.5,0,0.5,0,0.5,0,0.2,0.5,0,0
54485,0.5,0.5,0,0.5,0,0.5,0,0.2,0.5,0.5,0.5
54490,0.5,0.5,0,0.5,0,0.5,0,0.5,0,0.2,0.2
54496,0.5,0.5,0,0.5,0,0.5,0,0.5,0.2,0,0.2
54503,0.5,0.5,0,0.5,0,0.5,0,0.5,0.2,0.5,0.5
54507,0.5,0.5,0,0.5,0,0.5,0,0.5,0.5,0.2,0
54513,0.5,0.5,0,0.5,0,0.5,0.2,0,0,0,0
54519,0.5,0.5,0,0.5,0,0.5,0.2,0,0,0.5,0
54525,0.5,0.5,0,0.5,0,0.5,0.2,0,0.2,0.2,0
54531,0.5,0.5,0,0.5,0,0.5,0.2,0,0.5,0,0
54537,0.5,0.5,0,0.5,0,0.5,0.2,0,0.5,0.5,0
54546,0.5,0.5,0,0.5,0,0.5,0.2,0.2,0,0.5,0
54552,0.5,0.5,0,0.5,0,0.5,0.2,0.2,0.2,0.2,0
54558,0.5,0.5,0,0.5,0,0.5,0.2,0.2,0.5,0,0
54564,0.5,0.5,0,0.5,0,0.5,0.2,0.2,0.5,0.5,0
54570,0.5,0.5,0,0.5,0,0.5,0.2,0.5,0,0.2,0
54576,0.5,0.5,0,0.5,0,0.5,0.2,0.5,0.2,0,0
54582,0.5,0.5,0,0.5,0,0.5,0.2,0.5,0.2,0.5,0
54588,0.5,0.5,0,0.5,0,0.5,0.2,0.5,0.5,0.2,0
54594,0.5,0.5,0,0.5,0,0.5,0.5,0,0,0,0
54600,0.5,0.5,0,0.5,0,0.5,0.5,0,0,0.5,0
54606,0.5,0.5,0,0.5,0,0.5,0.5,0,0.2,0.2,0
54612,0.5,0.5,0,0.5,0,0.5,0.5,0,0.5,0,0
54618,0.5,0.5,0,0.5,0,0.5,0.5,0,0.5,0.5,0
54624,0.5,0.5,0,0.5,0,0.5,0.5,0.2,0,0.2,0
54630,0.5,0.5,0,0.5,0,0.5,0.5,0.2,0.2,0,0
54636,0.5,0.5,0,0.5,0,0.5,0.5,0.2,0.2,0.5,0
54642,0.5,0.5,0,0.5,0,0.5,0.5,0.2,0.5,0.2,0
54648,0.5,0.5,0,0.5,0,0.5,0.5,0.5,0,0,0
54654,0.5,0.5,0,0.5,0,0.5,0.5,0.5,0,0.5,0
54660,0.5,0.5,0,0.5,0,0.5,0.5,0.5,0.2,0.2,0
54666,0.5,0.5,0,0.5,0,0.5,0.5,0.5,0.5,0,0
54672,0.5,0.5,0,0.5,0,0.5,0.5,0.5,0.5,0.5,0
54678,0.5,0.5,0.2,0,0,0,0,0,0,0.2,0
54684,0.5,0.5,0.2,0,0,0,0,0,0.2,0,0
54690,0.5,0.5,0.2,0,0,0,0,0,0.2,0.5,0
54696,0.5,0.5,0.2,0,0,0,0,0,0.5,0.2,0
54702,0.5,0.5,0.2,0,0,0,0,0.2,0,0,0
54707,0.5,0.5,0.2,0,0,0,0,0.2,0,0.2,0.5
54714,0.5,0.5,0.2,0,0,0,0,0.2,0.2,0.2,0
54719,0.5,0.5,0.2,0,0,0,0,0.2,0.2,0.5,0.5
54725,0.5,0.5,0.2,0,0,0,0,0.2,0.5,0.2,0.5
54730,0.5,0.5,0.2,0,0,0,0,0.5,0,0,0.2
54736,0.5,0.5,0.2,0,0,0,0,0.5,0,0.5,0.2
54742,0.5,0.5,0.2,0,0,0,0,0.5,0.2,0.2,0.2
54748,0.5,0.5,0.2,0,0,0,0,0.5,0.5,0,0.2
54753,0.5,0.5,0.2,0,0,0,0,0.5,0.5,0.5,0
54759,0.5,0.5,0.2,0,0,0,0.2,0,0,0.2,0
54765,0.5,0.5,0.2,0,0,0,0.2,0,0.2,0,0
54771,0.5,0.5,0.2,0,0,0,0.2,0,0.2,0.5,0
54777,0.5,0.5,0.2,0,0,0,0.2,0,0.5,0.2,0
54782,0.5,0.5,0.2,0,0,0,0.2,0,0.5,0.5,0.5
54788,0.5,0.5,0.2,0,0,0,0.2,0.2,0,0.2,0.5
54794,0.5,0.5,0.2,0,0,0,0.2,0.2,0.2,0,0.5
54803,0.5,0.5,0.2,0,0,0,0.2,0.2,0.5,0,0.5
54810,0.5,0.5,0.2,0,0,0,0.2,0.5,0,0,0
54817,0.5,0.5,0.2,0,0,0,0.2,0.5,0,0.5,0.2
54823,0.5,0.5,0.2,0,0,0,0.2,0.5,0.2,0.2,0.2
54828,0.5,0.5,0.2,0,0,0,0.2,0.5,0.5,0,0
54835,0.5,0.5,0.2,0,0,0,0.2,0.5,0.5,0.5,0.2
54841,0.5,0.5,0.2,0,0,0,0.5,0,0,0.2,0.2
54847,0.5,0.5,0.2,0,0,0,0.5,0,0.2,0,0.2
54853,0.5,0.5,0.2,0,0,0,0.5,0,0.2,0.5,0.2
54859,0.5,0.5,0.2,0,0,0,0.5,0,0.5,0.2,0.2
54865,0.5,0.5,0.2,0,0,0,0.5,0.2,0,0,0.2
54871,0.5,0.5,0.2,0,0,0,0.5,0.2,0,0.5,0.2
54877,0.5,0.5,0.2,0,0,0,0.5,0.2,0.2,0.2,0.2
54883,0.5,0.5,0.2,0,0,0,0.5,0.2,0.5,0,0.2
54889,0.5,0.5,0.2,0,0,0,0.5,0.2,0.5,0.5,0.2
54895,0.5,0.5,0.2,0,0,0,0.5,0.5,0,0.2,0.2
54900,0.5,0.5,0.2,0,0,0,0.5,0.5,0.2,0,0
54905,0.5,0.5,0.2,0,0,0,0.5,0.5,0.2,0.2,0.5
54910,0.5,0.5,0.2,0,0,0,0.5,0.5,0.5,0,0.2
54915,0.5,0.5,0.2,0,0,0,0.5,0.5,0.5,0.5,0
54920,0.5,0.5,0.2,0,0,0.2,0,0,0,0,0.5
54925,0.5,0.5,0.2,0,0,0.2,0,0,0,0.5,0.2
54931,0.5,0.5,0.2,0,0,0.2,0,0,0.2,0.2,0.2
54935,0.5,0.5,0.2,0,0,0.2,0,0,0.2,0.5,0.5
54940,0.5,0.5,0.2,0,0,0.2,0,0,0.5,0.2,0.2
54945,0.5,0.5,0.2,0,0,0.2,0,0.2,0,0,0
54951,0.5,0.5,0.2,0,0,0.2,0,0.2,0,0.5,0
54956,0.5,0.5,0.2,0,0,0.2,0,0.2,0.2,0,0.5
54961,0.5,0.5,0.2,0,0,0.2,0,0.2,0.2,0.5,0.2
54966,0.5,0.5,0.2,0,0,0.2,0,0.2,0.5,0.2,0
54971,0.5,0.5,0.2,0,0,0.2,0,0.2,0.5,0.5,0.5
54976,0.5,0.5,0.2,0,0,0.2,0,0.5,0,0.2,0.2
54982,0.5,0.5,0.2,0,0,0.2,0,0.5,0.2,0,0.2
54987,0.5,0.5,0.2,0,0,0.2,0,0.5,0.2,0.5,0
54992,0.5,0.5,0.2,0,0,0.2,0,0.5,0.5,0,0.5
54997,0.5,0.5,0.2,0,0,0.2,0,0.5,0.5,0.5,0.2
55002,0.5,0.5,0.2,0,0,0.2,0.2,0,0,0.2,0
55007,0.5,0.5,0.2,0,0,0.2,0.2,0,0,0.5,0.5
55012,0.5,0.5,0.2,0,0,0.2,0.2,0,0.2,0.2,0.2
55017,0.5,0.5,0.2,0,0,0.2,0.2,0,0.5,0,0
55023,0.5,0.5,0.2,0,0,0.2,0.2,0,0.5,0.5,0
55028,0.5,0.5,0.2,0,0,0.2,0.2,0.2,0,0,0.5
55033,0.5,0.5,0.2,0,0,0.2,0.2,0.2,0,0.5,0.2
55038,0.5,0.5,0.2,0,0,0.2,0.2,0.2,0.2,0.2,0
55043,0.5,0.5,0.2,0,0,0.2,0.2,0.2,0.2,0.5,0.5
55048,0.5,0.5,0.2,0,0,0.2,0.2,0.2,0.5,0.2,0.2
55053,0.5,0.5,0.2,0,0,0.2,0.2,0.5,0,0,0
55057,0.5,0.5,0.2,0,0,0.2,0.2,0.5,0,0.2,0.2
55062,0.5,0.5,0.2,0,0,0.2,0.2,0.5,0.2,0,0
55067,0.5,0.5,0.2,0,0,0.2,0.2,0.5,0.2,0.2,0.5
55072,0.5,0.5,0.2,0,0,0.2,0.2,0.5,0.5,0,0.2
55077,0.5,0.5,0.2,0,0,0.2,0.2,0.5,0.5,0.5,0
55082,0.5,0.5,0.2,0,0,0.2,0.5,0,0,0,0.5
55087,0.5,0.5,0.2,0,0,0.2,0.5,0,0,0.5,0.2
55092,0.5,0.5,0.2,0,0,0.2,0.5,0,0.2,0.2,0
55096,0.5,0.5,0.2,0,0,0.2,0.5,0,0.2,0.5,0.2
55101,0.5,0.5,0.2,0,0,0.2,0.5,0,0.5,0.2,0
55103,0.5,0.5,0.2,0,0,0.2,0.5,0,0.5,0.2,0.5
55107,0.5,0.5,0.2,0,0,0.2,0.5,0.2,0,0,0
55111,0.5,0.5,0.2,0,0,0.2,0.5,0.2,0,0.2,0.2
55115,0.5,0.5,0.2,0,0,0.2,0.5,0.2,0,0.5,0.5
55119,0.5,0.5,0.2,0,0,0.2,0.5,0.2,0.2,0.2,0
55123,0.5,0.5,0.2,0,0,0.2,0.5,0.2,0.2,0.5,0.2
55127,0.5,0.5,0.2,0,0,0.2,0.5,0.2,0.5,0,0.5
55131,0.5,0.5,0.2,0,0,0.2,0.5,0.2,0.5,0.5,0
55135,0.5,0.5,0.2,0,0,0.2,0.5,0.5,0,0,0.2
55139,0.5,0.5,0.2,0,0,0.2,0.5,0.5,0,0.2,0.5
55143,0.5,0.5,0.2,0,0,0.2,0.5,0.5,0.2,0,0
55147,0.5,0.5,0.2,0,0,0.2,0.5,0.5,0.2,0.2,0.2
55151,0.5,0.5,0.2,0,0,0.2,0.5,0.5,0.2,0.5,0.5
55155,0.5,0.5,0.2,0,0,0.2,0.5,0.5,0.5,0.2,0
55159,0.5,0.5,0.2,0,0,0.2,0.5,0.5,0.5,0.5,0.2
55163,0.5,0.5,0.2,0,0,0.5,0,0,0,0,0.5
55166,0.5,0.5,0.2,0,0,0.5,0,0,0,0.2,0.5
55171,0.5,0.5,0.2,0,0,0.5,0,0,0.2,0,0.2
55175,0.5,0.5,0.2,0,0,0.5,0,0,0.2,0.2,0.5
55179,0.5,0.5,0.2,0,0,0.5,0,0,0.5,0,0
55183,0.5,0.5,0.2,0,0,0.5,0,0,0.5,0.2,0.2
55189,0.5,0.5,0.2,0,0,0.5,0,0.2,0,0,0.2
55193,0.5,0.5,0.2,0,0,0.5,0,0.2,0,0.2,0.5
55196,0.5,0.5,0.2,0,0,0.5,0,0.2,0,0.5,0.5
55200,0.5,0.5,0.2,0,0,0.5,0,0.2,0.2,0.2,0
55204,0.5,0.5,0.2,0,0,0.5,0,0.2,0.2,0.5,0.2
55208,0.5,0.5,0.2,0,0,0.5,0,0.2,0.5,0,0.5
55212,0.5,0.5,0.2,0,0,0.5,0,0.2,0.5,0.5,0
55216,0.5,0.5,0.2,0,0,0.5,0,0.5,0,0,0.2
55220,0.5,0.5,0.2,0,0,0.5,0,0.5,0,0.2,0.5
55223,0.5,0.5,0.2,0,0,0.5,0,0.5,0,0.5,0.5
55227,0.5,0.5,0.2,0,0,0.5,0,0.5,0.2,0.2,0
55231,0.5,0.5,0.2,0,0,0.5,0,0.5,0.2,0.5,0.2
55236,0.5,0.5,0.2,0,0,0.5,0,0.5,0.5,0.2,0
55240,0.5,0.5,0.2,0,0,0.5,0,0.5,0.5,0.5,0.2
55244,0.5,0.5,0.2,0,0,0.5,0.2,0,0,0,0.5
55248,0.5,0.5,0.2,0,0,0.5,0.2,0,0,0.5,0
55252,0.5,0.5,0.2,0,0,0.5,0.2,0,0.2,0,0.2
55256,0.5,0.5,0.2,0,0,0.5,0.2,0,0.2,0.2,0.5
55261,0.5,0.5,0.2,0,0,0.5,0.2,0,0.5,0,0.2
55264,0.5,0.5,0.2,0,0,0.5,0.2,0,0.5,0.2,0.2
55268,0.5,0.5,0.2,0,0,0.5,0.2,0,0.5,0.5,0.5
55272,0.5,0.5,0.2,0,0,0.5,0.2,0.2,0,0.2,0
55276,0.5,0.5,0.2,0,0,0.5,0.2,0.2,0,0.5,0.2
55280,0.5,0.5,0.2,0,0,0.5,0.2,0.2,0.2,0,0.5
55284,0.5,0.5,0.2,0,0,0.5,0.2,0.2,0.2,0.5,0
55288,0.5,0.5,0.2,0,0,0.5,0.2,0.2,0.5,0,0.2
55292,0.5,0.5,0.2,0,0,0.5,0.2,0.2,0.5,0.2,0.5
55296,0.5,0.5,0.2,0,0,0.5,0.2,0.5,0,0,0
55301,0.5,0.5,0.2,0,0,0.5,0.2,0.5,0,0.2,0.5
55305,0.5,0.5,0.2,0,0,0.5,0.2,0.5,0.2,0,0
55309,0.5,0.5,0.2,0,0,0.5,0.2,0.5,0.2,0.2,0.2
55313,0.5,0.5,0.2,0,0,0.5,0.2,0.5,0.2,0.5,0.5
55317,0.5,0.5,0.2,0,0,0.5,0.2,0.5,0.5,0.2,0
55321,0.5,0.5,0.2,0,0,0.5,0.2,0.5,0.5,0.5,0.2
55325,0.5,0.5,0.2,0,0,0.5,0.5,0,0,0,0.5
55329,0.5,0.5,0.2,0,0,0.5,0.5,0,0,0.5,0
55333,0.5,0.5,0.2,0,0,0.5,0.5,0,0.2,0,0.2
55337,0.5,0.5,0.2,0,0,0.5,0.5,0,0.2,0.2,0.5
55341,0.5,0.5,0.2,0,0,0.5,0.5,0,0.5,0,0
55345,0.5,0.5,0.2,0,0,0.5,0.5,0,0.5,0.2,0.2
55349,0.5,0.5,0.2,0,0,0.5,0.5,0,0.5,0.5,0.5
55353,0.5,0.5,0.2,0,0,0.5,0.5,0.2,0,0.2,0
55357,0.5,0.5,0.2,0,0,0.5,0.5,0.2,0,0.5,0.2
55361,0.5,0.5,0.2,0,0,0.5,0.5,0.2,0.2,0,0.5
55365,0.5,0.5,0.2,0,0,0.5,0.5,0.2,0.2,0.5,0
55369,0.5,0.5,0.2,0,0,0.5,0.5,0.2,0.5,0,0.2
55373,0.5,0.5,0.2,0,0,0.5,0.5,0.2,0.5,0.2,0.5
55377,0.5,0.5,0.2,0,0,0.5,0.5,0.5,0,0,0
55381,0.5,0.5,0.2,0,0,0.5,0.5,0.5,0,0.2,0.2
55385,0.5,0.5,0.2,0,0,0.5,0.5,0.5,0,0.5,0.5
55389,0.5,0.5,0.2,0,0,0.5,0.5,0.5,0.2,0.2,0
55393,0.5,0.5,0.2,0,0,0.5,0.5,0.5,0.2,0.5,0.2
55397,0.5,0.5,0.2,0,0,0.5,0.5,0.5,0.5,0,0.5
55399,0.5,0.5,0.2,0,0,0.5,0.5,0.5,0.5,0.2,0.2
55402,0.5,0.5,0.2,0,0,0.5,0.5,0.5,0.5,0.5,0.2
55405,0.5,0.5,0.2,0.2,0,0,0,0,0,0,0.2
55407,0.5,0.5,0.2,0.2,0,0,0,0,0,0.2,0
55410,0.5,0.5,0.2,0.2,0,0,0,0,0,0.5,0
55413,0.5,0.5,0.2,0.2,0,0,0,0,0.2,0,0
55418,0.5,0.5,0.2,0.2,0,0,0,0,0.2,0.2,0.5
55421,0.5,0.5,0.2,0.2,0,0,0,0,0.2,0.5,0.5
55424,0.5,0.5,0.2,0.2,0,0,0,0,0.5,0,0.5
55426,0.5,0.5,0.2,0.2,0,0,0,0,0.5,0.2,0.2
55429,0.5,0.5,0.2,0.2,0,0,0,0,0.5,0.5,0.2
55432,0.5,0.5,0.2,0.2,0,0,0,0.2,0,0,0.2
55434,0.5,0.5,0.2,0.2,0,0,0,0.2,0,0.2,0
55437,0.5,0.5,0.2,0.2,0,0,0,0.2,0,0.5,0
55440,0.5,0.5,0.2,0.2,0,0,0,0.2,0.2,0,0
55445,0.5,0.5,0.2,0.2,0,0,0,0.2,0.2,0.2,0.5
55448,0.5,0.5,0.2,0.2,0,0,0,0.2,0.2,0.5,0.5
55450,0.5,0.5,0.2,0.2,0,0,0,0.2,0.5,0,0.2
55453,0.5,0.5,0.2,0.2,0,0,0,0.2,0.5,0.2,0.2
55456,0.5,0.5,0.2,0.2,0,0,0,0.2,0.5,0.5,0.2
55459,0.5,0.5,0.2,0.2,0,0,0,0.5,0,0,0.2
55461,0.5,0.5,0.2,0.2,0,0,0,0.5,0,0.2,0
55464,0.5,0.5,0.2,0.2,0,0,0,0.5,0,0.5,0
55467,0.5,0.5,0.2,0.2,0,0,0,0.5,0.2,0,0
55471,0.5,0.5,0.2,0.2,0,0,0,0.5,0.2,0.2,0.2
55474,0.5,0.5,0.2,0.2,0,0,0,0.5,0.2,0.5,0.2
55476,0.5,0.5,0.2,0.2,0,0,0,0.5,0.5,0,0
55481,0.5,0.5,0.2,0.2,0,0,0,0.5,0.5,0.2,0.5
55484,0.5,0.5,0.2,0.2,0,0,0,0.5,0.5,0.5,0.5
55487,0.5,0.5,0.2,0.2,0,0,0.2,0,0,0,0.5
55491,0.5,0.5,0.2,0.2,0,0,0.2,0,0,0.5,0
55494,0.5,0.5,0.2,0.2,0,0,0.2,0,0.2,0,0
55497,0.5,0.5,0.2,0.2,0,0,0.2,0,0.2,0.2,0
55500,0.5,0.5,0.2,0.2,0,0,0.2,0,0.2,0.5,0
55503,0.5,0.5,0.2,0.2,0,0,0.2,0,0.5,0,0
55506,0.5,0.5,0.2,0.2,0,0,0.2,0,0.5,0.2,0
55509,0.5,0.5,0.2,0.2,0,0,0.2,0,0.5,0.5,0
55512,0.5,0.5,0.2,0.2,0,0,0.2,0.2,0,0,0
55515,0.5,0.5,0.2,0.2,0,0,0.2,0.2,0,0.2,0
55517,0.5,0.5,0.2,0.2,0,0,0.2,0.2,0,0.2,0.5
55520,0.5,0.5,0.2,0.2,0,0,0.2,0.2,0,0.5,0.5
55523,0.5,0.5,0.2,0.2,0,0,0.2,0.2,0.2,0,0.5
55525,0.5,0.5,0.2,0.2,0,0,0.2,0.2,0.2,0.2,0.2
55528,0.5,0.5,0.2,0.2,0,0,0.2,0.2,0.2,0.5,0.2
55531,0.5,0.5,0.2,0.2,0,0,0.2,0.2,0.5,0,0.2
55534,0.5,0.5,0.2,0.2,0,0,0.2,0.2,0.5,0.2,0.2
55537,0.5,0.5,0.2,0.2,0,0,0.2,0.2,0.5,0.5,0.2
55540,0.5,0.5,0.2,0.2,0,0,0.2,0.5,0,0,0.2
55543,0.5,0.5,0.2,0.2,0,0,0.2,0.5,0,0.2,0.2
55546,0.5,0.5,0.2,0.2,0,0,0.2,0.5,0,0.5,0.2
55549,0.5,0.5,0.2,0.2,0,0,0.2,0.5,0.2,0,0.2
55552,0.5,0.5,0.2,0.2,0,0,0.2,0.5,0.2,0.2,0.2
55555,0.5,0.5,0.2,0.2,0,0,0.2,0.5,0.2,0.5,0.2
55558,0.5,0.5,0.2,0.2,0,0,0.2,0.5,0.5,0,0.2
55561,0.5,0.5,0.2,0.2,0,0,0.2,0.5,0.5,0.2,0.2
55564,0.5,0.5,0.2,0.2,0,0,0.2,0.5,0.5,0.5,0.2
55567,0.5,0.5,0.2,0.2,0,0,0.5,0,0,0,0.2
55570,0.5,0.5,0.2,0.2,0,0,0.5,0,0,0.2,0.2
55573,0.5,0.5,0.2,0.2,0,0,0.5,0,0,0.5,0.2
55576,0.5,0.5,0.2,0.2,0,0,0.5,0,0.2,0,0.2
55579,0.5,0.5,0.2,0.2,0,0,0.5,0,0.2,0.2,0.2
55582,0.5,0.5,0.2,0.2,0,0,0.5,0,0.2,0.5,0.2
55585,0.5,0.5,0.2,0.2,0,0,0.5,0,0.5,0,0.2
55588,0.5,0.5,0.2,0.2,0,0,0.5,0,0.5,0.2,0.2
55591,0.5,0.5,0.2,0.2,0,0,0.5,0,0.5,0.5,0.2
55594,0.5,0.5,0.2,0.2,0,0,0.5,0.2,0,0,0.2
55597,0.5,0.5,0.2,0.2,0,0,0.5,0.2,0,0.2,0.2
55600,0.5,0.5,0.2,0.2,0,0,0.5,0.2,0,0.5,0.2
55603,0.5,0.5,0.2,0.2,0,0,0.5,0.2,0.2,0,0.2
55605,0.5,0.5,0.2,0.2,0,0,0.5,0.2,0.2,0.2,0
55608,0.5,0.5,0.2,0.2,0,0,0.5,0.2,0.2,0.5,0
55611,0.5,0.5,0.2,0.2,0,0,0.5,0.2,0.5,0,0
55614,0.5,0.5,0.2,0.2,0,0,0.5,0.2,0.5,0.2,0
55617,0.5,0.5,0.2,0.2,0,0,0.5,0.2,0.5,0.5,0
55620,0.5,0.5,0.2,0.2,0,0,0.5,0.5,0,0,0
55623,0.5,0.5,0.2,0.2,0,0,0.5,0.5,0,0.2,0
55626,0.5,0.5,0.2,0.2,0,0,0.5,0.5,0,0.5,0
55629,0.5,0.5,0.2,0.2,0,0,0.5,0.5,0.2,0,0
55632,0.5,0.5,0.2,0.2,0,0,0.5,0.5,0.2,0.2,0
55635,0.5,0.5,0.2,0.2,0,0,0.5,0.5,0.2,0.5,0
55638,0.5,0.5,0.2,0.2,0,0,0.5,0.5,0.5,0,0
55641,0.5,0.5,0.2,0.2,0,0,0.5,0.5,0.5,0.2,0
55644,0.5,0.5,0.2,0.2,0,0,0.5,0.5,0.5,0.5,0
55647,0.5,0.5,0.2,0.2,0,0.2,0,0,0,0,0
55650,0.5,0.5,0.2,0.2,0,0.2,0,0,0,0.2,0
55653,0.5,0.5,0.2,0.2,0,0.2,0,0,0,0.5,0
55656,0.5,0.5,0.2,0.2,0,0.2,0,0,0.2,0,0
55661,0.5,0.5,0.2,0.2,0,0.2,0,0,0.2,0.2,0.5
55664,0.5,0.5,0.2,0.2,0,0.2,0,0,0.2,0.5,0.5
55667,0.5,0.5,0.2,0.2,0,0.2,0,0,0.5,0,0.5
55669,0.5,0.5,0.2,0.2,0,0.2,0,0,0.5,0.2,0.2
55672,0.5,0.5,0.2,0.2,0,0.2,0,0,0.5,0.5,0.2
55675,0.5,0.5,0.2,0.2,0,0.2,0,0.2,0,0,0.2
55677,0.5,0.5,0.2,0.2,0,0.2,0,0.2,0,0.2,0
55680,0.5,0.5,0.2,0.2,0,0.2,0,0.2,0,0.5,0
55683,0.5,0.5,0.2,0.2,0,0.2,0,0.2,0.2,0,0
55686,0.5,0.5,0.2,0.2,0,0.2,0,0.2,0.2,0.2,0
55689,0.5,0.5,0.2,0.2,0,0.2,0,0.2,0.2,0.5,0
55692,0.5,0.5,0.2,0.2,0,0.2,0,0.2,0.5,0,0
55697,0.5,0.5,0.2,0.2,0,0.2,0,0.2,0.5,0.2,0.5
55700,0.5,0.5,0.2,0.2,0,0.2,0,0.2,0.5,0.5,0.5
55703,0.5,0.5,0.2,0.2,0,0.2,0,0.5,0,0,0.5
55706,0.5,0.5,0.2,0.2,0,0.2,0,0.5,0,0.2,0.5
55709,0.5,0.5,0.2,0.2,0,0.2,0,0.5,0,0.5,0.5
55712,0.5,0.5,0.2,0.2,0,0.2,0,0.5,0.2,0,0.5
55715,0.5,0.5,0.2,0.2,0,0.2,0,0.5,0.2,0.2,0.5
55719,0.5,0.5,0.2,0.2,0,0.2,0,0.5,0.5,0,0
55722,0.5,0.5,0.2,0.2,0,0.2,0,0.5,0.5,0.2,0
55725,0.5,0.5,0.2,0.2,0,0.2,0,0.5,0.5,0.5,0
55728,0.5,0.5,0.2,0.2,0,0.2,0.2,0,0,0,0
55731,0.5,0.5,0.2,0.2,0,0.2,0.2,0,0,0.2,0
55734,0.5,0.5,0.2,0.2,0,0.2,0.2,0,0,0.5,0
55737,0.5,0.5,0.2,0.2,0,0.2,0.2,0,0.2,0,0
55741,0.5,0.5,0.2,0.2,0,0.2,0.2,0,0.2,0.2,0.2
55744,0.5,0.5,0.2,0.2,0,0.2,0.2,0,0.2,0.5,0.2
55747,0.5,0.5,0.2,0.2,0,0.2,0.2,0,0.5,0,0.2
55750,0.5,0.5,0.2,0.2,0,0.2,0.2,0,0.5,0.2,0.2
55753,0.5,0.5,0.2,0.2,0,0.2,0.2,0,0.5,0.5,0.2
55756,0.5,0.5,0.2,0.2,0,0.2,0.2,0.2,0,0,0.2
55759,0.5,0.5,0.2,0.2,0,0.2,0.2,0.2,0,0.2,0.2
55762,0.5,0.5,0.2,0.2,0,0.2,0.2,0.2,0,0.5,0.2
55765,0.5,0.5,0.2,0.2,0,0.2,0.2,0.2,0.2,0,0.2
55768,0.5,0.5,0.2,0.2,0,0.2,0.2,0.2,0.2,0.2,0.2
55771,0.5,0.5,0.2,0.2,0,0.2,0.2,0.2,0.2,0.5,0.2
55774,0.5,0.5,0.2,0.2,0,0.2,0.2,0.2,0.5,0,0.2
55777,0.5,0.5,0.2,0.2,0,0.2,0.2,0.2,0.5,0.2,0.2
55780,0.5,0.5,0.2,0.2,0,0.2,0.2,0.2,0.5,0.5,0.2
55783,0.5,0.5,0.2,0.2,0,0.2,0.2,0.5,0,0,0.2
55786,0.5,0.5,0.2,0.2,0,0.2,0.2,0.5,0,0.2,0.2
55790,0.5,0.5,0.2,0.2,0,0.2,0.2,0.5,0,0.5,0.5
55793,0.5,0.5,0.2,0.2,0,0.2,0.2,0.5,0.2,0,0.5
55797,0.5,0.5,0.2,0.2,0,0.2,0.2,0.5,0.2,0.5,0
55800,0.5,0.5,0.2,0.2,0,0.2,0.2,0.5,0.5,0,0
55803,0.5,0.5,0.2,0.2,0,0.2,0.2,0.5,0.5,0.2,0
55805,0.5,0.5,0.2,0.2,0,0.2,0.2,0.5,0.5,0.2,0.5
55808,0.5,0.5,0.2,0.2,0,0.2,0.2,0.5,0.5,0.5,0.5
55811,0.5,0.5,0.2,0.2,0,0.2,0.5,0,0,0,0.5
55814,0.5,0.5,0.2,0.2,0,0.2,0.5,0,0,0.2,0.5
55817,0.5,0.5,0.2,0.2,0,0.2,0.5,0,0,0.5,0.5
55827,0.5,0.5,0.2,0.2,0,0.2,0.5,0,0.5,0,0
55836,0.5,0.5,0.2,0.2,0,0.2,0.5,0.2,0,0,0
55847,0.5,0.5,0.2,0.2,0,0.2,0.5,0.2,0.2,0,0.5
55858,0.5,0.5,0.2,0.2,0,0.2,0.5,0.2,0.5,0.2,0.2
55869,0.5,0.5,0.2,0.2,0,0.2,0.5,0.5,0,0.5,0
55880,0.5,0.5,0.2,0.2,0,0.2,0.5,0.5,0.2,0.5,0.5
55889,0.5,0.5,0.2,0.2,0,0.2,0.5,0.5,0.5,0.5,0.5
55900,0.5,0.5,0.2,0.2,0,0.5,0,0,0.2,0,0.2
55907,0.5,0.5,0.2,0.2,0,0.5,0,0,0.2,0.5,0.5
55919,0.5,0.5,0.2,0.2,0,0.5,0,0.2,0,0,0.5
55927,0.5,0.5,0.2,0.2,0,0.5,0,0.2,0.2,0,0.2
55938,0.5,0.5,0.2,0.2,0,0.5,0,0.2,0.5,0.2,0
55948,0.5,0.5,0.2,0.2,0,0.5,0,0.5,0,0.2,0.2
55958,0.5,0.5,0.2,0.2,0,0.5,0,0.5,0.2,0.2,0.5
55971,0.5,0.5,0.2,0.2,0,0.5,0.2,0,0,0,0
55982,0.5,0.5,0.2,0.2,0,0.5,0.2,0,0.2,0,0.5
55997,0.5,0.5,0.2,0.2,0,0.5,0.2,0,0.5,0.5,0.5
56007,0.5,0.5,0.2,0.2,0,0.5,0.2,0.2,0.2,0,0
56017,0.5,0.5,0.2,0.2,0,0.5,0.2,0.2,0.5,0,0.2
56027,0.5,0.5,0.2,0.2,0,0.5,0.2,0.5,0,0,0.5
56041,0.5,0.5,0.2,0.2,0,0.5,0.2,0.5,0.2,0.5,0.2
56051,0.5,0.5,0.2,0.2,0,0.5,0.2,0.5,0.5,0.5,0.5
56061,0.5,0.5,0.2,0.2,0,0.5,0.5,0,0.2,0,0
56071,0.5,0.5,0.2,0.2,0,0.5,0.5,0,0.5,0,0.2
56081,0.5,0.5,0.2,0.2,0,0.5,0.5,0.2,0,0,0.5
56092,0.5,0.5,0.2,0.2,0,0.5,0.5,0.2,0.2,0.2,0.2
56102,0.5,0.5,0.2,0.2,0,0.5,0.5,0.2,0.5,0.2,0.5
56111,0.5,0.5,0.2,0.2,0,0.5,0.5,0.5,0,0.2,0.5
56120,0.5,0.5,0.2,0.2,0,0.5,0.5,0.5,0.2,0.2,0.5
56129,0.5,0.5,0.2,0.2,0,0.5,0.5,0.5,0.5,0.2,0.5
56139,0.5,0.5,0.2,0.5,0,0,0,0,0,0.5,0
56152,0.5,0.5,0.2,0.5,0,0,0,0,0.5,0,0.2
56155,0.5,0.5,0.2,0.5,0,0,0,0,0.5,0.2,0.2
56171,0.5,0.5,0.2,0.5,0,0,0,0.2,0.2,0,0.5
56181,0.5,0.5,0.2,0.5,0,0,0,0.2,0.5,0.2,0
56190,0.5,0.5,0.2,0.5,0,0,0,0.5,0,0.2,0
56203,0.5,0.5,0.2,0.5,0,0,0,0.5,0.2,0.5,0.2
56213,0.5,0.5,0.2,0.5,0,0,0,0.5,0.5,0.5,0.5
56221,0.5,0.5,0.2,0.5,0,0,0.2,0,0,0.5,0.2
56231,0.5,0.5,0.2,0.5,0,0,0.2,0,0.2,0.5,0.5
56241,0.5,0.5,0.2,0.5,0,0,0.2,0.2,0,0,0
56251,0.5,0.5,0.2,0.5,0,0,0.2,0.2,0.2,0,0.2
56261,0.5,0.5,0.2,0.5,0,0,0.2,0.2,0.5,0,0.5
56272,0.5,0.5,0.2,0.5,0,0,0.2,0.5,0,0.2,0.2
56281,0.5,0.5,0.2,0.5,0,0,0.2,0.5,0.2,0.2,0.2
56290,0.5,0.5,0.2,0.5,0,0,0.2,0.5,0.5,0.2,0.2
56299,0.5,0.5,0.2,0.5,0,0,0.5,0,0,0.2,0.2
56308,0.5,0.5,0.2,0.5,0,0,0.5,0,0.2,0.2,0.2
56321,0.5,0.5,0.2,0.5,0,0,0.5,0,0.5,0.5,0.5
56330,0.5,0.5,0.2,0.5,0,0,0.5,0.2,0,0.5,0.5
56340,0.5,0.5,0.2,0.5,0,0,0.5,0.2,0.5,0,0
56350,0.5,0.5,0.2,0.5,0,0,0.5,0.5,0,0,0.2
56361,0.5,0.5,0.2,0.5,0,0,0.5,0.5,0.2,0.2,0
56371,0.5,0.5,0.2,0.5,0,0,0.5,0.5,0.5,0.2,0.2
56381,0.5,0.5,0.2,0.5,0,0.2,0,0,0,0.2,0.5
56387,0.5,0.5,0.2,0.5,0,0.2,0,0,0.2,0,0.5
56397,0.5,0.5,0.2,0.5,0,0.2,0,0,0.5,0.2,0
56406,0.5,0.5,0.2,0.5,0,0.2,0,0.2,0,0.2,0
56417,0.5,0.5,0.2,0.5,0,0.2,0,0.2,0.2,0.2,0.5
56430,0.5,0.5,0.2,0.5,0,0.2,0,0.5,0,0,0
56433,0.5,0.5,0.2,0.5,0,0.2,0,0.5,0,0.2,0
56445,0.5,0.5,0.2,0.5,0,0.2,0,0.5,0.2,0.5,0
56454,0.5,0.5,0.2,0.5,0,0.2,0,0.5,0.5,0.5,0
56461,0.5,0.5,0.2,0.5,0,0.2,0.2,0,0,0.2,0.2
56471,0.5,0.5,0.2,0.5,0,0.2,0.2,0,0.2,0.2,0.5
56481,0.5,0.5,0.2,0.5,0,0.2,0.2,0,0.5,0.5,0
56491,0.5,0.5,0.2,0.5,0,0.2,0.2,0.2,0,0.5,0.2
56502,0.5,0.5,0.2,0.5,0,0.2,0.2,0.2,0.5,0,0
56512,0.5,0.5,0.2,0.5,0,0.2,0.2,0.5,0,0,0.2
56524,0.5,0.5,0.2,0.5,0,0.2,0.2,0.5,0.2,0.2,0.2
56532,0.5,0.5,0.2,0.5,0,0.2,0.2,0.5,0.5,0.2,0
56540,0.5,0.5,0.2,0.5,0,0.2,0.5,0,0,0,0.5
56550,0.5,0.5,0.2,0.5,0,0.2,0.5,0,0.2,0.2,0
56559,0.5,0.5,0.2,0.5,0,0.2,0.5,0,0.5,0.2,0
56570,0.5,0.5,0.2,0.5,0,0.2,0.5,0.2,0,0.2,0.5
56580,0.5,0.5,0.2,0.5,0,0.2,0.5,0.2,0.2,0.5,0
56594,0.5,0.5,0.2,0.5,0,0.2,0.5,0.5,0,0,0.5
56600,0.5,0.5,0.2,0.5,0,0.2,0.5,0.5,0,0.5,0.5
56611,0.5,0.5,0.2,0.5,0,0.2,0.5,0.5,0.5,0,0.2
56623,0.5,0.5,0.2,0.5,0,0.5,0,0,0,0.2,0.2
56632,0.5,0.5,0.2,0.5,0,0.5,0,0,0.2,0.2,0.2
56639,0.5,0.5,0.2,0.5,0,0.5,0,0,0.5,0,0.5
56655,0.5,0.5,0.2,0.5,0,0.5,0,0.2,0.2,0,0
56663,0.5,0.5,0.2,0.5,0,0.5,0,0.2,0.2,0.5,0.5
56673,0.5,0.5,0.2,0.5,0,0.5,0,0.5,0,0,0
56682,0.5,0.5,0.2,0.5,0,0.5,0,0.5,0.2,0,0
56688,0.5,0.5,0.2,0.5,0,0.5,0,0.5,0.2,0.5,0
56697,0.5,0.5,0.2,0.5,0,0.5,0,0.5,0.5,0.5,0
56707,0.5,0.5,0.2,0.5,0,0.5,0.2,0,0,0.5,0.2
56714,0.5,0.5,0.2,0.5,0,0.5,0.2,0,0.2,0.2,0.5
56727,0.5,0.5,0.2,0.5,0,0.5,0.2,0.2,0,0,0
56737,0.5,0.5,0.2,0.5,0,0.5,0.2,0.2,0.2,0,0.2
56747,0.5,0.5,0.2,0.5,0,0.5,0.2,0.2,0.5,0,0.5
56758,0.5,0.5,0.2,0.5,0,0.5,0.2,0.5,0,0.2,0.2
56767,0.5,0.5,0.2,0.5,0,0.5,0.2,0.5,0.2,0.2,0.2
56780,0.5,0.5,0.2,0.5,0,0.5,0.2,0.5,0.5,0.5,0.5
56788,0.5,0.5,0.2,0.5,0,0.5,0.5,0,0,0.5,0.2
56796,0.5,0.5,0.2,0.5,0,0.5,0.5,0,0.2,0.5,0
56803,0.5,0.5,0.2,0.5,0,0.5,0.5,0,0.5,0.2,0.2
56816,0.5,0.5,0.2,0.5,0,0.5,0.5,0.2,0,0.5,0.5
56824,0.5,0.5,0.2,0.5,0,0.5,0.5,0.2,0.2,0.5,0.2
56833,0.5,0.5,0.2,0.5,0,0.5,0.5,0.2,0.5,0.5,0.2
56845,0.5,0.5,0.2,0.5,0,0.5,0.5,0.5,0.2,0,0.2
56853,0.5,0.5,0.2,0.5,0,0.5,0.5,0.5,0.5,0,0
56864,0.5,0.5,0.5,0,0,0,0,0,0,0,0.5
56873,0.5,0.5,0.5,0,0,0,0,0,0.2,0,0.5
56881,0.5,0.5,0.5,0,0,0,0,0,0.5,0,0.2
56885,0.5,0.5,0.5,0,0,0,0,0,0.5,0.2,0.5
56897,0.5,0.5,0.5,0,0,0,0,0.2,0,0.5,0.5
56910,0.5,0.5,0.5,0,0,0,0,0.2,0.5,0.2,0
56920,0.5,0.5,0.5,0,0,0,0,0.5,0,0.2,0.2
56931,0.5,0.5,0.5,0,0,0,0,0.5,0.2,0.5,0
56944,0.5,0.5,0.5,0,0,0,0.2,0,0,0,0.2
56955,0.5,0.5,0.5,0,0,0,0.2,0,0.2,0.2,0
56964,0.5,0.5,0.5,0,0,0,0.2,0,0.5,0.2,0
56975,0.5,0.5,0.5,0,0,0,0.2,0.2,0,0.2,0.5
56984,0.5,0.5,0.5,0,0,0,0.2,0.2,0.2,0.2,0.5
56996,0.5,0.5,0.5,0,0,0,0.2,0.2,0.5,0.5,0.5
57007,0.5,0.5,0.5,0,0,0,0.2,0.5,0.2,0,0.2
57016,0.5,0.5,0.5,0,0,0,0.2,0.5,0.5,0,0.2
57026,0.5,0.5,0.5,0,0,0,0.5,0,0,0,0.5
57036,0.5,0.5,0.5,0,0,0,0.5,0,0.2,0.2,0
57047,0.5,0.5,0.5,0,0,0,0.5,0,0.5,0.2,0.5
57056,0.5,0.5,0.5,0,0,0,0.5,0.2,0,0.2,0.5
57066,0.5,0.5,0.5,0,0,0,0.5,0.2,0.2,0.5,0
57076,0.5,0.5,0.5,0,0,0,0.5,0.2,0.5,0.5,0.2
57087,0.5,0.5,0.5,0,0,0,0.5,0.5,0.2,0,0
57097,0.5,0.5,0.5,0,0,0,0.5,0.5,0.5,0,0.2
57107,0.5,0.5,0.5,0,0,0.2,0,0,0,0,0.5
57116,0.5,0.5,0.5,0,0,0.2,0,0,0.2,0,0.5
57126,0.5,0.5,0.5,0,0,0.2,0,0,0.5,0.2,0
57136,0.5,0.5,0.5,0,0,0.2,0,0.2,0,0.2,0.2
57148,0.5,0.5,0.5,0,0,0.2,0,0.2,0.2,0.5,0.2
57158,0.5,0.5,0.5,0,0,0.2,0,0.2,0.5,0.5,0.5
57169,0.5,0.5,0.5,0,0,0.2,0,0.5,0.2,0,0.2
57175,0.5,0.5,0.5,0,0,0.2,0,0.5,0.2,0.5,0.2
57187,0.5,0.5,0.5,0,0,0.2,0.2,0,0,0,0.2
57196,0.5,0.5,0.5,0,0,0.2,0.2,0,0.2,0,0.2
57206,0.5,0.5,0.5,0,0,0.2,0.2,0,0.5,0,0.5
57212,0.5,0.5,0.5,0,0,0.2,0.2,0,0.5,0.5,0.5
57223,0.5,0.5,0.5,0,0,0.2,0.2,0.2,0.2,0,0.2
57233,0.5,0.5,0.5,0,0,0.2,0.2,0.2,0.5,0,0.5
57240,0.5,0.5,0.5,0,0,0.2,0.2,0.5,0,0,0
57251,0.5,0.5,0.5,0,0,0.2,0.2,0.5,0.2,0,0.5
57259,0.5,0.5,0.5,0,0,0.2,0.2,0.5,0.5,0,0.2
57271,0.5,0.5,0.5,0,0,0.2,0.5,0,0,0.2,0.2
57282,0.5,0.5,0.5,0,0,0.2,0.5,0,0.2,0.5,0
57293,0.5,0.5,0.5,0,0,0.2,0.5,0,0.5,0.5,0.5
57303,0.5,0.5,0.5,0,0,0.2,0.5,0.2,0.2,0,0
57313,0.5,0.5,0.5,0,0,0.2,0.5,0.2,0.5,0,0.2
57323,0.5,0.5,0.5,0,0,0.2,0.5,0.5,0,0,0.5
57332,0.5,0.5,0.5,0,0,0.2,0.5,0.5,0.2,0,0.5
57341,0.5,0.5,0.5,0,0,0.2,0.5,0.5,0.5,0,0.5
57352,0.5,0.5,0.5,0,0,0.5,0,0,0,0.2,0.2
57362,0.5,0.5,0.5,0,0,0.5,0,0,0.2,0.2,0.5
57375,0.5,0.5,0.5,0,0,0.5,0,0.2,0,0,0
57378,0.5,0.5,0.5,0,0,0.5,0,0.2,0,0.2,0
57387,0.5,0.5,0.5,0,0,0.5,0,0.2,0.2,0.2,0
57396,0.5,0.5,0.5,0,0,0.5,0,0.2,0.5,0.2,0
57408,0.5,0.5,0.5,0,0,0.5,0,0.5,0,0.5,0
57419,0.5,0.5,0.5,0,0,0.5,0,0.5,0.2,0.5,0.5
57428,0.5,0.5,0.5,0,0,0.5,0,0.5,0.5,0.5,0.5
57434,0.5,0.5,0.5,0,0,0.5,0.2,0,0,0.2,0.5
57448,0.5,0.5,0.5,0,0,0.5,0.2,0,0.5,0,0.2
57456,0.5,0.5,0.5,0,0,0.5,0.2,0.2,0,0,0
57462,0.5,0.5,0.5,0,0,0.5,0.2,0.2,0,0.5,0
57470,0.5,0.5,0.5,0,0,0.5,0.2,0.2,0.2,0.2,0.5
57481,0.5,0.5,0.5,0,0,0.5,0.2,0.2,0.5,0.5,0.2
57488,0.5,0.5,0.5,0,0,0.5,0.2,0.5,0,0.2,0.5
57497,0.5,0.5,0.5,0,0,0.5,0.2,0.5,0.2,0.2,0.5
57506,0.5,0.5,0.5,0,0,0.5,0.2,0.5,0.5,0.2,0.5
57514,0.5,0.5,0.5,0,0,0.5,0.5,0,0,0.2,0.2
57523,0.5,0.5,0.5,0,0,0.5,0.5,0,0.2,0.2,0.2
57532,0.5,0.5,0.5,0,0,0.5,0.5,0,0.5,0.2,0.2
57541,0.5,0.5,0.5,0,0,0.5,0.5,0.2,0,0.2,0.2
57549,0.5,0.5,0.5,0,0,0.5,0.5,0.2,0.2,0.2,0
57556,0.5,0.5,0.5,0,0,0.5,0.5,0.2,0.5,0,0.2
57564,0.5,0.5,0.5,0,0,0.5,0.5,0.5,0,0,0
57575,0.5,0.5,0.5,0,0,0.5,0.5,0.5,0.2,0,0.5
57582,0.5,0.5,0.5,0,0,0.5,0.5,0.5,0.5,0,0
57591,0.5,0.5,0.5,0.2,0,0,0,0,0,0,0
57602,0.5,0.5,0.5,0.2,0,0,0,0,0.2,0,0.5
57604,0.5,0.5,0.5,0.2,0,0,0,0,0.2,0.2,0.2
57613,0.5,0.5,0.5,0.2,0,0,0,0,0.5,0.2,0.2
57622,0.5,0.5,0.5,0.2,0,0,0,0.2,0,0.2,0.2
57631,0.5,0.5,0.5,0.2,0,0,0,0.2,0.2,0.2,0.2
57639,0.5,0.5,0.5,0.2,0,0,0,0.2,0.5,0.2,0
57647,0.5,0.5,0.5,0.2,0,0,0,0.5,0,0,0.5
57654,0.5,0.5,0.5,0.2,0,0,0,0.5,0.2,0,0
57660,0.5,0.5,0.5,0.2,0,0,0,0.5,0.2,0.5,0
57671,0.5,0.5,0.5,0.2,0,0,0,0.5,0.5,0.5,0.5
57680,0.5,0.5,0.5,0.2,0,0,0.2,0,0,0.5,0.5
57686,0.5,0.5,0.5,0.2,0,0,0.2,0,0.2,0.2,0.5
57695,0.5,0.5,0.5,0.2,0,0,0.2,0,0.5,0.2,0.5
57703,0.5,0.5,0.5,0.2,0,0,0.2,0.2,0,0.2,0.2
57712,0.5,0.5,0.5,0.2,0,0,0.2,0.2,0.2,0.2,0.2
57719,0.5,0.5,0.5,0.2,0,0,0.2,0.2,0.5,0,0.5
57725,0.5,0.5,0.5,0.2,0,0,0.2,0.2,0.5,0.5,0.5
57733,0.5,0.5,0.5,0.2,0,0,0.2,0.5,0,0.5,0.2
57741,0.5,0.5,0.5,0.2,0,0,0.2,0.5,0.2,0.5,0
57748,0.5,0.5,0.5,0.2,0,0,0.2,0.5,0.5,0.2,0.2
57757,0.5,0.5,0.5,0.2,0,0,0.5,0,0,0.2,0.2
57765,0.5,0.5,0.5,0.2,0,0,0.5,0,0.2,0.2,0
57772,0.5,0.5,0.5,0.2,0,0,0.5,0,0.5,0,0.2
57780,0.5,0.5,0.5,0.2,0,0,0.5,0.2,0,0,0
57788,0.5,0.5,0.5,0.2,0,0,0.5,0.2,0,0.5,0.5
57796,0.5,0.5,0.5,0.2,0,0,0.5,0.2,0.2,0.5,0.2
57804,0.5,0.5,0.5,0.2,0,0,0.5,0.2,0.5,0.5,0
57812,0.5,0.5,0.5,0.2,0,0,0.5,0.5,0,0.2,0.5
57820,0.5,0.5,0.5,0.2,0,0,0.5,0.5,0.2,0.2,0.2
57827,0.5,0.5,0.5,0.2,0,0,0.5,0.5,0.5,0,0.5
57836,0.5,0.5,0.5,0.2,0,0.2,0,0,0,0,0.5
57841,0.5,0.5,0.5,0.2,0,0.2,0,0,0,0.5,0.2
57849,0.5,0.5,0.5,0.2,0,0.2,0,0,0.2,0.5,0
57855,0.5,0.5,0.5,0.2,0,0.2,0,0,0.5,0.2,0
57867,0.5,0.5,0.5,0.2,0,0.2,0,0.2,0,0.5,0
57873,0.5,0.5,0.5,0.2,0,0.2,0,0.2,0.2,0.2,0
57881,0.5,0.5,0.5,0.2,0,0.2,0,0.2,0.5,0,0.5
57886,0.5,0.5,0.5,0.2,0,0.2,0,0.2,0.5,0.5,0.2
57893,0.5,0.5,0.5,0.2,0,0.2,0,0.5,0,0.2,0.5
57902,0.5,0.5,0.5,0.2,0,0.2,0,0.5,0.2,0.2,0.5
57910,0.5,0.5,0.5,0.2,0,0.2,0,0.5,0.5,0.2,0.2
57917,0.5,0.5,0.5,0.2,0,0.2,0.2,0,0,0,0.5
57925,0.5,0.5,0.5,0.2,0,0.2,0.2,0,0.2,0,0.2
57934,0.5,0.5,0.5,0.2,0,0.2,0.2,0,0.5,0,0.2
57942,0.5,0.5,0.5,0.2,0,0.2,0.2,0.2,0,0,0
57951,0.5,0.5,0.5,0.2,0,0.2,0.2,0.2,0.2,0,0
57959,0.5,0.5,0.5,0.2,0,0.2,0.2,0.2,0.2,0.5,0.5
57967,0.5,0.5,0.5,0.2,0,0.2,0.2,0.2,0.5,0.5,0.2
57975,0.5,0.5,0.5,0.2,0,0.2,0.2,0.5,0,0.5,0
57983,0.5,0.5,0.5,0.2,0,0.2,0.2,0.5,0.2,0.2,0.5
57992,0.5,0.5,0.5,0.2,0,0.2,0.2,0.5,0.5,0.2,0.5
58003,0.5,0.5,0.5,0.2,0,0.2,0.5,0,0,0.5,0.2
58011,0.5,0.5,0.5,0.2,0,0.2,0.5,0,0.2,0.5,0
58017,0.5,0.5,0.5,0.2,0,0.2,0.5,0,0.5,0.2,0
58023,0.5,0.5,0.5,0.2,0,0.2,0.5,0.2,0,0,0
58033,0.5,0.5,0.5,0.2,0,0.2,0.5,0.2,0.2,0,0.2
58046,0.5,0.5,0.5,0.2,0,0.2,0.5,0.2,0.5,0.2,0.5
58055,0.5,0.5,0.5,0.2,0,0.2,0.5,0.5,0,0.2,0.5
58062,0.5,0.5,0.5,0.2,0,0.2,0.5,0.5,0.2,0.2,0
58068,0.5,0.5,0.5,0.2,0,0.2,0.5,0.5,0.5,0,0
58076,0.5,0.5,0.5,0.2,0,0.2,0.5,0.5,0.5,0.5,0.5
58085,0.5,0.5,0.5,0.2,0,0.5,0,0,0,0.5,0.5
58094,0.5,0.5,0.5,0.2,0,0.5,0,0,0.2,0.5,0.5
58100,0.5,0.5,0.5,0.2,0,0.5,0,0,0.5,0.2,0.5
58109,0.5,0.5,0.5,0.2,0,0.5,0,0.2,0,0.2,0.5
58118,0.5,0.5,0.5,0.2,0,0.5,0,0.2,0.2,0.2,0.5
58126,0.5,0.5,0.5,0.2,0,0.5,0,0.2,0.5,0.2,0.2
58136,0.5,0.5,0.5,0.2,0,0.5,0,0.5,0,0.2,0.5
58145,0.5,0.5,0.5,0.2,0,0.5,0,0.5,0.2,0.2,0.5
58155,0.5,0.5,0.5,0.2,0,0.5,0,0.5,0.5,0.5,0
58161,0.5,0.5,0.5,0.2,0,0.5,0.2,0,0,0.2,0
58169,0.5,0.5,0.5,0.2,0,0.5,0.2,0,0.2,0,0.5
58177,0.5,0.5,0.5,0.2,0,0.5,0.2,0,0.5,0,0.2
58184,0.5,0.5,0.5,0.2,0,0.5,0.2,0,0.5,0.5,0.5
58192,0.5,0.5,0.5,0.2,0,0.5,0.2,0.2,0,0.5,0.2
58198,0.5,0.5,0.5,0.2,0,0.5,0.2,0.2,0.2,0.2,0.2
58207,0.5,0.5,0.5,0.2,0,0.5,0.2,0.2,0.5,0.2,0.2
58215,0.5,0.5,0.5,0.2,0,0.5,0.2,0.5,0,0.2,0
58222,0.5,0.5,0.5,0.2,0,0.5,0.2,0.5,0.2,0,0.2
58232,0.5,0.5,0.5,0.2,0,0.5,0.2,0.5,0.5,0,0.5
58238,0.5,0.5,0.5,0.2,0,0.5,0.2,0.5,0.5,0.5,0.5
58246,0.5,0.5,0.5,0.2,0,0.5,0.5,0,0,0.5,0.2
58254,0.5,0.5,0.5,0.2,0,0.5,0.5,0,0.2,0.5,0
58261,0.5,0.5,0.5,0.2,0,0.5,0.5,0,0.5,0.2,0.2
58268,0.5,0.5,0.5,0.2,0,0.5,0.5,0.2,0,0,0.5
58277,0.5,0.5,0.5,0.2,0,0.5,0.5,0.2,0.2,0,0.5
58288,0.5,0.5,0.5,0.2,0,0.5,0.5,0.2,0.5,0.2,0.2
58294,0.5,0.5,0.5,0.2,0,0.5,0.5,0.5,0,0,0.2
58303,0.5,0.5,0.5,0.2,0,0.5,0.5,0.5,0.2,0,0.2
58312,0.5,0.5,0.5,0.2,0,0.5,0.5,0.5,0.5,0,0.2
58322,0.5,0.5,0.5,0.5,0,0,0,0,0,0,0.5
58326,0.5,0.5,0.5,0.5,0,0,0,0,0,0.5,0
58337,0.5,0.5,0.5,0.5,0,0,0,0,0.2,0.5,0.5
58345,0.5,0.5,0.5,0.5,0,0,0,0,0.5,0.5,0.2
58356,0.5,0.5,0.5,0.5,0,0,0,0.2,0.2,0,0
58362,0.5,0.5,0.5,0.5,0,0,0,0.2,0.2,0.5,0
58368,0.5,0.5,0.5,0.5,0,0,0,0.2,0.5,0.2,0
58383,0.5,0.5,0.5,0.5,0,0,0,0.5,0.2,0,0
58389,0.5,0.5,0.5,0.5,0,0,0,0.5,0.2,0.5,0
58394,0.5,0.5,0.5,0.5,0,0,0,0.5,0.5,0,0.5
58402,0.5,0.5,0.5,0.5,0,0,0.2,0,0,0,0.2
58409,0.5,0.5,0.5,0.5,0,0,0.2,0,0,0.5,0.5
58417,0.5,0.5,0.5,0.5,0,0,0.2,0,0.2,0.5,0.2
58425,0.5,0.5,0.5,0.5,0,0,0.2,0,0.5,0.5,0
58430,0.5,0.5,0.5,0.5,0,0,0.2,0.2,0,0,0.5
58442,0.5,0.5,0.5,0.5,0,0,0.2,0.2,0.2,0.2,0.5
58453,0.5,0.5,0.5,0.5,0,0,0.2,0.2,0.5,0.5,0.2
58459,0.5,0.5,0.5,0.5,0,0,0.2,0.5,0,0.2,0.2
58469,0.5,0.5,0.5,0.5,0,0,0.2,0.5,0.2,0.2,0.5
58477,0.5,0.5,0.5,0.5,0,0,0.2,0.5,0.5,0.2,0.2
58486,0.5,0.5,0.5,0.5,0,0,0.5,0,0,0.2,0.2
58495,0.5,0.5,0.5,0.5,0,0,0.5,0,0.2,0.2,0.2
58502,0.5,0.5,0.5,0.5,0,0,0.5,0,0.5,0,0.5
58509,0.5,0.5,0.5,0.5,0,0,0.5,0.2,0,0,0
58520,0.5,0.5,0.5,0.5,0,0,0.5,0.2,0.2,0,0.5
58529,0.5,0.5,0.5,0.5,0,0,0.5,0.2,0.5,0,0.5
58539,0.5,0.5,0.5,0.5,0,0,0.5,0.5,0,0.2,0
58544,0.5,0.5,0.5,0.5,0,0,0.5,0.5,0,0.5,0.5
58552,0.5,0.5,0.5,0.5,0,0,0.5,0.5,0.2,0.5,0.2
58560,0.5,0.5,0.5,0.5,0,0,0.5,0.5,0.5,0.5,0
58567,0.5,0.5,0.5,0.5,0,0.2,0,0,0,0.2,0.2
58576,0.5,0.5,0.5,0.5,0,0.2,0,0,0.2,0.2,0.2
58586,0.5,0.5,0.5,0.5,0,0.2,0,0,0.5,0.2,0.5
58594,0.5,0.5,0.5,0.5,0,0.2,0,0.2,0,0.2,0.2
58607,0.5,0.5,0.5,0.5,0,0.2,0,0.2,0.2,0.5,0.5
58615,0.5,0.5,0.5,0.5,0,0.2,0,0.2,0.5,0.5,0.2
58621,0.5,0.5,0.5,0.5,0,0.2,0,0.5,0,0.2,0.2
58634,0.5,0.5,0.5,0.5,0,0.2,0,0.5,0.2,0.5,0.5
58640,0.5,0.5,0.5,0.5,0,0.2,0,0.5,0.5,0.2,0.5
58653,0.5,0.5,0.5,0.5,0,0.2,0.2,0,0.2,0,0
58655,0.5,0.5,0.5,0.5,0,0.2,0.2,0,0.2,0,0.5
58663,0.5,0.5,0.5,0.5,0,0.2,0.2,0,0.5,0,0.2
58666,0.5,0.5,0.5,0.5,0,0.2,0.2,0,0.5,0.2,0.2
58677,0.5,0.5,0.5,0.5,0,0.2,0.2,0.2,0,0.5,0
58682,0.5,0.5,0.5,0.5,0,0.2,0.2,0.2,0.2,0,0.5
58697,0.5,0.5,0.5,0.5,0,0.2,0.2,0.2,0.5,0.5,0.5
58705,0.5,0.5,0.5,0.5,0,0.2,0.2,0.5,0,0.5,0.2
58712,0.5,0.5,0.5,0.5,0,0.2,0.2,0.5,0.2,0.2,0.5
58719,0.5,0.5,0.5,0.5,0,0.2,0.2,0.5,0.5,0.2,0
58727,0.5,0.5,0.5,0.5,0,0.2,0.5,0,0,0,0.5
58736,0.5,0.5,0.5,0.5,0,0.2,0.5,0,0.2,0,0.5
58746,0.5,0.5,0.5,0.5,0,0.2,0.5,0,0.5,0.2,0
58752,0.5,0.5,0.5,0.5,0,0.2,0.5,0.2,0,0,0
58761,0.5,0.5,0.5,0.5,0,0.2,0.5,0.2,0.2,0,0
58770,0.5,0.5,0.5,0.5,0,0.2,0.5,0.2,0.5,0,0
58780,0.5,0.5,0.5,0.5,0,0.2,0.5,0.5,0,0,0.2
58787,0.5,0.5,0.5,0.5,0,0.2,0.5,0.5,0,0.5,0.5
58795,0.5,0.5,0.5,0.5,0,0.2,0.5,0.5,0.2,0.5,0.2
58803,0.5,0.5,0.5,0.5,0,0.2,0.5,0.5,0.5,0.5,0
58811,0.5,0.5,0.5,0.5,0,0.5,0,0,0,0.2,0.5
58822,0.5,0.5,0.5,0.5,0,0.5,0,0,0.2,0.5,0.2
58832,0.5,0.5,0.5,0.5,0,0.5,0,0,0.5,0.5,0.5
58841,0.5,0.5,0.5,0.5,0,0.5,0,0.2,0,0.5,0.5
58847,0.5,0.5,0.5,0.5,0,0.5,0,0.2,0.2,0.2,0.5
58860,0.5,0.5,0.5,0.5,0,0.5,0,0.5,0,0,0
58864,0.5,0.5,0.5,0.5,0,0.5,0,0.5,0,0.2,0.2
58877,0.5,0.5,0.5,0.5,0,0.5,0,0.5,0.2,0.5,0.5
58882,0.5,0.5,0.5,0.5,0,0.5,0,0.5,0.5,0.2,0.2
58894,0.5,0.5,0.5,0.5,0,0.5,0.2,0,0,0.5,0.2
58904,0.5,0.5,0.5,0.5,0,0.5,0.2,0,0.2,0.5,0.5
58913,0.5,0.5,0.5,0.5,0,0.5,0.2,0,0.5,0.5,0.5
58922,0.5,0.5,0.5,0.5,0,0.5,0.2,0.2,0,0.5,0.5
58930,0.5,0.5,0.5,0.5,0,0.5,0.2,0.2,0.2,0.5,0.2
58939,0.5,0.5,0.5,0.5,0,0.5,0.2,0.2,0.5,0.5,0.2
58944,0.5,0.5,0.5,0.5,0,0.5,0.2,0.5,0,0.2,0
58950,0.5,0.5,0.5,0.5,0,0.5,0.2,0.5,0.2,0,0
58958,0.5,0.5,0.5,0.5,0,0.5,0.2,0.5,0.2,0.5,0.5
58966,0.5,0.5,0.5,0.5,0,0.5,0.2,0.5,0.5,0.5,0.2
58974,0.5,0.5,0.5,0.5,0,0.5,0.5,0,0,0.5,0
58982,0.5,0.5,0.5,0.5,0,0.5,0.5,0,0.2,0.2,0.5
58985,0.5,0.5,0.5,0.5,0,0.5,0.5,0,0.2,0.5,0.5
58993,0.5,0.5,0.5,0.5,0,0.5,0.5,0,0.5,0.5,0.2
59003,0.5,0.5,0.5,0.5,0,0.5,0.5,0.2,0,0.5,0.5
59011,0.5,0.5,0.5,0.5,0,0.5,0.5,0.2,0.2,0.5,0.2
59020,0.5,0.5,0.5,0.5,0,0.5,0.5,0.2,0.5,0.5,0.2
59028,0.5,0.5,0.5,0.5,0,0.5,0.5,0.5,0,0.5,0
59036,0.5,0.5,0.5,0.5,0,0.5,0.5,0.5,0.2,0.2,0.5
59044,0.5,0.5,0.5,0.5,0,0.5,0.5,0.5,0.5,0.2,0.2
