#---------- Tue Nov 29 16:11:21 PST 2022 ----------
#Format: Task Counter Number,Did Simulation Succeed,Last Step Size Used,Number of Simulations Attempted
4,true,0.01,1
7,true,0.01,1
10,true,0.01,1
14,true,0.01,1
20,true,0.01,1
30,true,0.01,1
35,true,0.01,1
42,true,0.01,1
50,true,0.01,1
57,true,0.01,1
63,true,0.01,1
72,true,0.01,1
80,true,0.01,1
88,true,0.01,1
96,true,0.01,1
104,true,0.01,1
112,true,0.01,1
120,true,0.01,1
128,true,0.01,1
136,true,0.01,1
144,true,0.01,1
152,true,0.01,1
160,true,0.01,1
170,true,0.01,1
179,true,0.01,1
189,true,0.01,1
199,true,0.01,1
210,true,0.01,1
219,true,0.01,1
231,true,0.01,1
240,true,0.01,1
252,true,0.01,1
262,true,0.01,1
273,true,0.01,1
281,true,0.01,1
296,true,0.01,1
305,true,0.01,1
312,true,0.01,1
324,true,0.01,1
334,true,0.01,1
343,true,0.01,1
353,true,0.01,1
363,true,0.01,1
373,true,0.01,1
383,true,0.01,1
393,true,0.01,1
403,true,0.01,1
413,false,0.01,1
423,true,0.01,1
433,true,0.01,1
443,true,0.01,1
453,true,0.01,1
463,true,0.01,1
473,true,0.01,1
483,false,0.01,1
493,true,0.01,1
503,true,0.01,1
513,true,0.01,1
523,true,0.01,1
535,true,0.01,1
544,true,0.01,1
552,true,0.01,1
562,true,0.01,1
572,true,0.01,1
583,false,0.01,1
593,true,0.01,1
604,true,0.01,1
615,true,0.01,1
625,true,0.01,1
635,true,0.01,1
645,true,0.01,1
655,false,0.01,1
665,false,0.01,1
670,true,0.01,1
683,false,0.01,1
692,false,0.01,1
700,false,0.01,1
709,false,0.01,1
720,true,0.01,1
728,true,0.01,1
738,true,0.01,1
749,true,0.01,1
760,true,0.01,1
767,true,0.01,1
779,true,0.01,1
787,true,0.01,1
796,true,0.01,1
805,true,0.01,1
814,true,0.01,1
826,true,0.01,1
837,true,0.01,1
841,true,0.01,1
852,false,0.01,1
863,true,0.01,1
880,true,0.01,1
889,true,0.01,1
898,false,0.01,1
909,true,0.01,1
919,true,0.01,1
928,true,0.01,1
938,true,0.01,1
945,true,0.01,1
953,true,0.01,1
965,true,0.01,1
975,true,0.01,1
984,true,0.01,1
994,true,0.01,1
1005,false,0.01,1
1015,false,0.01,1
1026,true,0.01,1
1036,true,0.01,1
1047,true,0.01,1
1057,false,0.01,1
1068,false,0.01,1
1075,true,0.01,1
1088,false,0.01,1
1103,true,0.01,1
1112,true,0.01,1
1120,true,0.01,1
1129,true,0.01,1
1137,false,0.01,1
1149,false,0.01,1
1155,true,0.01,1
#---------- Tue Nov 29 18:56:42 PST 2022 ----------
#Format: Task Counter Number,Did Simulation Succeed,Last Step Size Used,Number of Simulations Attempted
4480,true,0.01,1
4489,true,0.01,1
4498,true,0.01,1
4508,true,0.01,1
4518,true,0.01,1
4527,true,0.01,1
4538,true,0.01,1
4547,true,0.01,1
4558,true,0.01,1
4568,true,0.01,1
4578,true,0.01,1
4588,true,0.01,1
4597,true,0.01,1
4606,true,0.01,1
4616,true,0.01,1
4626,false,0.01,1
4636,false,0.01,1
4645,false,0.01,1
4656,true,0.01,1
4666,true,0.01,1
4680,false,0.01,1
4690,true,0.01,1
4700,true,0.01,1
4710,true,0.01,1
4720,true,0.01,1
4729,true,0.01,1
4738,true,0.01,1
4750,true,0.01,1
4760,true,0.01,1
4771,true,0.01,1
4777,true,0.01,1
4786,false,0.01,1
4794,false,0.01,1
4803,true,0.01,1
4813,true,0.01,1
4823,true,0.01,1
4833,true,0.01,1
4843,true,0.01,1
4853,true,0.01,1
4862,false,0.01,1
4871,true,0.01,1
4880,false,0.01,1
4890,true,0.01,1
4900,true,0.01,1
4911,true,0.01,1
4921,true,0.01,1
4930,true,0.01,1
4940,true,0.01,1
4951,true,0.01,1
4961,true,0.01,1
4971,true,0.01,1
4980,true,0.01,1
4991,true,0.01,1
5002,true,0.01,1
5012,true,0.01,1
5022,false,0.01,1
5032,false,0.01,1
5049,true,0.01,1
5057,false,0.01,1
5065,false,0.01,1
5069,true,0.01,1
5078,true,0.01,1
5088,true,0.01,1
5094,true,0.01,1
5105,false,0.01,1
5107,true,0.01,1
5117,true,0.01,1
5129,true,0.01,1
5137,true,0.01,1
5144,true,0.01,1
5155,true,0.01,1
5162,true,0.01,1
5173,true,0.01,1
5178,true,0.01,1
5187,true,0.01,1
5194,true,0.01,1
5203,true,0.01,1
5214,true,0.01,1
5219,true,0.01,1
5227,true,0.01,1
5235,true,0.01,1
5243,true,0.01,1
5250,true,0.01,1
5255,true,0.01,1
5263,true,0.01,1
5271,true,0.01,1
5279,true,0.01,1
5287,true,0.01,1
5292,true,0.01,1
5300,true,0.01,1
5308,true,0.01,1
5316,true,0.01,1
5324,true,0.01,1
5331,true,0.01,1
5338,true,0.01,1
5346,true,0.01,1
5355,true,0.01,1
5364,true,0.01,1
5374,false,0.01,1
5379,true,0.01,1
5387,true,0.01,1
5395,true,0.01,1
5404,true,0.01,1
5413,true,0.01,1
5423,true,0.01,1
5434,false,0.01,1
5441,true,0.01,1
5447,true,0.01,1
5458,true,0.01,1
5464,true,0.01,1
5473,true,0.01,1
5481,true,0.01,1
5490,true,0.01,1
5500,true,0.01,1
5510,true,0.01,1
5519,true,0.01,1
5528,true,0.01,1
5537,true,0.01,1
5545,true,0.01,1
5552,false,0.01,1
5560,true,0.01,1
5568,true,0.01,1
5576,true,0.01,1
5583,true,0.01,1
5591,true,0.01,1
5603,true,0.01,1
5611,true,0.01,1
5619,true,0.01,1
5627,false,0.01,1
5634,true,0.01,1
5642,true,0.01,1
5650,true,0.01,1
5658,true,0.01,1
5660,true,0.01,1
5668,true,0.01,1
5674,true,0.01,1
5683,true,0.01,1
5687,false,0.01,1
5695,false,0.01,1
5703,false,0.01,1
5711,true,0.01,1
5719,true,0.01,1
5726,true,0.01,1
5736,true,0.01,1
5740,true,0.01,1
5748,true,0.01,1
5756,false,0.01,1
5765,false,0.01,1
5774,true,0.01,1
5779,true,0.01,1
5787,true,0.01,1
5795,false,0.01,1
5803,false,0.01,1
5811,false,0.01,1
5819,true,0.01,1
5825,true,0.01,1
5835,true,0.01,1
5841,false,0.01,1
5848,false,0.01,1
5856,false,0.01,1
5864,true,0.01,1
5872,true,0.01,1
5879,true,0.01,1
5893,false,0.01,1
5897,true,0.01,1
5910,true,0.01,1
5916,true,0.01,1
5926,true,0.01,1
5931,true,0.01,1
5943,true,0.01,1
5947,false,0.01,1
5956,false,0.01,1
5963,true,0.01,1
5971,true,0.01,1
5976,true,0.01,1
5987,true,0.01,1
5998,false,0.01,1
6008,false,0.01,1
6015,true,0.01,1
6020,false,0.01,1
6028,false,0.01,1
6036,true,0.01,1
6043,true,0.01,1
6051,true,0.01,1
6059,true,0.01,1
6069,true,0.01,1
6075,false,0.01,1
6080,false,0.01,1
6087,false,0.01,1
6095,false,0.01,1
6109,false,0.01,1
6114,true,0.01,1
6120,false,0.01,1
6128,false,0.01,1
6135,false,0.01,1
6139,true,0.01,1
6151,true,0.01,1
6158,false,0.01,1
6164,false,0.01,1
6172,false,0.01,1
6180,false,0.01,1
6183,true,0.01,1
6197,false,0.01,1
6205,true,0.01,1
6210,true,0.01,1
6218,false,0.01,1
6226,false,0.01,1
6234,false,0.01,1
6238,false,0.01,1
6251,false,0.01,1
6254,false,0.01,1
6262,false,0.01,1
6270,false,0.01,1
6275,true,0.01,1
6283,true,0.01,1
6291,true,0.01,1
6299,false,0.01,1
6307,false,0.01,1
6314,true,0.01,1
6322,false,0.01,1
6327,false,0.01,1
6334,false,0.01,1
6342,false,0.01,1
6347,false,0.01,1
6360,false,0.01,1
6363,true,0.01,1
6377,false,0.01,1
6384,true,0.01,1
6391,true,0.01,1
6404,false,0.01,1
6410,false,0.01,1
6416,false,0.01,1
6424,false,0.01,1
6432,false,0.01,1
6440,false,0.01,1
6448,false,0.01,1
6454,true,0.01,1
6462,true,0.01,1
6470,false,0.01,1
6478,false,0.01,1
6486,false,0.01,1
6492,false,0.01,1
6499,true,0.01,1
6510,false,0.01,1
6520,false,0.01,1
6527,true,0.01,1
6535,true,0.01,1
6543,true,0.01,1
6551,false,0.01,1
6559,false,0.01,1
6567,true,0.01,1
6575,true,0.01,1
6582,true,0.01,1
6587,true,0.01,1
6595,true,0.01,1
6603,true,0.01,1
6611,true,0.01,1
6619,true,0.01,1
6625,true,0.01,1
6632,true,0.01,1
6640,true,0.01,1
6648,true,0.01,1
6656,true,0.01,1
6664,true,0.01,1
6671,true,0.01,1
6679,true,0.01,1
6686,true,0.01,1
6695,true,0.01,1
6702,true,0.01,1
6711,true,0.01,1
6719,true,0.01,1
6725,false,0.01,1
6735,true,0.01,1
6743,true,0.01,1
6751,true,0.01,1
6759,true,0.01,1
6766,true,0.01,1
6774,true,0.01,1
6783,true,0.01,1
6792,true,0.01,1
6801,true,0.01,1
6810,true,0.01,1
6818,true,0.01,1
6824,true,0.01,1
6835,true,0.01,1
6840,true,0.01,1
6848,true,0.01,1
6856,true,0.01,1
6864,true,0.01,1
6872,true,0.01,1
6879,true,0.01,1
6884,true,0.01,1
6892,true,0.01,1
6900,true,0.01,1
6908,true,0.01,1
6916,true,0.01,1
6925,true,0.01,1
6932,true,0.01,1
6940,true,0.01,1
6948,true,0.01,1
6956,true,0.01,1
6965,true,0.01,1
6973,false,0.01,1
6981,false,0.01,1
6990,true,0.01,1
6998,true,0.01,1
7006,true,0.01,1
7014,true,0.01,1
7022,true,0.01,1
7029,true,0.01,1
7033,true,0.01,1
7043,true,0.01,1
7051,true,0.01,1
7058,true,0.01,1
7070,true,0.01,1
7076,true,0.01,1
7087,true,0.01,1
7092,true,0.01,1
7102,true,0.01,1
7109,true,0.01,1
7117,true,0.01,1
7124,true,0.01,1
7133,true,0.01,1
7141,true,0.01,1
7149,true,0.01,1
7157,true,0.01,1
7165,true,0.01,1
7172,true,0.01,1
7181,true,0.01,1
7189,true,0.01,1
7196,true,0.01,1
7204,true,0.01,1
7212,true,0.01,1
7219,false,0.01,1
7227,false,0.01,1
7235,true,0.01,1
7245,true,0.01,1
7252,false,0.01,1
7260,false,0.01,1
7267,true,0.01,1
7276,true,0.01,1
7285,true,0.01,1
7293,true,0.01,1
7301,true,0.01,1
7309,true,0.01,1
7320,true,0.01,1
7324,true,0.01,1
7333,true,0.01,1
7341,true,0.01,1
7350,true,0.01,1
7359,true,0.01,1
7368,true,0.01,1
7376,true,0.01,1
7382,true,0.01,1
7388,true,0.01,1
7398,true,0.01,1
7403,true,0.01,1
7411,true,0.01,1
7419,true,0.01,1
7428,true,0.01,1
7436,true,0.01,1
7445,true,0.01,1
7454,true,0.01,1
7462,true,0.01,1
7469,true,0.01,1
7477,true,0.01,1
7485,true,0.01,1
7493,true,0.01,1
7501,true,0.01,1
7510,true,0.01,1
7518,true,0.01,1
7525,true,0.01,1
7530,true,0.01,1
7542,true,0.01,1
7547,true,0.01,1
7555,true,0.01,1
7563,true,0.01,1
7571,true,0.01,1
7579,true,0.01,1
7589,true,0.01,1
7597,true,0.01,1
7606,true,0.01,1
7614,true,0.01,1
7622,false,0.01,1
7630,false,0.01,1
7638,false,0.01,1
7649,true,0.01,1
7661,true,0.01,1
7666,true,0.01,1
7676,true,0.01,1
7682,true,0.01,1
7690,true,0.01,1
7698,true,0.01,1
7706,true,0.01,1
7714,true,0.01,1
7722,true,0.01,1
7729,false,0.01,1
7737,false,0.01,1
7745,true,0.01,1
7753,true,0.01,1
7760,true,0.01,1
7769,true,0.01,1
7777,true,0.01,1
7781,true,0.01,1
7791,false,0.01,1
7802,true,0.01,1
7811,true,0.01,1
7817,true,0.01,1
7825,true,0.01,1
7830,true,0.01,1
7839,true,0.01,1
7847,true,0.01,1
7853,true,0.01,1
7861,false,0.01,1
7869,true,0.01,1
7877,true,0.01,1
7886,true,0.01,1
7895,true,0.01,1
7899,false,0.01,1
7909,true,0.01,1
7918,false,0.01,1
7928,true,0.01,1
7935,true,0.01,1
7945,false,0.01,1
7953,false,0.01,1
7959,true,0.01,1
7967,true,0.01,1
7975,true,0.01,1
7983,true,0.01,1
7989,false,0.01,1
7997,true,0.01,1
8005,true,0.01,1
8012,true,0.01,1
8018,true,0.01,1
8024,false,0.01,1
8032,false,0.01,1
8041,false,0.01,1
8049,false,0.01,1
8057,false,0.01,1
8065,false,0.01,1
8075,true,0.01,1
8082,false,0.01,1
8091,true,0.01,1
8099,false,0.01,1
8107,false,0.01,1
8115,false,0.01,1
8123,false,0.01,1
8129,false,0.01,1
8138,true,0.01,1
8146,true,0.01,1
8154,true,0.01,1
8162,false,0.01,1
8170,false,0.01,1
8178,false,0.01,1
8185,false,0.01,1
8194,false,0.01,1
8201,true,0.01,1
8209,true,0.01,1
8216,false,0.01,1
8226,true,0.01,1
8232,false,0.01,1
8240,true,0.01,1
8248,true,0.01,1
8256,true,0.01,1
8264,false,0.01,1
8273,false,0.01,1
8282,false,0.01,1
8288,false,0.01,1
8296,false,0.01,1
8304,false,0.01,1
8311,false,0.01,1
8321,false,0.01,1
8329,false,0.01,1
8336,true,0.01,1
8344,false,0.01,1
8351,false,0.01,1
8359,false,0.01,1
8367,false,0.01,1
8375,false,0.01,1
8383,false,0.01,1
8391,false,0.01,1
8399,true,0.01,1
8407,true,0.01,1
8415,true,0.01,1
8423,false,0.01,1
8431,false,0.01,1
8438,false,0.01,1
8445,false,0.01,1
8452,true,0.01,1
8459,false,0.01,1
8466,false,0.01,1
8473,false,0.01,1
8480,true,0.01,1
8487,true,0.01,1
8494,false,0.01,1
8501,false,0.01,1
8508,false,0.01,1
8515,false,0.01,1
8522,false,0.01,1
8529,false,0.01,1
8536,false,0.01,1
8543,false,0.01,1
8550,true,0.01,1
8557,false,0.01,1
8565,false,0.01,1
8572,false,0.01,1
8579,false,0.01,1
8586,false,0.01,1
8594,false,0.01,1
8601,false,0.01,1
8607,false,0.01,1
8614,false,0.01,1
8623,false,0.01,1
8629,false,0.01,1
8636,false,0.01,1
8643,false,0.01,1
8649,true,0.01,1
8656,false,0.01,1
8663,false,0.01,1
8670,false,0.01,1
8675,false,0.01,1
8682,false,0.01,1
8689,false,0.01,1
8696,false,0.01,1
8703,true,0.01,1
8710,false,0.01,1
8716,false,0.01,1
8724,false,0.01,1
8731,true,0.01,1
8738,false,0.01,1
8745,false,0.01,1
8750,false,0.01,1
8755,true,0.01,1
8762,true,0.01,1
8769,true,0.01,1
8776,true,0.01,1
8783,true,0.01,1
8790,true,0.01,1
8797,true,0.01,1
8802,true,0.01,1
8810,true,0.01,1
8817,true,0.01,1
8824,true,0.01,1
8830,true,0.01,1
8836,true,0.01,1
8844,true,0.01,1
8850,true,0.01,1
8856,true,0.01,1
8863,true,0.01,1
8870,true,0.01,1
8877,true,0.01,1
8883,true,0.01,1
8890,true,0.01,1
8897,true,0.01,1
8904,true,0.01,1
8909,true,0.01,1
8916,true,0.01,1
8923,true,0.01,1
8930,true,0.01,1
8937,true,0.01,1
8944,true,0.01,1
8951,true,0.01,1
8958,true,0.01,1
8964,true,0.01,1
8970,true,0.01,1
8976,true,0.01,1
8983,true,0.01,1
8990,true,0.01,1
8997,true,0.01,1
9002,false,0.01,1
9011,false,0.01,1
9021,true,0.01,1
9026,true,0.01,1
9033,true,0.01,1
9040,true,0.01,1
9047,true,0.01,1
9053,true,0.01,1
9060,true,0.01,1
9067,true,0.01,1
9074,true,0.01,1
9083,true,0.01,1
9090,true,0.01,1
9097,true,0.01,1
9104,true,0.01,1
9109,true,0.01,1
9117,true,0.01,1
9124,true,0.01,1
9131,true,0.01,1
9138,true,0.01,1
9144,true,0.01,1
9150,true,0.01,1
9157,true,0.01,1
9164,true,0.01,1
9171,false,0.01,1
9180,true,0.01,1
9187,false,0.01,1
9194,true,0.01,1
9201,true,0.01,1
9208,true,0.01,1
9213,true,0.01,1
9219,true,0.01,1
9226,true,0.01,1
9233,true,0.01,1
9240,true,0.01,1
9247,true,0.01,1
9252,true,0.01,1
9261,true,0.01,1
9268,true,0.01,1
9275,true,0.01,1
9281,false,0.01,1
9288,true,0.01,1
9296,true,0.01,1
9303,true,0.01,1
9309,true,0.01,1
9315,true,0.01,1
9323,false,0.01,1
9330,false,0.01,1
9337,true,0.01,1
9344,true,0.01,1
9351,true,0.01,1
9359,true,0.01,1
9366,true,0.01,1
9372,true,0.01,1
9379,true,0.01,1
9387,true,0.01,1
9394,true,0.01,1
9401,false,0.01,1
9407,true,0.01,1
9415,false,0.01,1
9425,true,0.01,1
9434,true,0.01,1
9447,false,0.01,1
9450,true,0.01,1
9459,true,0.01,1
9470,true,0.01,1
9481,true,0.01,1
9490,true,0.01,1
9499,true,0.01,1
9515,true,0.01,1
9527,true,0.01,1
9537,true,0.01,1
9544,true,0.01,1
9551,true,0.01,1
9567,true,0.01,1
9577,true,0.01,1
9587,true,0.01,1
9599,true,0.01,1
9611,true,0.01,1
9621,true,0.01,1
9634,true,0.01,1
9643,true,0.01,1
9653,true,0.01,1
9663,true,0.01,1
9672,true,0.01,1
9681,true,0.01,1
9692,true,0.01,1
9706,true,0.01,1
9716,true,0.01,1
9725,true,0.01,1
9733,true,0.01,1
9743,true,0.01,1
9753,true,0.01,1
9762,true,0.01,1
9773,true,0.01,1
9780,true,0.01,1
9789,true,0.01,1
9797,true,0.01,1
9808,false,0.01,1
9815,true,0.01,1
9828,true,0.01,1
9832,true,0.01,1
9846,true,0.01,1
9854,true,0.01,1
9865,true,0.01,1
9877,true,0.01,1
9885,true,0.01,1
9895,true,0.01,1
9906,false,0.01,1
9912,true,0.01,1
9925,false,0.01,1
9933,false,0.01,1
9943,false,0.01,1
9955,true,0.01,1
9963,true,0.01,1
9977,true,0.01,1
9985,true,0.01,1
9994,true,0.01,1
10002,true,0.01,1
10010,true,0.01,1
10023,true,0.01,1
10033,true,0.01,1
10040,true,0.01,1
10051,false,0.01,1
10057,true,0.01,1
10070,false,0.01,1
10078,false,0.01,1
10086,false,0.01,1
10095,false,0.01,1
10105,false,0.01,1
10115,false,0.01,1
10126,true,0.01,1
10136,true,0.01,1
10147,false,0.01,1
10161,true,0.01,1
10172,true,0.01,1
10181,true,0.01,1
10190,true,0.01,1
10199,true,0.01,1
10209,false,0.01,1
10216,true,0.01,1
10229,false,0.01,1
10238,false,0.01,1
10249,false,0.01,1
10256,false,0.01,1
10267,false,0.01,1
10277,false,0.01,1
10286,false,0.01,1
10296,true,0.01,1
10306,true,0.01,1
10316,true,0.01,1
10325,true,0.01,1
10336,true,0.01,1
10344,true,0.01,1
10353,true,0.01,1
10363,true,0.01,1
10374,false,0.01,1
10381,true,0.01,1
10391,false,0.01,1
10405,true,0.01,1
10414,true,0.01,1
10423,true,0.01,1
10429,false,0.01,1
10440,true,0.01,1
10450,false,0.01,1
10464,false,0.01,1
10470,false,0.01,1
10478,false,0.01,1
10494,true,0.01,1
10504,true,0.01,1
10514,true,0.01,1
10525,false,0.01,1
10537,false,0.01,1
10543,false,0.01,1
#---------- Tue Nov 29 21:35:02 PST 2022 ----------
#Format: Task Counter Number,Did Simulation Succeed,Last Step Size Used,Number of Simulations Attempted
11138,true,0.01,1
11148,true,0.01,1
11157,true,0.01,1
11167,true,0.01,1
11177,true,0.01,1
11186,true,0.01,1
11197,true,0.01,1
11207,false,0.01,1
11215,true,0.01,1
11227,true,0.01,1
11238,true,0.01,1
11248,true,0.01,1
11256,true,0.01,1
11267,true,0.01,1
11276,true,0.01,1
11287,true,0.01,1
11296,true,0.01,1
11305,true,0.01,1
11315,true,0.01,1
11325,true,0.01,1
11335,true,0.01,1
11345,false,0.01,1
11355,true,0.01,1
11365,true,0.01,1
11376,true,0.01,1
11386,true,0.01,1
11395,true,0.01,1
11405,true,0.01,1
11414,true,0.01,1
11424,true,0.01,1
11434,true,0.01,1
11443,true,0.01,1
11453,true,0.01,1
11463,true,0.01,1
11473,true,0.01,1
11484,true,0.01,1
11496,true,0.01,1
11506,true,0.01,1
11515,true,0.01,1
11526,true,0.01,1
11535,true,0.01,1
11545,true,0.01,1
11555,true,0.01,1
11565,true,0.01,1
11576,true,0.01,1
11586,true,0.01,1
11594,true,0.01,1
11604,true,0.01,1
11611,true,0.01,1
11623,true,0.01,1
11631,true,0.01,1
11639,true,0.01,1
11648,true,0.01,1
11656,true,0.01,1
11669,false,0.01,1
11677,true,0.01,1
11688,true,0.01,1
11694,true,0.01,1
11703,true,0.01,1
11712,true,0.01,1
11721,true,0.01,1
11733,true,0.01,1
11739,true,0.01,1
11748,true,0.01,1
11757,true,0.01,1
11765,true,0.01,1
11780,true,0.01,1
11782,true,0.01,1
11797,true,0.01,1
11803,true,0.01,1
11809,true,0.01,1
11820,true,0.01,1
11827,true,0.01,1
11839,true,0.01,1
11846,true,0.01,1
11861,true,0.01,1
11866,true,0.01,1
11871,true,0.01,1
11883,true,0.01,1
11890,true,0.01,1
11901,true,0.01,1
11909,false,0.01,1
11917,false,0.01,1
11925,true,0.01,1
11935,false,0.01,1
11943,true,0.01,1
11954,false,0.01,1
11958,true,0.01,1
11967,true,0.01,1
11973,true,0.01,1
11985,true,0.01,1
11991,true,0.01,1
11999,true,0.01,1
12014,true,0.01,1
12019,true,0.01,1
12025,true,0.01,1
12040,true,0.01,1
12046,true,0.01,1
12052,true,0.01,1
12067,true,0.01,1
12076,false,0.01,1
12085,false,0.01,1
12093,true,0.01,1
12100,true,0.01,1
12108,true,0.01,1
12121,true,0.01,1
12126,true,0.01,1
12134,true,0.01,1
12148,true,0.01,1
12156,true,0.01,1
12161,false,0.01,1
12168,true,0.01,1
12178,false,0.01,1
12188,false,0.01,1
12195,true,0.01,1
12204,true,0.01,1
12213,true,0.01,1
12222,true,0.01,1
12231,true,0.01,1
12240,true,0.01,1
12249,true,0.01,1
12259,true,0.01,1
12271,true,0.01,1
12278,true,0.01,1
12291,true,0.01,1
12297,true,0.01,1
12303,true,0.01,1
12315,true,0.01,1
12327,false,0.01,1
12332,true,0.01,1
12344,true,0.01,1
12351,true,0.01,1
12356,false,0.01,1
12364,false,0.01,1
12372,false,0.01,1
12380,true,0.01,1
12388,true,0.01,1
12396,true,0.01,1
12403,false,0.01,1
12410,false,0.01,1
12418,true,0.01,1
12425,true,0.01,1
12431,true,0.01,1
12443,true,0.01,1
12450,true,0.01,1
12456,false,0.01,1
12463,true,0.01,1
12469,true,0.01,1
12477,true,0.01,1
12481,true,0.01,1
12489,true,0.01,1
12496,true,0.01,1
12503,true,0.01,1
12511,true,0.01,1
12520,true,0.01,1
12529,true,0.01,1
12537,true,0.01,1
12545,true,0.01,1
12552,true,0.01,1
12559,false,0.01,1
12563,false,0.01,1
12570,false,0.01,1
12577,true,0.01,1
12584,true,0.01,1
12591,true,0.01,1
12598,true,0.01,1
12605,true,0.01,1
12612,true,0.01,1
12618,true,0.01,1
12625,true,0.01,1
12632,true,0.01,1
12639,false,0.01,1
12645,false,0.01,1
12651,false,0.01,1
12661,false,0.01,1
12668,true,0.01,1
12672,false,0.01,1
12680,false,0.01,1
12685,true,0.01,1
12693,true,0.01,1
12698,false,0.01,1
12705,true,0.01,1
12710,true,0.01,1
12720,true,0.01,1
12729,true,0.01,1
12733,false,0.01,1
12740,true,0.01,1
12748,true,0.01,1
12753,true,0.01,1
12761,false,0.01,1
12768,false,0.01,1
12775,true,0.01,1
12782,true,0.01,1
12792,true,0.01,1
12796,true,0.01,1
12803,false,0.01,1
12809,false,0.01,1
12817,true,0.01,1
12825,true,0.01,1
12833,false,0.01,1
12840,false,0.01,1
12845,true,0.01,1
12852,true,0.01,1
12858,false,0.01,1
12865,true,0.01,1
12872,true,0.01,1
12880,false,0.01,1
12886,false,0.01,1
12893,false,0.01,1
12900,true,0.01,1
12907,true,0.01,1
12914,false,0.01,1
12921,false,0.01,1
12927,true,0.01,1
12935,true,0.01,1
12945,true,0.01,1
12949,false,0.01,1
12956,true,0.01,1
12961,true,0.01,1
12971,false,0.01,1
12978,true,0.01,1
12987,true,0.01,1
12997,true,0.01,1
13005,true,0.01,1
13014,true,0.01,1
13021,false,0.01,1
13027,true,0.01,1
13035,true,0.01,1
13039,false,0.01,1
13047,false,0.01,1
13052,false,0.01,1
13059,true,0.01,1
13068,true,0.01,1
13075,false,0.01,1
13081,false,0.01,1
13091,false,0.01,1
13100,false,0.01,1
13106,true,0.01,1
13113,true,0.01,1
13120,false,0.01,1
13127,true,0.01,1
13134,true,0.01,1
13141,true,0.01,1
13147,true,0.01,1
13154,true,0.01,1
13160,true,0.01,1
13169,true,0.01,1
13178,true,0.01,1
13188,true,0.01,1
13194,true,0.01,1
13201,true,0.01,1
13208,true,0.01,1
13215,true,0.01,1
13222,true,0.01,1
13229,true,0.01,1
13237,true,0.01,1
13245,true,0.01,1
13252,true,0.01,1
13259,true,0.01,1
13268,true,0.01,1
13276,true,0.01,1
13284,false,0.01,1
13292,true,0.01,1
13298,true,0.01,1
13305,true,0.01,1
13312,true,0.01,1
13319,true,0.01,1
13326,true,0.01,1
13333,true,0.01,1
13340,true,0.01,1
13347,true,0.01,1
13351,true,0.01,1
13358,true,0.01,1
13365,true,0.01,1
13372,true,0.01,1
13379,true,0.01,1
13386,true,0.01,1
13393,true,0.01,1
13399,true,0.01,1
13406,true,0.01,1
13414,true,0.01,1
13421,true,0.01,1
13429,true,0.01,1
13435,true,0.01,1
13442,true,0.01,1
13449,true,0.01,1
13456,true,0.01,1
13463,true,0.01,1
13470,true,0.01,1
13477,true,0.01,1
13484,true,0.01,1
13491,true,0.01,1
13499,true,0.01,1
13508,true,0.01,1
13516,true,0.01,1
13523,true,0.01,1
13530,true,0.01,1
13534,true,0.01,1
13542,true,0.01,1
13550,true,0.01,1
13557,true,0.01,1
13565,true,0.01,1
13573,true,0.01,1
13578,true,0.01,1
13587,true,0.01,1
13594,true,0.01,1
13600,true,0.01,1
13606,true,0.01,1
13613,true,0.01,1
13620,true,0.01,1
13626,true,0.01,1
13634,true,0.01,1
13641,true,0.01,1
13648,true,0.01,1
13655,true,0.01,1
13663,true,0.01,1
13670,true,0.01,1
13677,true,0.01,1
13684,true,0.01,1
13691,true,0.01,1
13698,true,0.01,1
13705,true,0.01,1
13712,true,0.01,1
13719,true,0.01,1
13726,true,0.01,1
13733,true,0.01,1
13740,true,0.01,1
13747,true,0.01,1
13754,true,0.01,1
13762,true,0.01,1
13769,true,0.01,1
13776,false,0.01,1
13782,true,0.01,1
13788,false,0.01,1
13794,true,0.01,1
13800,true,0.01,1
13805,true,0.01,1
13811,true,0.01,1
13817,true,0.01,1
13822,true,0.01,1
13828,true,0.01,1
13834,true,0.01,1
13839,true,0.01,1
13845,true,0.01,1
13851,true,0.01,1
13858,true,0.01,1
13864,true,0.01,1
13870,true,0.01,1
13876,true,0.01,1
13881,true,0.01,1
13886,true,0.01,1
13892,true,0.01,1
13898,true,0.01,1
13905,true,0.01,1
13911,true,0.01,1
13918,true,0.01,1
13922,true,0.01,1
13927,true,0.01,1
13931,true,0.01,1
13937,true,0.01,1
13943,true,0.01,1
13949,true,0.01,1
13955,true,0.01,1
13961,true,0.01,1
13967,true,0.01,1
13973,true,0.01,1
13979,true,0.01,1
13985,true,0.01,1
13991,true,0.01,1
13997,true,0.01,1
14003,true,0.01,1
14009,true,0.01,1
14015,true,0.01,1
14021,true,0.01,1
14027,true,0.01,1
14033,true,0.01,1
14039,true,0.01,1
14045,true,0.01,1
14051,true,0.01,1
14057,true,0.01,1
14064,true,0.01,1
14070,true,0.01,1
14076,true,0.01,1
14080,true,0.01,1
14086,true,0.01,1
14092,true,0.01,1
14098,true,0.01,1
14104,true,0.01,1
14110,true,0.01,1
14116,true,0.01,1
14122,true,0.01,1
14128,true,0.01,1
14133,true,0.01,1
14139,true,0.01,1
14145,true,0.01,1
14152,true,0.01,1
14158,true,0.01,1
14164,true,0.01,1
14170,true,0.01,1
14176,true,0.01,1
14182,false,0.01,1
14188,true,0.01,1
14194,true,0.01,1
14201,true,0.01,1
14206,true,0.01,1
14213,true,0.01,1
14219,true,0.01,1
14225,true,0.01,1
14230,true,0.01,1
14236,true,0.01,1
14242,true,0.01,1
14248,true,0.01,1
14254,true,0.01,1
14261,true,0.01,1
14267,true,0.01,1
14272,false,0.01,1
14278,true,0.01,1
14284,true,0.01,1
14290,true,0.01,1
14296,true,0.01,1
14301,true,0.01,1
14309,true,0.01,1
14316,true,0.01,1
14324,true,0.01,1
14329,true,0.01,1
14335,true,0.01,1
14340,true,0.01,1
14346,true,0.01,1
14354,true,0.01,1
14360,true,0.01,1
14366,true,0.01,1
14371,true,0.01,1
14377,true,0.01,1
14383,true,0.01,1
14389,true,0.01,1
14395,true,0.01,1
14401,true,0.01,1
14408,true,0.01,1
14413,true,0.01,1
14419,true,0.01,1
14425,false,0.01,1
14431,true,0.01,1
14438,true,0.01,1
14444,false,0.01,1
14450,true,0.01,1
14456,true,0.01,1
14462,true,0.01,1
14467,true,0.01,1
14473,true,0.01,1
14479,true,0.01,1
14484,true,0.01,1
14490,true,0.01,1
14496,true,0.01,1
14502,false,0.01,1
14508,true,0.01,1
14514,false,0.01,1
14520,true,0.01,1
14526,true,0.01,1
14532,false,0.01,1
14538,true,0.01,1
14544,true,0.01,1
14552,false,0.01,1
14560,false,0.01,1
14568,false,0.01,1
14576,true,0.01,1
14580,false,0.01,1
14586,false,0.01,1
14592,false,0.01,1
14598,false,0.01,1
14604,false,0.01,1
14610,false,0.01,1
14616,false,0.01,1
14623,false,0.01,1
14629,false,0.01,1
14636,false,0.01,1
14642,false,0.01,1
14648,false,0.01,1
14654,true,0.01,1
14659,false,0.01,1
14665,false,0.01,1
14671,false,0.01,1
14677,false,0.01,1
14684,false,0.01,1
14690,true,0.01,1
14696,false,0.01,1
14702,true,0.01,1
14707,true,0.01,1
14713,false,0.01,1
14719,true,0.01,1
14725,true,0.01,1
14731,false,0.01,1
14737,true,0.01,1
14742,true,0.01,1
14748,false,0.01,1
14754,true,0.01,1
14760,true,0.01,1
14766,false,0.01,1
14771,true,0.01,1
14777,false,0.01,1
14784,false,0.01,1
14789,true,0.01,1
14795,true,0.01,1
14801,true,0.01,1
14807,true,0.01,1
14813,true,0.01,1
14818,true,0.01,1
14824,false,0.01,1
14830,false,0.01,1
14837,false,0.01,1
14842,false,0.01,1
14849,false,0.01,1
14854,false,0.01,1
14860,false,0.01,1
14867,false,0.01,1
14873,false,0.01,1
14879,false,0.01,1
14884,false,0.01,1
14890,false,0.01,1
14896,false,0.01,1
14902,false,0.01,1
14908,false,0.01,1
14914,false,0.01,1
14920,false,0.01,1
14926,false,0.01,1
14931,false,0.01,1
14936,false,0.01,1
14941,false,0.01,1
14946,false,0.01,1
14951,true,0.01,1
14956,false,0.01,1
14961,false,0.01,1
14966,false,0.01,1
14971,false,0.01,1
14976,true,0.01,1
14981,false,0.01,1
14986,true,0.01,1
14991,false,0.01,1
14996,false,0.01,1
15003,true,0.01,1
15008,false,0.01,1
15013,true,0.01,1
15018,false,0.01,1
15023,true,0.01,1
15028,false,0.01,1
15033,false,0.01,1
15038,false,0.01,1
15043,false,0.01,1
15048,true,0.01,1
15053,true,0.01,1
15058,true,0.01,1
15063,false,0.01,1
15068,false,0.01,1
15073,false,0.01,1
15078,false,0.01,1
15083,false,0.01,1
15088,false,0.01,1
15094,false,0.01,1
15100,false,0.01,1
15105,false,0.01,1
15110,false,0.01,1
15115,false,0.01,1
15120,false,0.01,1
15125,false,0.01,1
15130,false,0.01,1
15135,false,0.01,1
15140,false,0.01,1
15145,false,0.01,1
15150,false,0.01,1
15155,false,0.01,1
15160,false,0.01,1
#---------- Wed Nov 30 00:21:44 PST 2022 ----------
#Format: Task Counter Number,Did Simulation Succeed,Last Step Size Used,Number of Simulations Attempted
16231,true,0.01,1
16241,true,0.01,1
16252,true,0.01,1
16262,true,0.01,1
16272,true,0.01,1
16280,true,0.01,1
16290,true,0.01,1
16301,false,0.01,1
16310,true,0.01,1
16321,true,0.01,1
16330,true,0.01,1
16339,true,0.01,1
16347,true,0.01,1
16355,true,0.01,1
16371,true,0.01,1
16381,true,0.01,1
16391,true,0.01,1
16401,true,0.01,1
16410,true,0.01,1
16420,true,0.01,1
16430,true,0.01,1
16439,true,0.01,1
16448,true,0.01,1
16459,false,0.01,1
16467,false,0.01,1
16478,false,0.01,1
16489,true,0.01,1
16501,true,0.01,1
16512,true,0.01,1
16522,true,0.01,1
16532,true,0.01,1
16542,true,0.01,1
16552,true,0.01,1
16564,true,0.01,1
16572,true,0.01,1
16581,true,0.01,1
16589,true,0.01,1
16605,true,0.01,1
16615,true,0.01,1
16625,true,0.01,1
16635,true,0.01,1
16645,true,0.01,1
16655,true,0.01,1
16666,true,0.01,1
16676,true,0.01,1
16686,true,0.01,1
16696,true,0.01,1
16706,true,0.01,1
16718,true,0.01,1
16731,true,0.01,1
16741,true,0.01,1
16750,true,0.01,1
#---------- Wed Nov 30 06:12:27 PST 2022 ----------
#Format: Task Counter Number,Did Simulation Succeed,Last Step Size Used,Number of Simulations Attempted
22547,true,0.01,1
22557,true,0.01,1
22566,true,0.01,1
22576,true,0.01,1
22586,true,0.01,1
22598,false,0.01,1
22609,false,0.01,1
22618,false,0.01,1
22625,true,0.01,1
22636,false,0.01,1
22643,true,0.01,1
22655,true,0.01,1
22668,true,0.01,1
22675,true,0.01,1
22688,true,0.01,1
22698,true,0.01,1
22708,true,0.01,1
22718,true,0.01,1
22729,true,0.01,1
22739,true,0.01,1
22749,true,0.01,1
22758,true,0.01,1
22768,false,0.01,1
22777,false,0.01,1
22785,false,0.01,1
22795,false,0.01,1
22805,true,0.01,1
22814,true,0.01,1
22826,true,0.01,1
22833,true,0.01,1
22840,true,0.01,1
22851,false,0.01,1
22859,true,0.01,1
22871,true,0.01,1
22882,true,0.01,1
22891,true,0.01,1
22900,true,0.01,1
22907,true,0.01,1
22923,true,0.01,1
22933,true,0.01,1
22943,true,0.01,1
22953,true,0.01,1
22967,false,0.01,1
22977,true,0.01,1
22986,true,0.01,1
22997,true,0.01,1
23008,false,0.01,1
23021,false,0.01,1
23025,true,0.01,1
23037,false,0.01,1
23044,true,0.01,1
23059,true,0.01,1
23069,true,0.01,1
23077,true,0.01,1
23082,false,0.01,1
23091,false,0.01,1
23105,true,0.01,1
23114,true,0.01,1
23127,true,0.01,1
23137,true,0.01,1
23147,true,0.01,1
23156,true,0.01,1
23165,true,0.01,1
23173,false,0.01,1
23180,true,0.01,1
23192,false,0.01,1
23200,false,0.01,1
23208,false,0.01,1
23216,true,0.01,1
23227,false,0.01,1
23237,false,0.01,1
23247,true,0.01,1
23257,true,0.01,1
23268,true,0.01,1
23281,false,0.01,1
23287,false,0.01,1
23300,false,0.01,1
23311,true,0.01,1
23318,false,0.01,1
23328,false,0.01,1
23343,false,0.01,1
23351,false,0.01,1
23361,false,0.01,1
23367,false,0.01,1
23381,false,0.01,1
23386,false,0.01,1
23398,false,0.01,1
23408,false,0.01,1
23416,false,0.01,1
23423,false,0.01,1
23436,true,0.01,1
23444,false,0.01,1
23454,true,0.01,1
23464,true,0.01,1
23474,true,0.01,1
23486,true,0.01,1
23496,false,0.01,1
23502,true,0.01,1
23517,true,0.01,1
23526,true,0.01,1
23536,true,0.01,1
23548,true,0.01,1
23558,true,0.01,1
23568,false,0.01,1
23578,false,0.01,1
23588,false,0.01,1
23592,false,0.01,1
23604,false,0.01,1
23613,false,0.01,1
23620,false,0.01,1
23633,false,0.01,1
23637,false,0.01,1
23649,false,0.01,1
23654,false,0.01,1
23666,false,0.01,1
23673,false,0.01,1
23687,false,0.01,1
23694,false,0.01,1
#---------- Wed Nov 30 06:39:42 PST 2022 ----------
#Format: Task Counter Number,Did Simulation Succeed,Last Step Size Used,Number of Simulations Attempted
23723,false,0.01,1
23733,true,0.01,1
23746,false,0.01,1
23757,false,0.01,1
23763,false,0.01,1
23775,false,0.01,1
23785,false,0.01,1
23791,false,0.01,1
23802,false,0.01,1
23811,false,0.01,1
23819,false,0.01,1
23829,false,0.01,1
23839,false,0.01,1
23848,false,0.01,1
23855,false,0.01,1
23862,false,0.01,1
23876,false,0.01,1
23883,false,0.01,1
23890,false,0.01,1
23903,false,0.01,1
23909,false,0.01,1
23922,true,0.01,1
23932,false,0.01,1
23942,false,0.01,1
23953,false,0.01,1
23964,false,0.01,1
23970,false,0.01,1
23984,false,0.01,1
23992,false,0.01,1
23998,false,0.01,1
24010,false,0.01,1
24016,false,0.01,1
24030,true,0.01,1
24040,true,0.01,1
24050,true,0.01,1
24060,true,0.01,1
24069,true,0.01,1
24079,true,0.01,1
24094,true,0.01,1
24104,false,0.01,1
24113,false,0.01,1
24123,true,0.01,1
24133,true,0.01,1
24144,true,0.01,1
24153,true,0.01,1
24163,true,0.01,1
24174,true,0.01,1
24184,true,0.01,1
24195,true,0.01,1
24205,true,0.01,1
24215,true,0.01,1
24226,true,0.01,1
24235,true,0.01,1
24246,true,0.01,1
24256,true,0.01,1
24266,true,0.01,1
24275,true,0.01,1
24289,true,0.01,1
24298,true,0.01,1
24309,false,0.01,1
24315,true,0.01,1
24325,true,0.01,1
24334,true,0.01,1
24346,true,0.01,1
24357,true,0.01,1
24367,true,0.01,1
24378,true,0.01,1
24387,true,0.01,1
24396,true,0.01,1
24408,true,0.01,1
24417,true,0.01,1
24426,true,0.01,1
24437,true,0.01,1
24447,true,0.01,1
24457,true,0.01,1
24467,false,0.01,1
24478,true,0.01,1
24488,true,0.01,1
24497,true,0.01,1
24507,true,0.01,1
24517,true,0.01,1
24527,true,0.01,1
24538,true,0.01,1
24548,true,0.01,1
24561,false,0.01,1
24571,false,0.01,1
24581,false,0.01,1
24585,true,0.01,1
24595,true,0.01,1
24606,false,0.01,1
24615,false,0.01,1
24622,true,0.01,1
24632,false,0.01,1
24645,true,0.01,1
24656,true,0.01,1
24666,true,0.01,1
24677,true,0.01,1
24686,true,0.01,1
24696,true,0.01,1
24707,true,0.01,1
24716,true,0.01,1
24725,true,0.01,1
24738,false,0.01,1
24744,true,0.01,1
24753,true,0.01,1
24765,true,0.01,1
24776,true,0.01,1
24786,true,0.01,1
24797,false,0.01,1
24801,true,0.01,1
24811,true,0.01,1
24821,true,0.01,1
24833,false,0.01,1
24837,true,0.01,1
24846,true,0.01,1
24855,true,0.01,1
24863,true,0.01,1
24876,true,0.01,1
24887,false,0.01,1
24896,true,0.01,1
24907,true,0.01,1
24916,true,0.01,1
24927,true,0.01,1
24938,true,0.01,1
24947,true,0.01,1
24957,true,0.01,1
24967,true,0.01,1
24977,true,0.01,1
24987,true,0.01,1
24996,true,0.01,1
25008,true,0.01,1
25017,true,0.01,1
25027,true,0.01,1
25036,true,0.01,1
25047,true,0.01,1
25059,true,0.01,1
25069,true,0.01,1
25078,true,0.01,1
25088,true,0.01,1
25102,false,0.01,1
25111,true,0.01,1
25121,true,0.01,1
25132,true,0.01,1
25145,true,0.01,1
25151,true,0.01,1
25162,true,0.01,1
25170,true,0.01,1
25180,true,0.01,1
25190,true,0.01,1
25200,true,0.01,1
25210,true,0.01,1
25220,true,0.01,1
25230,true,0.01,1
25240,true,0.01,1
25250,true,0.01,1
25261,true,0.01,1
25272,true,0.01,1
25284,true,0.01,1
25293,true,0.01,1
25303,true,0.01,1
25314,true,0.01,1
25325,true,0.01,1
25337,false,0.01,1
25343,true,0.01,1
25352,true,0.01,1
25361,false,0.01,1
25368,true,0.01,1
25376,true,0.01,1
25388,false,0.01,1
25398,true,0.01,1
25408,true,0.01,1
25419,true,0.01,1
25429,true,0.01,1
25437,true,0.01,1
25446,true,0.01,1
25459,false,0.01,1
25468,false,0.01,1
25474,true,0.01,1
25487,false,0.01,1
25495,false,0.01,1
25503,false,0.01,1
25513,true,0.01,1
25525,false,0.01,1
25532,false,0.01,1
25544,true,0.01,1
25555,false,0.01,1
25570,false,0.01,1
25573,true,0.01,1
25588,false,0.01,1
25590,true,0.01,1
25603,false,0.01,1
25614,false,0.01,1
25621,true,0.01,1
25631,false,0.01,1
25641,true,0.01,1
25653,true,0.01,1
25661,true,0.01,1
25675,true,0.01,1
25683,true,0.01,1
25695,true,0.01,1
25705,true,0.01,1
25715,true,0.01,1
25725,true,0.01,1
25735,true,0.01,1
25746,true,0.01,1
25756,true,0.01,1
25767,false,0.01,1
25770,true,0.01,1
25782,true,0.01,1
25794,false,0.01,1
25799,true,0.01,1
25814,true,0.01,1
25823,true,0.01,1
25841,false,0.01,1
25849,true,0.01,1
25860,true,0.01,1
25871,true,0.01,1
25879,true,0.01,1
25888,true,0.01,1
25896,true,0.01,1
25904,true,0.01,1
25919,false,0.01,1
25926,false,0.01,1
25932,true,0.01,1
25945,false,0.01,1
25953,false,0.01,1
25961,true,0.01,1
25973,false,0.01,1
25979,true,0.01,1
25990,false,0.01,1
25998,false,0.01,1
26010,false,0.01,1
26016,false,0.01,1
26030,true,0.01,1
26041,true,0.01,1
26053,false,0.01,1
26059,true,0.01,1
26072,false,0.01,1
26079,false,0.01,1
26090,false,0.01,1
26097,false,0.01,1
26104,true,0.01,1
26118,true,0.01,1
26128,true,0.01,1
26143,false,0.01,1
26149,true,0.01,1
26160,false,0.01,1
26165,false,0.01,1
26176,false,0.01,1
26188,false,0.01,1
26194,false,0.01,1
26207,false,0.01,1
26215,false,0.01,1
26220,true,0.01,1
26231,false,0.01,1
26239,true,0.01,1
26249,true,0.01,1
26260,true,0.01,1
26271,true,0.01,1
26281,true,0.01,1
26290,true,0.01,1
26299,true,0.01,1
26309,true,0.01,1
26321,true,0.01,1
26334,true,0.01,1
26344,true,0.01,1
26354,true,0.01,1
26364,true,0.01,1
26372,true,0.01,1
26384,true,0.01,1
26391,true,0.01,1
26402,true,0.01,1
26412,true,0.01,1
26422,true,0.01,1
26432,true,0.01,1
26441,true,0.01,1
26450,true,0.01,1
26460,true,0.01,1
26470,true,0.01,1
26479,true,0.01,1
26485,true,0.01,1
26494,true,0.01,1
26505,true,0.01,1
26516,true,0.01,1
26532,true,0.01,1
26542,true,0.01,1
26551,true,0.01,1
26561,true,0.01,1
26571,true,0.01,1
26581,true,0.01,1
26591,true,0.01,1
26602,true,0.01,1
26612,true,0.01,1
26622,true,0.01,1
26630,true,0.01,1
26641,true,0.01,1
26651,true,0.01,1
26660,true,0.01,1
26669,true,0.01,1
26679,true,0.01,1
26688,true,0.01,1
26698,true,0.01,1
26708,true,0.01,1
26718,true,0.01,1
26728,true,0.01,1
26738,true,0.01,1
26748,true,0.01,1
26759,true,0.01,1
26775,true,0.01,1
26786,true,0.01,1
26796,true,0.01,1
26805,true,0.01,1
26815,true,0.01,1
26825,true,0.01,1
26835,true,0.01,1
26845,true,0.01,1
26855,true,0.01,1
26864,true,0.01,1
26876,true,0.01,1
26886,true,0.01,1
26895,true,0.01,1
26904,true,0.01,1
26912,false,0.01,1
26924,true,0.01,1
26935,true,0.01,1
26943,true,0.01,1
26952,false,0.01,1
26960,true,0.01,1
26968,true,0.01,1
26976,true,0.01,1
26984,true,0.01,1
26992,true,0.01,1
27002,true,0.01,1
27012,true,0.01,1
27017,true,0.01,1
27025,true,0.01,1
27032,true,0.01,1
27038,true,0.01,1
27050,true,0.01,1
27055,true,0.01,1
27064,true,0.01,1
27072,true,0.01,1
27081,true,0.01,1
27086,true,0.01,1
27095,true,0.01,1
27103,true,0.01,1
27111,true,0.01,1
27118,true,0.01,1
27127,true,0.01,1
27135,true,0.01,1
27144,true,0.01,1
27152,true,0.01,1
27160,true,0.01,1
27168,true,0.01,1
27176,true,0.01,1
27184,true,0.01,1
27192,true,0.01,1
27201,true,0.01,1
27209,true,0.01,1
27217,true,0.01,1
27225,true,0.01,1
27233,true,0.01,1
27241,true,0.01,1
27249,true,0.01,1
27257,true,0.01,1
27265,true,0.01,1
27270,true,0.01,1
27279,true,0.01,1
27289,true,0.01,1
27300,true,0.01,1
27308,true,0.01,1
27317,true,0.01,1
27324,true,0.01,1
27330,true,0.01,1
27341,true,0.01,1
27349,true,0.01,1
27359,true,0.01,1
27365,true,0.01,1
27375,true,0.01,1
27385,false,0.01,1
27396,true,0.01,1
27407,true,0.01,1
27416,true,0.01,1
27429,true,0.01,1
27442,true,0.01,1
27449,true,0.01,1
27462,true,0.01,1
27472,true,0.01,1
27482,true,0.01,1
27491,true,0.01,1
27498,true,0.01,1
27505,true,0.01,1
27519,true,0.01,1
27529,true,0.01,1
27540,true,0.01,1
27550,true,0.01,1
27560,true,0.01,1
27570,true,0.01,1
27580,true,0.01,1
27590,true,0.01,1
27600,true,0.01,1
27613,true,0.01,1
27621,true,0.01,1
27631,true,0.01,1
27642,true,0.01,1
27651,true,0.01,1
27663,false,0.01,1
27673,true,0.01,1
27685,true,0.01,1
27692,true,0.01,1
27705,false,0.01,1
27715,false,0.01,1
27725,true,0.01,1
27734,true,0.01,1
27744,false,0.01,1
27751,false,0.01,1
27759,true,0.01,1
27769,true,0.01,1
27780,false,0.01,1
27791,false,0.01,1
27801,true,0.01,1
27811,true,0.01,1
27820,true,0.01,1
27830,true,0.01,1
27838,true,0.01,1
27846,true,0.01,1
27857,true,0.01,1
27868,true,0.01,1
27878,true,0.01,1
27889,true,0.01,1
27898,false,0.01,1
27910,true,0.01,1
27919,true,0.01,1
27925,true,0.01,1
27941,true,0.01,1
27949,false,0.01,1
27959,false,0.01,1
27966,false,0.01,1
27979,false,0.01,1
27985,true,0.01,1
27997,false,0.01,1
28007,false,0.01,1
28017,true,0.01,1
28027,false,0.01,1
28039,false,0.01,1
28047,true,0.01,1
28062,true,0.01,1
28072,true,0.01,1
28080,true,0.01,1
28090,true,0.01,1
28099,true,0.01,1
28110,true,0.01,1
28124,false,0.01,1
28127,true,0.01,1
28140,false,0.01,1
28147,true,0.01,1
28161,true,0.01,1
28167,false,0.01,1
28181,true,0.01,1
28193,false,0.01,1
28197,true,0.01,1
28208,false,0.01,1
28219,false,0.01,1
28232,false,0.01,1
28239,false,0.01,1
28247,true,0.01,1
28259,false,0.01,1
28265,true,0.01,1
28275,false,0.01,1
28285,false,0.01,1
28294,false,0.01,1
28303,false,0.01,1
28313,false,0.01,1
28322,false,0.01,1
28331,false,0.01,1
28340,false,0.01,1
28349,false,0.01,1
28359,true,0.01,1
28369,true,0.01,1
28379,true,0.01,1
28389,true,0.01,1
28399,true,0.01,1
28409,true,0.01,1
28419,false,0.01,1
28429,false,0.01,1
28440,true,0.01,1
28452,true,0.01,1
28468,false,0.01,1
28478,false,0.01,1
28487,false,0.01,1
28496,false,0.01,1
28504,true,0.01,1
28513,true,0.01,1
28525,true,0.01,1
28534,true,0.01,1
28543,true,0.01,1
28554,true,0.01,1
28564,true,0.01,1
28572,true,0.01,1
28582,true,0.01,1
28593,false,0.01,1
28603,true,0.01,1
28613,true,0.01,1
28623,true,0.01,1
28632,true,0.01,1
28640,true,0.01,1
28650,true,0.01,1
28659,true,0.01,1
28667,true,0.01,1
28679,true,0.01,1
28685,true,0.01,1
28696,true,0.01,1
28708,true,0.01,1
28715,true,0.01,1
28721,false,0.01,1
28735,true,0.01,1
28740,true,0.01,1
28752,true,0.01,1
28757,true,0.01,1
28772,true,0.01,1
28780,true,0.01,1
28789,true,0.01,1
28797,true,0.01,1
28805,true,0.01,1
28816,true,0.01,1
28823,true,0.01,1
28831,true,0.01,1
28840,true,0.01,1
28851,false,0.01,1
28857,true,0.01,1
28865,true,0.01,1
28877,true,0.01,1
28885,true,0.01,1
28893,true,0.01,1
28903,true,0.01,1
28910,true,0.01,1
28924,true,0.01,1
28931,true,0.01,1
28941,true,0.01,1
28951,true,0.01,1
28958,true,0.01,1
28966,true,0.01,1
28978,true,0.01,1
28986,true,0.01,1
28993,true,0.01,1
29003,true,0.01,1
29011,true,0.01,1
29019,true,0.01,1
29026,true,0.01,1
29037,true,0.01,1
29044,true,0.01,1
29053,true,0.01,1
29065,true,0.01,1
29075,true,0.01,1
29085,false,0.01,1
29093,true,0.01,1
29106,false,0.01,1
29117,true,0.01,1
29127,true,0.01,1
29137,true,0.01,1
29147,true,0.01,1
29157,true,0.01,1
29167,true,0.01,1
29178,false,0.01,1
29189,false,0.01,1
29197,false,0.01,1
29203,true,0.01,1
29214,false,0.01,1
29226,true,0.01,1
29234,false,0.01,1
29244,true,0.01,1
29254,true,0.01,1
29264,true,0.01,1
29273,true,0.01,1
29282,true,0.01,1
29292,true,0.01,1
29301,true,0.01,1
29311,true,0.01,1
29321,true,0.01,1
29331,true,0.01,1
29341,true,0.01,1
29351,true,0.01,1
29361,true,0.01,1
29371,true,0.01,1
29381,true,0.01,1
29394,true,0.01,1
29399,true,0.01,1
29412,false,0.01,1
29423,false,0.01,1
29430,false,0.01,1
29440,false,0.01,1
29448,true,0.01,1
29460,true,0.01,1
29467,false,0.01,1
29476,false,0.01,1
29485,true,0.01,1
29495,true,0.01,1
29507,true,0.01,1
29517,true,0.01,1
29527,true,0.01,1
29535,true,0.01,1
29543,true,0.01,1
29553,true,0.01,1
29563,true,0.01,1
29573,false,0.01,1
29583,true,0.01,1
29593,true,0.01,1
29603,true,0.01,1
29613,true,0.01,1
29623,true,0.01,1
29633,true,0.01,1
29643,true,0.01,1
29653,true,0.01,1
29663,true,0.01,1
29673,false,0.01,1
29683,false,0.01,1
29692,false,0.01,1
29701,true,0.01,1
29712,true,0.01,1
29719,false,0.01,1
29729,true,0.01,1
29740,true,0.01,1
29749,true,0.01,1
29756,true,0.01,1
29771,false,0.01,1
29781,true,0.01,1
29791,true,0.01,1
29804,true,0.01,1
29811,true,0.01,1
29822,true,0.01,1
29835,true,0.01,1
29844,true,0.01,1
29854,true,0.01,1
29864,true,0.01,1
29874,true,0.01,1
29884,true,0.01,1
29894,false,0.01,1
29902,true,0.01,1
29910,true,0.01,1
29918,false,0.01,1
29932,false,0.01,1
29940,false,0.01,1
29948,false,0.01,1
29957,true,0.01,1
29969,false,0.01,1
29972,false,0.01,1
29981,true,0.01,1
29997,true,0.01,1
30004,false,0.01,1
30014,false,0.01,1
30024,true,0.01,1
30033,true,0.01,1
30043,true,0.01,1
30053,false,0.01,1
30066,false,0.01,1
30075,false,0.01,1
30083,true,0.01,1
30094,false,0.01,1
30104,false,0.01,1
30113,true,0.01,1
30125,true,0.01,1
30135,false,0.01,1
30141,true,0.01,1
30158,false,0.01,1
30165,false,0.01,1
30170,false,0.01,1
30186,true,0.01,1
30196,true,0.01,1
30206,true,0.01,1
30217,false,0.01,1
30229,false,0.01,1
30234,true,0.01,1
30248,false,0.01,1
30257,false,0.01,1
30266,false,0.01,1
30276,true,0.01,1
30286,true,0.01,1
30296,false,0.01,1
30309,false,0.01,1
30315,true,0.01,1
30328,false,0.01,1
30334,true,0.01,1
30347,false,0.01,1
30354,false,0.01,1
30365,false,0.01,1
30376,false,0.01,1
30389,false,0.01,1
30396,true,0.01,1
30405,false,0.01,1
30415,false,0.01,1
30427,false,0.01,1
30435,false,0.01,1
30442,true,0.01,1
30454,false,0.01,1
30463,false,0.01,1
30470,false,0.01,1
30480,false,0.01,1
30486,false,0.01,1
30495,false,0.01,1
30506,false,0.01,1
30517,false,0.01,1
30526,false,0.01,1
30533,false,0.01,1
30546,true,0.01,1
30556,true,0.01,1
30566,true,0.01,1
30577,false,0.01,1
30589,false,0.01,1
30597,false,0.01,1
30608,false,0.01,1
30618,false,0.01,1
30628,true,0.01,1
30638,true,0.01,1
30648,true,0.01,1
30658,true,0.01,1
30672,false,0.01,1
30678,true,0.01,1
30692,false,0.01,1
30702,true,0.01,1
30711,true,0.01,1
30719,false,0.01,1
30728,true,0.01,1
30740,true,0.01,1
30750,true,0.01,1
30760,true,0.01,1
30769,true,0.01,1
30778,true,0.01,1
30788,true,0.01,1
30798,false,0.01,1
30808,true,0.01,1
30818,true,0.01,1
30828,true,0.01,1
30838,true,0.01,1
30847,true,0.01,1
30858,true,0.01,1
30868,true,0.01,1
30880,true,0.01,1
30890,false,0.01,1
30893,true,0.01,1
30909,true,0.01,1
30919,true,0.01,1
30929,true,0.01,1
30940,true,0.01,1
30951,true,0.01,1
30960,true,0.01,1
30973,true,0.01,1
30981,true,0.01,1
30993,true,0.01,1
31003,true,0.01,1
31013,true,0.01,1
31023,false,0.01,1
31033,false,0.01,1
31047,true,0.01,1
31055,true,0.01,1
31065,true,0.01,1
31074,true,0.01,1
31085,true,0.01,1
31095,true,0.01,1
31105,false,0.01,1
31117,true,0.01,1
31127,true,0.01,1
31137,true,0.01,1
31149,false,0.01,1
31156,true,0.01,1
31166,true,0.01,1
31178,false,0.01,1
31188,true,0.01,1
31198,true,0.01,1
31205,true,0.01,1
31216,true,0.01,1
31226,true,0.01,1
31237,true,0.01,1
31247,true,0.01,1
31257,true,0.01,1
31267,false,0.01,1
31277,true,0.01,1
31287,true,0.01,1
31296,true,0.01,1
31306,true,0.01,1
31316,true,0.01,1
31329,true,0.01,1
31339,true,0.01,1
31350,true,0.01,1
31361,true,0.01,1
31375,false,0.01,1
31382,true,0.01,1
31394,false,0.01,1
31398,true,0.01,1
31409,true,0.01,1
31418,true,0.01,1
31426,true,0.01,1
31435,true,0.01,1
31445,true,0.01,1
31455,true,0.01,1
31464,true,0.01,1
31474,true,0.01,1
31485,true,0.01,1
31494,true,0.01,1
31504,true,0.01,1
31514,false,0.01,1
31524,true,0.01,1
31533,true,0.01,1
31544,true,0.01,1
31554,true,0.01,1
31564,true,0.01,1
31574,true,0.01,1
31585,true,0.01,1
31594,true,0.01,1
31605,true,0.01,1
31615,true,0.01,1
31626,true,0.01,1
31637,false,0.01,1
31644,false,0.01,1
31656,true,0.01,1
31664,false,0.01,1
31672,false,0.01,1
31681,false,0.01,1
31690,true,0.01,1
31701,true,0.01,1
31711,true,0.01,1
31723,true,0.01,1
31731,true,0.01,1
31741,true,0.01,1
31751,true,0.01,1
31761,true,0.01,1
31770,true,0.01,1
31779,true,0.01,1
31789,true,0.01,1
31800,true,0.01,1
31807,true,0.01,1
31816,true,0.01,1
31831,true,0.01,1
31838,true,0.01,1
31850,true,0.01,1
31855,true,0.01,1
31868,true,0.01,1
31876,true,0.01,1
31884,true,0.01,1
31891,true,0.01,1
31902,true,0.01,1
31910,true,0.01,1
31922,true,0.01,1
31931,true,0.01,1
31940,true,0.01,1
31949,true,0.01,1
31956,true,0.01,1
31961,true,0.01,1
31976,true,0.01,1
31983,true,0.01,1
31989,true,0.01,1
31996,true,0.01,1
32012,false,0.01,1
32016,true,0.01,1
32023,true,0.01,1
32034,true,0.01,1
32043,true,0.01,1
32050,true,0.01,1
32063,true,0.01,1
32069,true,0.01,1
32084,false,0.01,1
32092,true,0.01,1
32103,false,0.01,1
32107,false,0.01,1
32119,true,0.01,1
32127,false,0.01,1
32133,true,0.01,1
32147,true,0.01,1
32154,true,0.01,1
32160,true,0.01,1
32169,true,0.01,1
32177,true,0.01,1
32191,true,0.01,1
32200,true,0.01,1
32207,true,0.01,1
32213,true,0.01,1
32228,true,0.01,1
32234,true,0.01,1
32242,false,0.01,1
32250,true,0.01,1
32257,true,0.01,1
32268,true,0.01,1
32274,true,0.01,1
32286,true,0.01,1
32293,true,0.01,1
32305,true,0.01,1
32310,true,0.01,1
32323,false,0.01,1
32333,false,0.01,1
32341,true,0.01,1
32355,false,0.01,1
32360,true,0.01,1
32371,false,0.01,1
32379,true,0.01,1
32385,true,0.01,1
32399,false,0.01,1
32407,false,0.01,1
32416,false,0.01,1
32426,false,0.01,1
32433,true,0.01,1
32443,false,0.01,1
32450,true,0.01,1
32456,true,0.01,1
32470,true,0.01,1
32477,true,0.01,1
32484,true,0.01,1
32496,false,0.01,1
32499,true,0.01,1
32510,true,0.01,1
32525,false,0.01,1
32528,true,0.01,1
32540,true,0.01,1
32544,true,0.01,1
32554,true,0.01,1
32564,false,0.01,1
32578,false,0.01,1
32589,false,0.01,1
32592,true,0.01,1
32602,true,0.01,1
32611,true,0.01,1
32622,true,0.01,1
32627,true,0.01,1
32644,true,0.01,1
32653,true,0.01,1
32664,true,0.01,1
32673,true,0.01,1
32679,true,0.01,1
32692,true,0.01,1
32698,true,0.01,1
32713,false,0.01,1
32719,true,0.01,1
32725,true,0.01,1
32735,false,0.01,1
32749,false,0.01,1
32753,true,0.01,1
32764,true,0.01,1
32774,true,0.01,1
32780,true,0.01,1
32789,true,0.01,1
32797,true,0.01,1
32806,true,0.01,1
32814,true,0.01,1
32824,true,0.01,1
32831,true,0.01,1
32839,true,0.01,1
32847,true,0.01,1
32854,true,0.01,1
32861,true,0.01,1
32871,true,0.01,1
32880,true,0.01,1
32890,true,0.01,1
32896,true,0.01,1
32906,true,0.01,1
32916,true,0.01,1
32923,true,0.01,1
32932,true,0.01,1
32943,true,0.01,1
32949,true,0.01,1
32957,true,0.01,1
32965,true,0.01,1
32973,true,0.01,1
32981,true,0.01,1
32989,true,0.01,1
32995,true,0.01,1
33002,true,0.01,1
33010,true,0.01,1
33018,true,0.01,1
33026,true,0.01,1
33034,true,0.01,1
33042,true,0.01,1
33051,true,0.01,1
33058,true,0.01,1
33066,true,0.01,1
33075,true,0.01,1
33087,true,0.01,1
33095,false,0.01,1
33102,true,0.01,1
33112,true,0.01,1
33119,true,0.01,1
33127,true,0.01,1
33135,true,0.01,1
33143,true,0.01,1
33151,true,0.01,1
33159,true,0.01,1
33165,true,0.01,1
33173,true,0.01,1
33181,true,0.01,1
33189,true,0.01,1
33197,true,0.01,1
33205,true,0.01,1
33213,true,0.01,1
33220,false,0.01,1
33229,false,0.01,1
33239,true,0.01,1
33245,true,0.01,1
33253,true,0.01,1
33261,true,0.01,1
33269,true,0.01,1
33277,true,0.01,1
33285,true,0.01,1
33292,true,0.01,1
33300,true,0.01,1
33309,true,0.01,1
33319,true,0.01,1
33326,true,0.01,1
33334,true,0.01,1
33342,true,0.01,1
33350,true,0.01,1
33358,true,0.01,1
33366,true,0.01,1
33377,true,0.01,1
33384,true,0.01,1
33389,true,0.01,1
33397,true,0.01,1
33405,true,0.01,1
33413,true,0.01,1
33421,true,0.01,1
33429,true,0.01,1
33437,true,0.01,1
33447,true,0.01,1
33454,false,0.01,1
33462,false,0.01,1
33470,true,0.01,1
33478,true,0.01,1
33486,true,0.01,1
33494,true,0.01,1
33502,true,0.01,1
33510,true,0.01,1
33517,true,0.01,1
33526,true,0.01,1
33533,true,0.01,1
33540,true,0.01,1
33547,true,0.01,1
33554,true,0.01,1
33561,true,0.01,1
33571,true,0.01,1
33579,true,0.01,1
33587,true,0.01,1
33594,true,0.01,1
33602,true,0.01,1
33607,true,0.01,1
33616,true,0.01,1
33623,true,0.01,1
33630,true,0.01,1
33637,true,0.01,1
33644,true,0.01,1
33651,true,0.01,1
33658,true,0.01,1
33665,true,0.01,1
33672,true,0.01,1
33679,true,0.01,1
33686,true,0.01,1
33693,true,0.01,1
33700,true,0.01,1
33707,true,0.01,1
33715,true,0.01,1
33722,true,0.01,1
33728,true,0.01,1
33735,true,0.01,1
33744,true,0.01,1
33753,true,0.01,1
33760,true,0.01,1
33767,true,0.01,1
33774,true,0.01,1
33780,true,0.01,1
33785,true,0.01,1
33792,true,0.01,1
33799,true,0.01,1
33806,true,0.01,1
33815,true,0.01,1
33823,true,0.01,1
33831,true,0.01,1
33839,true,0.01,1
33846,true,0.01,1
33854,true,0.01,1
33860,true,0.01,1
33866,true,0.01,1
33873,true,0.01,1
33880,true,0.01,1
33887,true,0.01,1
33894,true,0.01,1
33900,true,0.01,1
33908,true,0.01,1
33914,true,0.01,1
33922,true,0.01,1
33929,true,0.01,1
33938,true,0.01,1
33945,true,0.01,1
33952,true,0.01,1
33958,true,0.01,1
33965,true,0.01,1
33971,true,0.01,1
33978,true,0.01,1
33985,true,0.01,1
33992,true,0.01,1
34002,true,0.01,1
34007,true,0.01,1
34013,true,0.01,1
34020,true,0.01,1
34027,true,0.01,1
34034,true,0.01,1
34041,true,0.01,1
34048,true,0.01,1
34057,true,0.01,1
34065,true,0.01,1
34073,true,0.01,1
34080,true,0.01,1
34087,true,0.01,1
34093,true,0.01,1
34102,true,0.01,1
34109,true,0.01,1
34116,true,0.01,1
34123,true,0.01,1
34130,true,0.01,1
34137,true,0.01,1
34144,true,0.01,1
34151,true,0.01,1
34158,true,0.01,1
34165,true,0.01,1
34172,true,0.01,1
34179,true,0.01,1
34187,true,0.01,1
34194,true,0.01,1
34201,true,0.01,1
34208,true,0.01,1
34214,true,0.01,1
34221,true,0.01,1
34230,true,0.01,1
34237,true,0.01,1
34242,true,0.01,1
34250,true,0.01,1
34258,true,0.01,1
34265,false,0.01,1
34271,false,0.01,1
34278,false,0.01,1
34285,false,0.01,1
34292,true,0.01,1
34299,true,0.01,1
34306,false,0.01,1
34313,true,0.01,1
34320,false,0.01,1
34326,true,0.01,1
34333,false,0.01,1
34341,false,0.01,1
34348,true,0.01,1
34355,true,0.01,1
34363,true,0.01,1
34369,false,0.01,1
34378,true,0.01,1
34384,true,0.01,1
34391,true,0.01,1
34398,true,0.01,1
34405,false,0.01,1
34412,true,0.01,1
34419,true,0.01,1
34424,true,0.01,1
34431,false,0.01,1
34438,true,0.01,1
34445,true,0.01,1
34452,true,0.01,1
34459,true,0.01,1
34466,true,0.01,1
34473,true,0.01,1
34480,true,0.01,1
34486,true,0.01,1
34493,true,0.01,1
34500,true,0.01,1
34507,false,0.01,1
34515,false,0.01,1
34522,false,0.01,1
34529,false,0.01,1
34535,true,0.01,1
34543,false,0.01,1
34550,false,0.01,1
34557,false,0.01,1
34564,true,0.01,1
34570,false,0.01,1
34577,false,0.01,1
34584,false,0.01,1
34591,false,0.01,1
34598,true,0.01,1
34604,false,0.01,1
34611,false,0.01,1
34617,true,0.01,1
34624,true,0.01,1
34630,false,0.01,1
34638,false,0.01,1
34646,true,0.01,1
34653,true,0.01,1
34660,true,0.01,1
34667,true,0.01,1
34672,true,0.01,1
34679,true,0.01,1
34685,false,0.01,1
34692,false,0.01,1
34699,true,0.01,1
34706,true,0.01,1
34713,true,0.01,1
34720,false,0.01,1
34728,false,0.01,1
34739,true,0.01,1
34748,false,0.01,1
34756,false,0.01,1
34764,false,0.01,1
34771,false,0.01,1
34776,false,0.01,1
34785,false,0.01,1
34792,false,0.01,1
34799,false,0.01,1
34807,false,0.01,1
34814,true,0.01,1
34820,false,0.01,1
34827,false,0.01,1
34834,false,0.01,1
34840,true,0.01,1
34846,false,0.01,1
34852,false,0.01,1
34858,true,0.01,1
34864,false,0.01,1
34870,false,0.01,1
34876,true,0.01,1
34882,false,0.01,1
34888,true,0.01,1
34894,true,0.01,1
34900,false,0.01,1
34905,true,0.01,1
34911,true,0.01,1
34917,false,0.01,1
34924,false,0.01,1
34930,true,0.01,1
34936,false,0.01,1
34942,false,0.01,1
34948,true,0.01,1
34954,false,0.01,1
34960,true,0.01,1
34966,true,0.01,1
34970,true,0.01,1
34976,true,0.01,1
34982,false,0.01,1
34989,false,0.01,1
34995,true,0.01,1
35001,true,0.01,1
35008,true,0.01,1
35014,true,0.01,1
35019,true,0.01,1
35026,true,0.01,1
35031,true,0.01,1
35037,true,0.01,1
35044,true,0.01,1
35050,true,0.01,1
35056,false,0.01,1
35062,true,0.01,1
35069,true,0.01,1
35073,true,0.01,1
35078,true,0.01,1
35084,true,0.01,1
35091,true,0.01,1
35097,true,0.01,1
35102,true,0.01,1
35109,true,0.01,1
35115,true,0.01,1
35121,true,0.01,1
35126,true,0.01,1
35132,true,0.01,1
35140,true,0.01,1
35145,true,0.01,1
35152,true,0.01,1
35158,true,0.01,1
35163,false,0.01,1
35169,true,0.01,1
35175,true,0.01,1
35181,false,0.01,1
35187,true,0.01,1
35193,true,0.01,1
35200,true,0.01,1
35205,true,0.01,1
35211,true,0.01,1
35217,true,0.01,1
35223,true,0.01,1
35229,true,0.01,1
35234,true,0.01,1
35240,true,0.01,1
35246,false,0.01,1
35249,true,0.01,1
35256,true,0.01,1
35262,false,0.01,1
35268,true,0.01,1
35274,true,0.01,1
35281,false,0.01,1
35288,true,0.01,1
35294,true,0.01,1
35298,true,0.01,1
35306,true,0.01,1
35312,true,0.01,1
35318,true,0.01,1
35324,true,0.01,1
35330,true,0.01,1
35336,true,0.01,1
35343,true,0.01,1
35348,true,0.01,1
35354,true,0.01,1
35363,true,0.01,1
35369,true,0.01,1
35375,true,0.01,1
35381,true,0.01,1
35389,true,0.01,1
35394,true,0.01,1
35400,true,0.01,1
35405,true,0.01,1
35411,true,0.01,1
35416,false,0.01,1
35422,true,0.01,1
35428,true,0.01,1
35434,false,0.01,1
35443,true,0.01,1
35448,true,0.01,1
35454,true,0.01,1
35460,false,0.01,1
35467,true,0.01,1
35474,true,0.01,1
35479,true,0.01,1
35485,false,0.01,1
35491,true,0.01,1
35498,false,0.01,1
35502,false,0.01,1
35507,false,0.01,1
35512,true,0.01,1
35518,true,0.01,1
35525,false,0.01,1
35531,true,0.01,1
35536,true,0.01,1
35543,true,0.01,1
35549,true,0.01,1
35555,true,0.01,1
35561,true,0.01,1
35567,true,0.01,1
35574,true,0.01,1
35580,true,0.01,1
35586,true,0.01,1
35592,true,0.01,1
35598,true,0.01,1
35603,true,0.01,1
35609,true,0.01,1
35615,true,0.01,1
35622,true,0.01,1
35629,true,0.01,1
35635,true,0.01,1
35641,false,0.01,1
35647,false,0.01,1
35653,true,0.01,1
35658,false,0.01,1
35664,true,0.01,1
35670,true,0.01,1
35675,true,0.01,1
35681,true,0.01,1
35687,true,0.01,1
35694,false,0.01,1
35700,true,0.01,1
35706,true,0.01,1
35712,false,0.01,1
35718,true,0.01,1
35724,true,0.01,1
35729,true,0.01,1
35735,true,0.01,1
35742,true,0.01,1
35748,false,0.01,1
35755,true,0.01,1
35761,true,0.01,1
35767,false,0.01,1
35774,true,0.01,1
35780,true,0.01,1
35788,true,0.01,1
35794,false,0.01,1
35799,true,0.01,1
35807,true,0.01,1
35810,true,0.01,1
35814,true,0.01,1
35822,true,0.01,1
35827,true,0.01,1
35833,true,0.01,1
35839,true,0.01,1
35845,true,0.01,1
35852,true,0.01,1
35858,true,0.01,1
35864,true,0.01,1
35870,true,0.01,1
35876,true,0.01,1
35883,true,0.01,1
35890,true,0.01,1
35896,true,0.01,1
35901,true,0.01,1
35909,true,0.01,1
35915,true,0.01,1
35921,true,0.01,1
35927,true,0.01,1
35932,true,0.01,1
35937,true,0.01,1
35941,true,0.01,1
35947,true,0.01,1
35953,true,0.01,1
35959,true,0.01,1
35965,false,0.01,1
35971,true,0.01,1
35977,true,0.01,1
35983,false,0.01,1
35989,true,0.01,1
35995,true,0.01,1
36001,false,0.01,1
36006,true,0.01,1
36010,false,0.01,1
36016,true,0.01,1
36022,true,0.01,1
36028,false,0.01,1
36034,true,0.01,1
36040,true,0.01,1
36045,true,0.01,1
36051,true,0.01,1
36059,true,0.01,1
36064,true,0.01,1
36070,true,0.01,1
36076,true,0.01,1
36082,true,0.01,1
36088,true,0.01,1
36094,true,0.01,1
36100,true,0.01,1
36106,true,0.01,1
36112,true,0.01,1
36117,true,0.01,1
36123,true,0.01,1
36129,true,0.01,1
36135,true,0.01,1
36141,true,0.01,1
36147,true,0.01,1
36153,true,0.01,1
36159,true,0.01,1
36165,true,0.01,1
36170,true,0.01,1
36176,true,0.01,1
36182,true,0.01,1
36188,true,0.01,1
36194,true,0.01,1
36200,true,0.01,1
36206,true,0.01,1
36212,true,0.01,1
36218,false,0.01,1
36224,true,0.01,1
36230,true,0.01,1
36236,true,0.01,1
36244,false,0.01,1
36249,true,0.01,1
36255,true,0.01,1
36260,true,0.01,1
36266,true,0.01,1
36273,true,0.01,1
36277,true,0.01,1
36283,true,0.01,1
36288,true,0.01,1
36294,true,0.01,1
36300,true,0.01,1
36306,true,0.01,1
36312,true,0.01,1
36318,true,0.01,1
36324,true,0.01,1
36330,true,0.01,1
36336,true,0.01,1
36342,true,0.01,1
36348,true,0.01,1
36354,true,0.01,1
36361,true,0.01,1
36367,true,0.01,1
36373,true,0.01,1
36379,true,0.01,1
36385,false,0.01,1
36391,true,0.01,1
36396,true,0.01,1
36402,false,0.01,1
36408,true,0.01,1
36414,true,0.01,1
36419,true,0.01,1
36425,true,0.01,1
36431,true,0.01,1
36437,true,0.01,1
36444,true,0.01,1
36449,true,0.01,1
36456,false,0.01,1
36462,true,0.01,1
36466,false,0.01,1
36472,false,0.01,1
36478,false,0.01,1
36488,true,0.01,1
36497,true,0.01,1
36504,false,0.01,1
36510,true,0.01,1
36516,true,0.01,1
36520,true,0.01,1
36526,true,0.01,1
36532,true,0.01,1
36542,true,0.01,1
36548,false,0.01,1
36554,true,0.01,1
36558,true,0.01,1
36564,true,0.01,1
36570,true,0.01,1
36576,true,0.01,1
36582,false,0.01,1
36588,true,0.01,1
36594,true,0.01,1
36601,true,0.01,1
36607,true,0.01,1
36612,true,0.01,1
36620,false,0.01,1
36626,true,0.01,1
36632,true,0.01,1
36638,false,0.01,1
36644,true,0.01,1
36650,true,0.01,1
36656,true,0.01,1
36660,true,0.01,1
36666,true,0.01,1
36671,true,0.01,1
36675,true,0.01,1
36681,true,0.01,1
36687,true,0.01,1
36693,true,0.01,1
36702,false,0.01,1
36707,true,0.01,1
36711,false,0.01,1
36715,true,0.01,1
36721,true,0.01,1
36730,true,0.01,1
36736,false,0.01,1
36742,true,0.01,1
36748,true,0.01,1
36755,false,0.01,1
36761,true,0.01,1
36767,true,0.01,1
36773,true,0.01,1
36779,true,0.01,1
36785,true,0.01,1
36790,false,0.01,1
36797,true,0.01,1
36803,true,0.01,1
36807,false,0.01,1
36813,true,0.01,1
36817,false,0.01,1
36823,true,0.01,1
36829,true,0.01,1
36835,false,0.01,1
36841,true,0.01,1
36847,true,0.01,1
36853,true,0.01,1
36859,true,0.01,1
36865,true,0.01,1
36870,false,0.01,1
36875,true,0.01,1
36881,false,0.01,1
36887,true,0.01,1
36893,true,0.01,1
36900,true,0.01,1
36906,false,0.01,1
36912,true,0.01,1
36920,true,0.01,1
36924,false,0.01,1
36930,true,0.01,1
36937,false,0.01,1
36946,true,0.01,1
36953,false,0.01,1
36960,false,0.01,1
36966,true,0.01,1
36969,false,0.01,1
36974,true,0.01,1
36981,true,0.01,1
36987,false,0.01,1
36993,true,0.01,1
36998,false,0.01,1
37004,true,0.01,1
37010,true,0.01,1
37014,false,0.01,1
37020,false,0.01,1
37026,true,0.01,1
37032,false,0.01,1
37038,true,0.01,1
37044,true,0.01,1
37050,false,0.01,1
37056,true,0.01,1
37062,true,0.01,1
37068,false,0.01,1
37074,true,0.01,1
37080,true,0.01,1
37086,false,0.01,1
37092,true,0.01,1
37098,true,0.01,1
37103,false,0.01,1
37108,true,0.01,1
37113,false,0.01,1
37118,true,0.01,1
37123,false,0.01,1
37127,true,0.01,1
37132,false,0.01,1
37137,false,0.01,1
37142,false,0.01,1
37147,true,0.01,1
37152,true,0.01,1
37156,true,0.01,1
37161,true,0.01,1
37164,true,0.01,1
37169,false,0.01,1
37176,false,0.01,1
37181,false,0.01,1
37185,false,0.01,1
37189,true,0.01,1
37195,true,0.01,1
37200,true,0.01,1
37205,true,0.01,1
37211,true,0.01,1
37216,false,0.01,1
37221,true,0.01,1
37226,true,0.01,1
37231,true,0.01,1
37236,true,0.01,1
37241,true,0.01,1
37246,true,0.01,1
37251,false,0.01,1
37257,true,0.01,1
37262,false,0.01,1
37267,true,0.01,1
37271,true,0.01,1
37278,true,0.01,1
37283,true,0.01,1
37288,true,0.01,1
37293,true,0.01,1
37298,false,0.01,1
37301,true,0.01,1
37307,true,0.01,1
37312,true,0.01,1
37317,true,0.01,1
37321,true,0.01,1
37326,true,0.01,1
37331,true,0.01,1
37336,true,0.01,1
37339,true,0.01,1
37345,true,0.01,1
37349,true,0.01,1
37355,true,0.01,1
37360,false,0.01,1
37365,true,0.01,1
37370,true,0.01,1
37375,true,0.01,1
37380,true,0.01,1
37385,true,0.01,1
37390,true,0.01,1
37395,false,0.01,1
37400,true,0.01,1
37405,true,0.01,1
37410,true,0.01,1
37415,true,0.01,1
37420,true,0.01,1
37425,true,0.01,1
37430,true,0.01,1
37436,true,0.01,1
37440,false,0.01,1
37444,true,0.01,1
37449,false,0.01,1
37454,true,0.01,1
37459,false,0.01,1
37465,true,0.01,1
37469,true,0.01,1
37474,true,0.01,1
37479,true,0.01,1
37484,true,0.01,1
37490,true,0.01,1
37495,false,0.01,1
37500,true,0.01,1
37505,true,0.01,1
37511,true,0.01,1
37516,true,0.01,1
37521,true,0.01,1
37526,true,0.01,1
37531,true,0.01,1
37537,true,0.01,1
37542,true,0.01,1
37546,true,0.01,1
37551,true,0.01,1
37556,true,0.01,1
37561,true,0.01,1
37565,true,0.01,1
37570,true,0.01,1
37575,true,0.01,1
37582,true,0.01,1
37587,true,0.01,1
37591,true,0.01,1
37596,true,0.01,1
37601,true,0.01,1
37606,true,0.01,1
37611,false,0.01,1
37616,true,0.01,1
37621,true,0.01,1
37626,true,0.01,1
37631,true,0.01,1
37637,true,0.01,1
37640,true,0.01,1
37645,true,0.01,1
37650,true,0.01,1
37655,true,0.01,1
37660,true,0.01,1
37666,false,0.01,1
37672,false,0.01,1
37677,true,0.01,1
37682,true,0.01,1
37689,false,0.01,1
37694,false,0.01,1
37699,true,0.01,1
37704,true,0.01,1
37708,true,0.01,1
37713,true,0.01,1
37718,true,0.01,1
37723,true,0.01,1
37728,true,0.01,1
37734,true,0.01,1
37738,false,0.01,1
37743,true,0.01,1
37748,true,0.01,1
37753,true,0.01,1
37758,true,0.01,1
37762,true,0.01,1
37768,true,0.01,1
37772,true,0.01,1
37777,true,0.01,1
37782,false,0.01,1
37788,true,0.01,1
37792,true,0.01,1
37798,true,0.01,1
37802,false,0.01,1
37807,true,0.01,1
37813,true,0.01,1
37818,true,0.01,1
37824,true,0.01,1
37829,false,0.01,1
37835,true,0.01,1
37840,true,0.01,1
37845,false,0.01,1
37849,true,0.01,1
37855,false,0.01,1
37860,true,0.01,1
37865,false,0.01,1
37871,true,0.01,1
37876,true,0.01,1
37881,false,0.01,1
37886,true,0.01,1
37891,true,0.01,1
37896,true,0.01,1
37901,false,0.01,1
37908,true,0.01,1
37914,true,0.01,1
37917,true,0.01,1
37922,true,0.01,1
37930,true,0.01,1
37935,true,0.01,1
37940,true,0.01,1
37946,false,0.01,1
37949,true,0.01,1
37954,false,0.01,1
37961,true,0.01,1
37966,true,0.01,1
37970,true,0.01,1
37975,true,0.01,1
37979,true,0.01,1
37984,true,0.01,1
37989,true,0.01,1
37994,false,0.01,1
37999,false,0.01,1
38002,true,0.01,1
38007,true,0.01,1
38013,true,0.01,1
38017,false,0.01,1
38021,true,0.01,1
38028,true,0.01,1
38032,true,0.01,1
38037,true,0.01,1
38042,true,0.01,1
38047,true,0.01,1
38052,true,0.01,1
38057,true,0.01,1
38062,true,0.01,1
38067,true,0.01,1
38072,true,0.01,1
38077,true,0.01,1
38082,true,0.01,1
38087,true,0.01,1
38092,true,0.01,1
38097,true,0.01,1
38102,true,0.01,1
38107,true,0.01,1
38112,true,0.01,1
38117,true,0.01,1
38122,true,0.01,1
38127,true,0.01,1
38131,true,0.01,1
38136,true,0.01,1
38139,true,0.01,1
38144,true,0.01,1
38151,true,0.01,1
38158,true,0.01,1
38160,true,0.01,1
38167,true,0.01,1
38171,false,0.01,1
38174,true,0.01,1
38179,false,0.01,1
38185,true,0.01,1
38190,true,0.01,1
38195,true,0.01,1
38200,true,0.01,1
38205,true,0.01,1
38211,true,0.01,1
38215,true,0.01,1
38221,true,0.01,1
38225,false,0.01,1
38230,true,0.01,1
38234,false,0.01,1
38240,true,0.01,1
38245,true,0.01,1
38250,true,0.01,1
38255,true,0.01,1
38261,true,0.01,1
38267,true,0.01,1
38272,true,0.01,1
38277,true,0.01,1
38282,true,0.01,1
38287,true,0.01,1
38293,true,0.01,1
38298,true,0.01,1
38303,true,0.01,1
38308,true,0.01,1
38313,true,0.01,1
#---------- Wed Nov 30 17:30:57 PST 2022 ----------
#Format: Task Counter Number,Did Simulation Succeed,Last Step Size Used,Number of Simulations Attempted
43780,true,0.01,1
43793,false,0.01,1
43804,false,0.01,1
43809,true,0.01,1
43821,true,0.01,1
43834,true,0.01,1
43840,true,0.01,1
43851,true,0.01,1
43860,true,0.01,1
43872,true,0.01,1
43879,true,0.01,1
43888,true,0.01,1
43898,true,0.01,1
43910,true,0.01,1
43920,false,0.01,1
43930,true,0.01,1
43940,true,0.01,1
43951,true,0.01,1
43961,true,0.01,1
43967,true,0.01,1
43980,true,0.01,1
43990,true,0.01,1
43998,false,0.01,1
44012,false,0.01,1
44021,false,0.01,1
44030,false,0.01,1
44038,false,0.01,1
44044,true,0.01,1
44054,true,0.01,1
44067,true,0.01,1
44076,true,0.01,1
44086,true,0.01,1
44095,true,0.01,1
44105,true,0.01,1
44115,true,0.01,1
44125,true,0.01,1
44135,true,0.01,1
44145,false,0.01,1
44155,false,0.01,1
44165,true,0.01,1
44174,true,0.01,1
44182,true,0.01,1
44192,true,0.01,1
44201,true,0.01,1
44209,true,0.01,1
44219,true,0.01,1
44227,false,0.01,1
44237,false,0.01,1
44246,false,0.01,1
44254,false,0.01,1
44263,false,0.01,1
44267,true,0.01,1
44274,true,0.01,1
44286,true,0.01,1
44295,true,0.01,1
44302,true,0.01,1
44311,true,0.01,1
44322,false,0.01,1
44328,true,0.01,1
44338,true,0.01,1
44347,true,0.01,1
44355,true,0.01,1
44364,true,0.01,1
44373,true,0.01,1
44382,true,0.01,1
44391,true,0.01,1
44399,true,0.01,1
44408,false,0.01,1
44419,true,0.01,1
44428,true,0.01,1
44435,true,0.01,1
44445,true,0.01,1
44453,true,0.01,1
44461,true,0.01,1
44472,true,0.01,1
44482,true,0.01,1
44490,true,0.01,1
44499,true,0.01,1
44508,true,0.01,1
44517,true,0.01,1
44526,true,0.01,1
44535,true,0.01,1
44544,true,0.01,1
44556,true,0.01,1
44563,true,0.01,1
44571,true,0.01,1
44579,false,0.01,1
44587,false,0.01,1
44595,true,0.01,1
44603,true,0.01,1
44611,true,0.01,1
44619,true,0.01,1
44625,true,0.01,1
44634,true,0.01,1
44639,false,0.01,1
44648,true,0.01,1
44656,true,0.01,1
44664,true,0.01,1
44672,true,0.01,1
44680,true,0.01,1
44685,true,0.01,1
44694,true,0.01,1
44702,true,0.01,1
44710,true,0.01,1
44718,true,0.01,1
44725,true,0.01,1
44734,true,0.01,1
44745,true,0.01,1
44750,false,0.01,1
44758,false,0.01,1
44767,false,0.01,1
44775,false,0.01,1
44783,true,0.01,1
44791,true,0.01,1
44796,true,0.01,1
44804,true,0.01,1
44814,true,0.01,1
44823,true,0.01,1
44830,false,0.01,1
44838,true,0.01,1
44847,true,0.01,1
44856,true,0.01,1
44864,true,0.01,1
44872,true,0.01,1
44880,true,0.01,1
44888,false,0.01,1
44897,true,0.01,1
44905,true,0.01,1
44910,true,0.01,1
44918,true,0.01,1
44926,true,0.01,1
44934,true,0.01,1
44942,true,0.01,1
44950,true,0.01,1
44958,true,0.01,1
44966,false,0.01,1
44974,false,0.01,1
44978,true,0.01,1
44989,true,0.01,1
44995,true,0.01,1
45004,true,0.01,1
45012,true,0.01,1
45021,true,0.01,1
45029,false,0.01,1
45035,true,0.01,1
45044,true,0.01,1
45052,true,0.01,1
45060,true,0.01,1
45067,true,0.01,1
45075,true,0.01,1
45082,true,0.01,1
45091,true,0.01,1
45101,true,0.01,1
45113,true,0.01,1
45122,false,0.01,1
45127,true,0.01,1
45137,true,0.01,1
45146,true,0.01,1
45155,true,0.01,1
45164,true,0.01,1
45173,true,0.01,1
45184,true,0.01,1
45189,true,0.01,1
45199,false,0.01,1
45205,true,0.01,1
45215,true,0.01,1
45224,true,0.01,1
45228,false,0.01,1
45243,false,0.01,1
45245,false,0.01,1
45253,false,0.01,1
45261,false,0.01,1
45266,true,0.01,1
45279,false,0.01,1
45282,true,0.01,1
45289,false,0.01,1
45297,false,0.01,1
45303,true,0.01,1
45309,true,0.01,1
45315,false,0.01,1
45322,true,0.01,1
45330,true,0.01,1
45338,true,0.01,1
45342,false,0.01,1
45351,false,0.01,1
45358,true,0.01,1
45367,true,0.01,1
45375,true,0.01,1
45380,true,0.01,1
45389,true,0.01,1
45398,true,0.01,1
45405,true,0.01,1
45414,true,0.01,1
45422,true,0.01,1
45430,true,0.01,1
45438,true,0.01,1
45445,false,0.01,1
45454,true,0.01,1
45462,true,0.01,1
45473,false,0.01,1
45486,false,0.01,1
45487,false,0.01,1
45495,false,0.01,1
45501,true,0.01,1
45505,false,0.01,1
45513,false,0.01,1
45520,false,0.01,1
45526,false,0.01,1
45533,true,0.01,1
45543,true,0.01,1
45549,true,0.01,1
45563,true,0.01,1
45569,true,0.01,1
45578,true,0.01,1
45588,true,0.01,1
45593,true,0.01,1
45601,false,0.01,1
45609,false,0.01,1
45617,false,0.01,1
45624,true,0.01,1
45631,true,0.01,1
45640,true,0.01,1
45649,true,0.01,1
45658,true,0.01,1
45665,false,0.01,1
45673,true,0.01,1
45681,true,0.01,1
45689,false,0.01,1
45695,true,0.01,1
45710,false,0.01,1
45720,false,0.01,1
45723,true,0.01,1
45735,true,0.01,1
45739,false,0.01,1
45747,false,0.01,1
45755,false,0.01,1
45764,true,0.01,1
45769,false,0.01,1
45777,true,0.01,1
45782,false,0.01,1
45791,false,0.01,1
45798,false,0.01,1
45806,true,0.01,1
45813,true,0.01,1
45818,false,0.01,1
45827,false,0.01,1
45834,true,0.01,1
45842,true,0.01,1
45847,true,0.01,1
45858,true,0.01,1
45864,true,0.01,1
45872,false,0.01,1
45880,false,0.01,1
45888,false,0.01,1
45896,true,0.01,1
45903,true,0.01,1
45911,true,0.01,1
45918,true,0.01,1
45926,false,0.01,1
45934,true,0.01,1
45942,true,0.01,1
45950,true,0.01,1
45958,true,0.01,1
45966,true,0.01,1
45973,true,0.01,1
45982,true,0.01,1
45989,true,0.01,1
45997,true,0.01,1
46005,true,0.01,1
46012,true,0.01,1
46018,true,0.01,1
46028,true,0.01,1
46038,true,0.01,1
46044,true,0.01,1
46052,true,0.01,1
46060,true,0.01,1
46067,true,0.01,1
46076,true,0.01,1
46084,true,0.01,1
46091,false,0.01,1
46099,false,0.01,1
46106,true,0.01,1
46113,true,0.01,1
46120,true,0.01,1
46127,true,0.01,1
46134,false,0.01,1
46141,true,0.01,1
46148,true,0.01,1
46155,true,0.01,1
46162,true,0.01,1
46169,true,0.01,1
46176,true,0.01,1
46183,true,0.01,1
46190,false,0.01,1
46195,true,0.01,1
46200,true,0.01,1
46210,true,0.01,1
46216,true,0.01,1
46222,true,0.01,1
46228,true,0.01,1
46236,true,0.01,1
46243,true,0.01,1
46250,true,0.01,1
46257,true,0.01,1
46264,true,0.01,1
46271,true,0.01,1
46279,true,0.01,1
46286,true,0.01,1
46293,true,0.01,1
46300,true,0.01,1
46307,true,0.01,1
46314,true,0.01,1
46321,true,0.01,1
46327,true,0.01,1
46333,false,0.01,1
46341,false,0.01,1
46348,true,0.01,1
46355,true,0.01,1
46362,true,0.01,1
46368,false,0.01,1
46375,true,0.01,1
46382,true,0.01,1
46391,true,0.01,1
46398,true,0.01,1
46405,true,0.01,1
46412,true,0.01,1
46419,true,0.01,1
46423,true,0.01,1
46430,true,0.01,1
46437,true,0.01,1
46445,true,0.01,1
46451,false,0.01,1
46458,true,0.01,1
46466,true,0.01,1
46473,true,0.01,1
46479,true,0.01,1
46486,true,0.01,1
46493,true,0.01,1
46500,true,0.01,1
46507,true,0.01,1
46514,true,0.01,1
46523,true,0.01,1
46530,true,0.01,1
46537,true,0.01,1
46544,true,0.01,1
46551,true,0.01,1
46557,true,0.01,1
46565,true,0.01,1
46571,true,0.01,1
46578,true,0.01,1
46583,true,0.01,1
46590,true,0.01,1
46596,true,0.01,1
46601,true,0.01,1
46607,true,0.01,1
46613,false,0.01,1
46620,false,0.01,1
46626,true,0.01,1
46632,true,0.01,1
46638,true,0.01,1
46644,true,0.01,1
46650,true,0.01,1
46656,true,0.01,1
46662,true,0.01,1
46668,true,0.01,1
46674,false,0.01,1
46680,true,0.01,1
46686,true,0.01,1
46690,true,0.01,1
46697,true,0.01,1
46703,true,0.01,1
46710,true,0.01,1
46716,true,0.01,1
46723,true,0.01,1
46727,true,0.01,1
46733,true,0.01,1
46739,true,0.01,1
46743,true,0.01,1
46749,true,0.01,1
46755,true,0.01,1
46761,true,0.01,1
46768,true,0.01,1
46774,true,0.01,1
46781,true,0.01,1
46785,true,0.01,1
46791,true,0.01,1
46797,true,0.01,1
46803,true,0.01,1
46809,true,0.01,1
46815,true,0.01,1
46821,true,0.01,1
46827,true,0.01,1
46833,true,0.01,1
46839,true,0.01,1
46845,true,0.01,1
46851,true,0.01,1
46857,true,0.01,1
46864,true,0.01,1
46870,true,0.01,1
46877,true,0.01,1
46882,true,0.01,1
46888,true,0.01,1
46894,true,0.01,1
46900,true,0.01,1
46907,true,0.01,1
46913,true,0.01,1
46919,true,0.01,1
46925,true,0.01,1
46930,true,0.01,1
46936,true,0.01,1
46943,true,0.01,1
46949,true,0.01,1
46955,true,0.01,1
46963,true,0.01,1
46972,true,0.01,1
46979,true,0.01,1
46985,true,0.01,1
46989,true,0.01,1
46996,true,0.01,1
47002,true,0.01,1
47008,true,0.01,1
47015,true,0.01,1
47020,true,0.01,1
47026,true,0.01,1
47032,true,0.01,1
47038,true,0.01,1
47044,true,0.01,1
47050,true,0.01,1
47056,true,0.01,1
47061,true,0.01,1
47067,true,0.01,1
47073,true,0.01,1
47079,true,0.01,1
47085,true,0.01,1
47091,true,0.01,1
47097,true,0.01,1
47103,true,0.01,1
47109,true,0.01,1
47115,true,0.01,1
47121,true,0.01,1
47127,true,0.01,1
47133,true,0.01,1
47141,true,0.01,1
47146,true,0.01,1
47152,true,0.01,1
47159,true,0.01,1
47165,true,0.01,1
47171,true,0.01,1
47177,true,0.01,1
47182,true,0.01,1
47189,true,0.01,1
47194,true,0.01,1
47199,true,0.01,1
47203,true,0.01,1
47208,true,0.01,1
47214,true,0.01,1
47220,true,0.01,1
47226,true,0.01,1
47232,true,0.01,1
47238,true,0.01,1
47244,true,0.01,1
47250,true,0.01,1
47256,true,0.01,1
47262,true,0.01,1
47268,true,0.01,1
47274,true,0.01,1
47280,true,0.01,1
47286,true,0.01,1
47290,true,0.01,1
47296,true,0.01,1
47302,true,0.01,1
47308,true,0.01,1
47314,true,0.01,1
47320,true,0.01,1
47326,true,0.01,1
47332,true,0.01,1
47338,true,0.01,1
47344,true,0.01,1
47350,true,0.01,1
47356,true,0.01,1
47362,true,0.01,1
47368,true,0.01,1
47374,true,0.01,1
47380,true,0.01,1
47386,true,0.01,1
47392,true,0.01,1
47397,true,0.01,1
47403,true,0.01,1
47409,false,0.01,1
47415,false,0.01,1
47421,false,0.01,1
47429,true,0.01,1
47434,true,0.01,1
47440,true,0.01,1
47445,true,0.01,1
47452,true,0.01,1
47458,true,0.01,1
47464,true,0.01,1
47470,true,0.01,1
47475,true,0.01,1
47482,true,0.01,1
47488,false,0.01,1
47494,true,0.01,1
47501,true,0.01,1
47507,true,0.01,1
47512,true,0.01,1
47518,true,0.01,1
47524,true,0.01,1
47530,true,0.01,1
47535,true,0.01,1
47543,true,0.01,1
47549,true,0.01,1
47554,true,0.01,1
47561,true,0.01,1
47567,true,0.01,1
47573,true,0.01,1
47579,true,0.01,1
47585,true,0.01,1
47591,false,0.01,1
47597,true,0.01,1
47603,true,0.01,1
47609,true,0.01,1
47615,true,0.01,1
47621,true,0.01,1
47627,true,0.01,1
47633,true,0.01,1
47639,false,0.01,1
47645,true,0.01,1
47650,true,0.01,1
47656,false,0.01,1
47663,true,0.01,1
47669,true,0.01,1
47673,true,0.01,1
47679,true,0.01,1
47687,true,0.01,1
47693,true,0.01,1
47698,true,0.01,1
47705,true,0.01,1
47711,true,0.01,1
47717,true,0.01,1
47723,true,0.01,1
47729,true,0.01,1
47735,true,0.01,1
47741,true,0.01,1
47747,true,0.01,1
47753,false,0.01,1
47759,true,0.01,1
47765,true,0.01,1
47771,false,0.01,1
47776,true,0.01,1
47782,true,0.01,1
47788,false,0.01,1
47795,true,0.01,1
47801,true,0.01,1
47807,false,0.01,1
47813,true,0.01,1
47819,true,0.01,1
47825,false,0.01,1
47831,true,0.01,1
47837,true,0.01,1
47843,true,0.01,1
47850,true,0.01,1
47856,true,0.01,1
47862,true,0.01,1
47868,true,0.01,1
47874,true,0.01,1
47880,true,0.01,1
47886,true,0.01,1
47892,true,0.01,1
47898,true,0.01,1
47904,true,0.01,1
47910,true,0.01,1
47914,true,0.01,1
47922,true,0.01,1
47928,true,0.01,1
47934,true,0.01,1
47939,true,0.01,1
47944,true,0.01,1
47950,true,0.01,1
47957,false,0.01,1
47964,true,0.01,1
47970,true,0.01,1
47976,true,0.01,1
47982,true,0.01,1
47988,true,0.01,1
47992,true,0.01,1
47998,true,0.01,1
48004,true,0.01,1
48009,true,0.01,1
48015,true,0.01,1
48021,true,0.01,1
48028,true,0.01,1
48034,true,0.01,1
48040,false,0.01,1
48046,true,0.01,1
48053,true,0.01,1
48059,false,0.01,1
48067,false,0.01,1
48073,true,0.01,1
48079,true,0.01,1
48085,true,0.01,1
48090,true,0.01,1
48098,true,0.01,1
48103,true,0.01,1
48109,true,0.01,1
48116,true,0.01,1
48122,true,0.01,1
48128,true,0.01,1
48134,false,0.01,1
48139,true,0.01,1
48144,true,0.01,1
48150,false,0.01,1
48157,true,0.01,1
48163,true,0.01,1
48170,false,0.01,1
48175,true,0.01,1
48181,true,0.01,1
48188,false,0.01,1
48193,true,0.01,1
48200,true,0.01,1
48207,true,0.01,1
48211,true,0.01,1
48217,true,0.01,1
48223,true,0.01,1
48229,true,0.01,1
48235,true,0.01,1
48241,true,0.01,1
48247,true,0.01,1
48253,true,0.01,1
48259,true,0.01,1
48264,true,0.01,1
48270,true,0.01,1
48276,false,0.01,1
48282,true,0.01,1
48288,true,0.01,1
48293,true,0.01,1
48299,true,0.01,1
48305,true,0.01,1
48309,true,0.01,1
48315,true,0.01,1
48321,false,0.01,1
48327,true,0.01,1
48333,true,0.01,1
48339,true,0.01,1
48344,true,0.01,1
48350,true,0.01,1
48357,false,0.01,1
48364,true,0.01,1
48370,true,0.01,1
48376,true,0.01,1
48382,true,0.01,1
48389,true,0.01,1
48394,false,0.01,1
48400,true,0.01,1
48407,true,0.01,1
48413,false,0.01,1
48417,true,0.01,1
48423,true,0.01,1
48429,true,0.01,1
48438,true,0.01,1
48443,true,0.01,1
48448,true,0.01,1
48455,true,0.01,1
48461,true,0.01,1
48467,true,0.01,1
48475,true,0.01,1
48481,true,0.01,1
48487,true,0.01,1
48492,true,0.01,1
48498,true,0.01,1
48505,true,0.01,1
48510,true,0.01,1
48517,true,0.01,1
48523,true,0.01,1
48527,true,0.01,1
48533,true,0.01,1
48539,false,0.01,1
48546,false,0.01,1
48552,true,0.01,1
48558,true,0.01,1
48564,false,0.01,1
48570,true,0.01,1
48576,true,0.01,1
48581,true,0.01,1
48587,true,0.01,1
48593,true,0.01,1
48599,true,0.01,1
48605,true,0.01,1
48612,true,0.01,1
48618,true,0.01,1
48624,false,0.01,1
48630,true,0.01,1
48636,true,0.01,1
48644,true,0.01,1
48650,true,0.01,1
48655,true,0.01,1
48660,true,0.01,1
48666,true,0.01,1
48672,true,0.01,1
48680,true,0.01,1
48686,true,0.01,1
48692,true,0.01,1
48698,true,0.01,1
48703,true,0.01,1
48709,true,0.01,1
48715,true,0.01,1
48721,true,0.01,1
48726,true,0.01,1
48733,true,0.01,1
48739,true,0.01,1
48745,true,0.01,1
48750,true,0.01,1
48757,true,0.01,1
48762,false,0.01,1
48768,false,0.01,1
48774,true,0.01,1
48779,true,0.01,1
48784,true,0.01,1
48789,false,0.01,1
48797,true,0.01,1
48802,true,0.01,1
48808,false,0.01,1
48816,false,0.01,1
48823,true,0.01,1
48829,true,0.01,1
48835,true,0.01,1
48840,true,0.01,1
48848,true,0.01,1
48854,false,0.01,1
48858,true,0.01,1
48863,false,0.01,1
48867,true,0.01,1
48872,false,0.01,1
48877,true,0.01,1
48883,true,0.01,1
48889,false,0.01,1
48895,true,0.01,1
48899,false,0.01,1
48905,true,0.01,1
48911,true,0.01,1
48917,false,0.01,1
48923,true,0.01,1
48928,true,0.01,1
48934,true,0.01,1
48940,true,0.01,1
48948,true,0.01,1
48952,true,0.01,1
48961,true,0.01,1
48967,true,0.01,1
48973,true,0.01,1
48979,true,0.01,1
48985,true,0.01,1
48991,true,0.01,1
48997,true,0.01,1
49003,true,0.01,1
49009,true,0.01,1
49015,true,0.01,1
49021,true,0.01,1
49027,true,0.01,1
49033,true,0.01,1
49039,true,0.01,1
49045,true,0.01,1
49051,true,0.01,1
49057,true,0.01,1
49063,true,0.01,1
49069,true,0.01,1
49076,true,0.01,1
49082,true,0.01,1
49087,false,0.01,1
49093,true,0.01,1
49098,true,0.01,1
49103,true,0.01,1
49111,true,0.01,1
49116,true,0.01,1
49122,true,0.01,1
49128,true,0.01,1
49133,false,0.01,1
49137,true,0.01,1
49143,true,0.01,1
49149,true,0.01,1
49155,true,0.01,1
49160,false,0.01,1
49164,true,0.01,1
49169,true,0.01,1
49178,true,0.01,1
49182,true,0.01,1
49189,true,0.01,1
49194,true,0.01,1
49200,true,0.01,1
49206,true,0.01,1
49214,true,0.01,1
49219,true,0.01,1
49226,true,0.01,1
49230,true,0.01,1
49236,true,0.01,1
49242,true,0.01,1
49249,true,0.01,1
49255,false,0.01,1
49261,true,0.01,1
49267,true,0.01,1
49273,true,0.01,1
49279,true,0.01,1
49284,true,0.01,1
49290,true,0.01,1
49296,true,0.01,1
49300,true,0.01,1
49306,true,0.01,1
49312,true,0.01,1
49318,true,0.01,1
49325,true,0.01,1
49331,false,0.01,1
49336,true,0.01,1
49342,true,0.01,1
49348,false,0.01,1
49353,true,0.01,1
49358,false,0.01,1
49364,true,0.01,1
49370,true,0.01,1
49375,false,0.01,1
49380,true,0.01,1
49385,false,0.01,1
49391,true,0.01,1
49397,true,0.01,1
49404,true,0.01,1
49408,true,0.01,1
49414,true,0.01,1
49421,true,0.01,1
49426,true,0.01,1
49432,true,0.01,1
49437,true,0.01,1
49443,true,0.01,1
49449,true,0.01,1
49454,true,0.01,1
49460,true,0.01,1
49466,true,0.01,1
49474,true,0.01,1
49480,true,0.01,1
49486,true,0.01,1
49492,true,0.01,1
49497,false,0.01,1
49504,true,0.01,1
49509,true,0.01,1
49515,false,0.01,1
49521,true,0.01,1
49527,true,0.01,1
49533,false,0.01,1
49539,true,0.01,1
49545,true,0.01,1
49551,false,0.01,1
49557,true,0.01,1
49563,true,0.01,1
49569,true,0.01,1
49575,true,0.01,1
49579,false,0.01,1
49586,true,0.01,1
49592,true,0.01,1
49601,true,0.01,1
49618,false,0.01,1
49622,true,0.01,1
49634,false,0.01,1
49640,true,0.01,1
49654,true,0.01,1
49665,true,0.01,1
49673,true,0.01,1
49684,false,0.01,1
49695,false,0.01,1
49703,true,0.01,1
49710,true,0.01,1
49718,true,0.01,1
49734,true,0.01,1
49744,true,0.01,1
49754,true,0.01,1
49764,true,0.01,1
49774,true,0.01,1
49784,true,0.01,1
49794,true,0.01,1
49804,false,0.01,1
49813,true,0.01,1
49823,false,0.01,1
49834,true,0.01,1
49845,true,0.01,1
49854,true,0.01,1
49862,false,0.01,1
49878,false,0.01,1
49887,false,0.01,1
49897,true,0.01,1
49907,true,0.01,1
49918,true,0.01,1
49927,true,0.01,1
49936,true,0.01,1
49947,false,0.01,1
49957,false,0.01,1
49967,true,0.01,1
49977,true,0.01,1
49987,true,0.01,1
49997,true,0.01,1
50007,true,0.01,1
50019,false,0.01,1
50027,true,0.01,1
50037,false,0.01,1
50047,false,0.01,1
50058,false,0.01,1
50066,false,0.01,1
50076,false,0.01,1
50080,true,0.01,1
50088,false,0.01,1
50103,false,0.01,1
50111,false,0.01,1
50116,true,0.01,1
50127,false,0.01,1
50132,true,0.01,1
50148,true,0.01,1
50158,true,0.01,1
50168,true,0.01,1
50179,true,0.01,1
50189,true,0.01,1
50199,false,0.01,1
50208,false,0.01,1
50217,false,0.01,1
50226,false,0.01,1
50233,true,0.01,1
50245,false,0.01,1
50252,false,0.01,1
50265,true,0.01,1
50275,true,0.01,1
50286,true,0.01,1
50296,true,0.01,1
50306,true,0.01,1
50322,true,0.01,1
50332,true,0.01,1
50342,false,0.01,1
50355,false,0.01,1
50361,true,0.01,1
50373,false,0.01,1
50382,true,0.01,1
50394,true,0.01,1
50404,true,0.01,1
50413,true,0.01,1
50423,true,0.01,1
50434,true,0.01,1
50441,true,0.01,1
50454,true,0.01,1
50466,true,0.01,1
50477,true,0.01,1
50487,true,0.01,1
50497,true,0.01,1
50507,true,0.01,1
50517,true,0.01,1
50527,true,0.01,1
50537,true,0.01,1
50548,true,0.01,1
50563,false,0.01,1
50574,true,0.01,1
50584,true,0.01,1
50596,true,0.01,1
50604,true,0.01,1
50615,true,0.01,1
50626,true,0.01,1
50635,true,0.01,1
50645,false,0.01,1
50655,true,0.01,1
50663,true,0.01,1
50675,true,0.01,1
50685,true,0.01,1
50695,true,0.01,1
50705,true,0.01,1
50715,false,0.01,1
50725,false,0.01,1
50735,false,0.01,1
50745,true,0.01,1
50755,true,0.01,1
50765,true,0.01,1
50775,true,0.01,1
50785,true,0.01,1
50796,false,0.01,1
50802,true,0.01,1
50813,true,0.01,1
50826,true,0.01,1
50836,true,0.01,1
50846,false,0.01,1
50861,false,0.01,1
50871,true,0.01,1
50881,true,0.01,1
50891,false,0.01,1
50901,true,0.01,1
50911,true,0.01,1
50921,true,0.01,1
50930,true,0.01,1
50940,true,0.01,1
50951,false,0.01,1
50961,true,0.01,1
50971,true,0.01,1
50981,true,0.01,1
50989,true,0.01,1
50999,true,0.01,1
51007,true,0.01,1
51016,true,0.01,1
51022,true,0.01,1
51031,false,0.01,1
51040,false,0.01,1
51049,false,0.01,1
51058,false,0.01,1
51061,true,0.01,1
51075,false,0.01,1
51086,false,0.01,1
51089,true,0.01,1
51101,true,0.01,1
51108,true,0.01,1
51121,false,0.01,1
51123,true,0.01,1
51132,true,0.01,1
51142,true,0.01,1
51155,true,0.01,1
51164,true,0.01,1
51172,true,0.01,1
51179,true,0.01,1
51192,true,0.01,1
51201,true,0.01,1
51210,true,0.01,1
51218,true,0.01,1
51227,true,0.01,1
51236,true,0.01,1
51245,true,0.01,1
51254,true,0.01,1
51263,true,0.01,1
51272,true,0.01,1
51281,false,0.01,1
51292,false,0.01,1
51300,false,0.01,1
51305,true,0.01,1
51317,true,0.01,1
51328,false,0.01,1
51334,true,0.01,1
51340,true,0.01,1
51350,true,0.01,1
51362,true,0.01,1
51372,true,0.01,1
51382,false,0.01,1
51384,true,0.01,1
51395,true,0.01,1
51408,true,0.01,1
51415,true,0.01,1
51422,true,0.01,1
51433,true,0.01,1
51441,true,0.01,1
51448,true,0.01,1
51456,true,0.01,1
51462,true,0.01,1
51472,true,0.01,1
51486,true,0.01,1
51491,true,0.01,1
51505,true,0.01,1
51512,true,0.01,1
51518,false,0.01,1
51525,false,0.01,1
51534,false,0.01,1
51544,false,0.01,1
51554,false,0.01,1
51562,false,0.01,1
51570,false,0.01,1
51581,false,0.01,1
51587,true,0.01,1
51596,true,0.01,1
51606,true,0.01,1
51616,false,0.01,1
51623,true,0.01,1
51633,true,0.01,1
51643,true,0.01,1
51653,false,0.01,1
51666,true,0.01,1
51673,true,0.01,1
51683,false,0.01,1
51691,true,0.01,1
51700,true,0.01,1
51707,true,0.01,1
51720,true,0.01,1
51724,true,0.01,1
51738,true,0.01,1
51749,true,0.01,1
51757,true,0.01,1
51762,true,0.01,1
51777,false,0.01,1
51780,true,0.01,1
51792,true,0.01,1
51800,true,0.01,1
51815,false,0.01,1
51820,true,0.01,1
51826,true,0.01,1
51841,false,0.01,1
51848,false,0.01,1
51859,false,0.01,1
51862,true,0.01,1
51872,true,0.01,1
51884,true,0.01,1
51893,true,0.01,1
51900,true,0.01,1
51909,true,0.01,1
51916,true,0.01,1
51925,false,0.01,1
51936,true,0.01,1
51946,true,0.01,1
51953,true,0.01,1
51962,true,0.01,1
51968,true,0.01,1
51979,true,0.01,1
51985,true,0.01,1
51998,true,0.01,1
52008,true,0.01,1
52016,false,0.01,1
52031,false,0.01,1
52040,false,0.01,1
52049,false,0.01,1
52055,true,0.01,1
52064,true,0.01,1
52072,true,0.01,1
52080,true,0.01,1
52086,true,0.01,1
52097,false,0.01,1
52106,true,0.01,1
52117,true,0.01,1
52125,true,0.01,1
52132,true,0.01,1
52145,true,0.01,1
52149,true,0.01,1
52157,true,0.01,1
52172,false,0.01,1
52177,true,0.01,1
52188,true,0.01,1
52193,true,0.01,1
52206,true,0.01,1
52216,true,0.01,1
52226,true,0.01,1
52235,true,0.01,1
52244,true,0.01,1
52253,false,0.01,1
52262,true,0.01,1
52270,true,0.01,1
52282,false,0.01,1
52290,false,0.01,1
52293,true,0.01,1
52308,false,0.01,1
52314,true,0.01,1
52323,true,0.01,1
52329,false,0.01,1
52342,false,0.01,1
52353,true,0.01,1
52362,false,0.01,1
52363,true,0.01,1
52378,true,0.01,1
52383,true,0.01,1
52390,true,0.01,1
52405,true,0.01,1
52412,false,0.01,1
52417,true,0.01,1
52431,false,0.01,1
52439,true,0.01,1
52450,false,0.01,1
52454,true,0.01,1
52465,true,0.01,1
52476,false,0.01,1
52484,true,0.01,1
52491,true,0.01,1
52504,true,0.01,1
52509,true,0.01,1
52521,true,0.01,1
52525,true,0.01,1
52537,true,0.01,1
52544,false,0.01,1
52551,true,0.01,1
52567,true,0.01,1
52572,true,0.01,1
52580,true,0.01,1
52594,true,0.01,1
52603,true,0.01,1
52610,true,0.01,1
52617,true,0.01,1
52626,true,0.01,1
52633,true,0.01,1
52642,true,0.01,1
52650,false,0.01,1
52659,false,0.01,1
52669,false,0.01,1
52679,false,0.01,1
52692,true,0.01,1
52699,true,0.01,1
52706,true,0.01,1
52717,true,0.01,1
52724,true,0.01,1
52737,true,0.01,1
52742,false,0.01,1
52757,true,0.01,1
52766,true,0.01,1
52775,true,0.01,1
52779,true,0.01,1
52790,true,0.01,1
52796,true,0.01,1
52809,true,0.01,1
52816,true,0.01,1
52824,true,0.01,1
52831,true,0.01,1
52844,true,0.01,1
52851,true,0.01,1
52861,true,0.01,1
52869,true,0.01,1
52879,true,0.01,1
52886,true,0.01,1
52897,true,0.01,1
52905,true,0.01,1
52913,false,0.01,1
52927,true,0.01,1
52935,true,0.01,1
52942,true,0.01,1
52950,true,0.01,1
52957,true,0.01,1
52968,true,0.01,1
52975,true,0.01,1
52985,true,0.01,1
52998,true,0.01,1
53001,true,0.01,1
53015,true,0.01,1
53026,true,0.01,1
53031,true,0.01,1
53045,true,0.01,1
53049,true,0.01,1
53062,true,0.01,1
53069,true,0.01,1
53077,true,0.01,1
53088,true,0.01,1
53096,true,0.01,1
53103,true,0.01,1
53112,true,0.01,1
53119,true,0.01,1
53131,true,0.01,1
53137,false,0.01,1
53146,false,0.01,1
53155,false,0.01,1
53163,false,0.01,1
53171,true,0.01,1
53178,true,0.01,1
53185,true,0.01,1
53191,false,0.01,1
53197,true,0.01,1
53203,true,0.01,1
53209,false,0.01,1
53217,false,0.01,1
53223,true,0.01,1
53229,true,0.01,1
53232,true,0.01,1
53239,true,0.01,1
53245,true,0.01,1
53255,false,0.01,1
53258,true,0.01,1
53264,false,0.01,1
53271,true,0.01,1
53277,true,0.01,1
53281,false,0.01,1
53287,true,0.01,1
53292,true,0.01,1
53296,true,0.01,1
53303,true,0.01,1
53309,true,0.01,1
53315,true,0.01,1
53321,true,0.01,1
53327,true,0.01,1
53333,true,0.01,1
53339,true,0.01,1
53344,true,0.01,1
53350,true,0.01,1
53356,true,0.01,1
53361,true,0.01,1
53367,true,0.01,1
53373,true,0.01,1
53379,true,0.01,1
53385,true,0.01,1
53391,true,0.01,1
53397,false,0.01,1
53405,true,0.01,1
53411,true,0.01,1
53417,true,0.01,1
53422,true,0.01,1
53430,true,0.01,1
53436,true,0.01,1
53442,true,0.01,1
53448,true,0.01,1
53454,true,0.01,1
53460,true,0.01,1
53466,true,0.01,1
53472,true,0.01,1
53478,true,0.01,1
53485,true,0.01,1
53491,true,0.01,1
53497,false,0.01,1
53503,true,0.01,1
53509,true,0.01,1
53514,true,0.01,1
53520,true,0.01,1
53526,true,0.01,1
53530,true,0.01,1
53535,true,0.01,1
53539,true,0.01,1
53545,true,0.01,1
53550,true,0.01,1
53556,true,0.01,1
53562,true,0.01,1
53568,true,0.01,1
53574,true,0.01,1
53580,true,0.01,1
53586,true,0.01,1
53592,true,0.01,1
53598,true,0.01,1
53603,true,0.01,1
53609,true,0.01,1
53615,true,0.01,1
53621,true,0.01,1
53627,true,0.01,1
53633,true,0.01,1
53639,true,0.01,1
53645,true,0.01,1
53651,true,0.01,1
53656,true,0.01,1
53662,true,0.01,1
53669,true,0.01,1
53674,true,0.01,1
53680,true,0.01,1
53686,true,0.01,1
53693,true,0.01,1
53699,true,0.01,1
53705,true,0.01,1
53711,true,0.01,1
53717,true,0.01,1
53724,true,0.01,1
53729,true,0.01,1
53735,true,0.01,1
53741,true,0.01,1
53748,true,0.01,1
53754,true,0.01,1
53760,true,0.01,1
53764,true,0.01,1
53770,true,0.01,1
53774,true,0.01,1
53780,true,0.01,1
53786,true,0.01,1
53792,true,0.01,1
53798,true,0.01,1
53804,true,0.01,1
53809,true,0.01,1
53815,true,0.01,1
53820,true,0.01,1
53826,true,0.01,1
53832,true,0.01,1
53837,true,0.01,1
53844,true,0.01,1
53850,true,0.01,1
53858,true,0.01,1
53864,true,0.01,1
53870,true,0.01,1
53876,true,0.01,1
53882,true,0.01,1
53888,true,0.01,1
53894,true,0.01,1
53898,true,0.01,1
53905,true,0.01,1
53911,true,0.01,1
53917,true,0.01,1
53923,true,0.01,1
53929,true,0.01,1
53935,true,0.01,1
53942,true,0.01,1
53948,false,0.01,1
53952,false,0.01,1
53959,true,0.01,1
53965,true,0.01,1
53972,false,0.01,1
53977,true,0.01,1
53983,true,0.01,1
53989,false,0.01,1
53997,true,0.01,1
54003,true,0.01,1
54006,true,0.01,1
54012,true,0.01,1
54018,true,0.01,1
54024,true,0.01,1
54030,true,0.01,1
54036,true,0.01,1
54043,true,0.01,1
54049,true,0.01,1
54053,true,0.01,1
54060,true,0.01,1
54066,true,0.01,1
54074,true,0.01,1
54080,true,0.01,1
54085,true,0.01,1
54091,true,0.01,1
54097,false,0.01,1
54104,true,0.01,1
54110,true,0.01,1
54116,true,0.01,1
54121,true,0.01,1
54127,true,0.01,1
54133,true,0.01,1
54139,true,0.01,1
54146,true,0.01,1
54152,true,0.01,1
54158,true,0.01,1
54164,true,0.01,1
54168,true,0.01,1
54173,true,0.01,1
54177,true,0.01,1
54183,true,0.01,1
54189,true,0.01,1
54197,false,0.01,1
54201,true,0.01,1
54207,false,0.01,1
54218,true,0.01,1
54223,true,0.01,1
54229,true,0.01,1
54232,true,0.01,1
54239,true,0.01,1
54245,true,0.01,1
54250,true,0.01,1
54256,true,0.01,1
54262,true,0.01,1
54268,false,0.01,1
54275,true,0.01,1
54281,true,0.01,1
54287,true,0.01,1
54293,true,0.01,1
54299,true,0.01,1
54305,false,0.01,1
54311,true,0.01,1
54316,true,0.01,1
54323,true,0.01,1
54328,true,0.01,1
54334,true,0.01,1
54340,true,0.01,1
54345,true,0.01,1
54351,true,0.01,1
54357,true,0.01,1
54363,true,0.01,1
54369,true,0.01,1
54375,true,0.01,1
54381,true,0.01,1
54387,true,0.01,1
54392,true,0.01,1
54398,true,0.01,1
54404,true,0.01,1
54411,true,0.01,1
54418,true,0.01,1
54424,true,0.01,1
54429,true,0.01,1
54435,true,0.01,1
54441,true,0.01,1
54448,false,0.01,1
54455,true,0.01,1
54461,true,0.01,1
54466,true,0.01,1
54473,true,0.01,1
54479,true,0.01,1
54483,true,0.01,1
54489,true,0.01,1
54495,true,0.01,1
54501,false,0.01,1
54509,true,0.01,1
54515,true,0.01,1
54521,false,0.01,1
54527,true,0.01,1
54533,true,0.01,1
54539,true,0.01,1
54545,true,0.01,1
54551,true,0.01,1
54557,true,0.01,1
54563,true,0.01,1
54569,true,0.01,1
54575,true,0.01,1
54579,true,0.01,1
54585,true,0.01,1
54591,true,0.01,1
54598,true,0.01,1
54605,true,0.01,1
54611,false,0.01,1
54617,true,0.01,1
54623,true,0.01,1
54628,false,0.01,1
54634,true,0.01,1
54640,true,0.01,1
54646,true,0.01,1
54652,true,0.01,1
54659,true,0.01,1
54665,true,0.01,1
54670,true,0.01,1
54676,true,0.01,1
54683,true,0.01,1
54689,true,0.01,1
54695,false,0.01,1
54700,true,0.01,1
54706,true,0.01,1
54712,false,0.01,1
54720,true,0.01,1
54726,true,0.01,1
54733,true,0.01,1
54740,false,0.01,1
54745,true,0.01,1
54751,true,0.01,1
54757,true,0.01,1
54764,true,0.01,1
54770,true,0.01,1
54776,false,0.01,1
54783,true,0.01,1
54789,true,0.01,1
54795,true,0.01,1
54800,true,0.01,1
54806,true,0.01,1
54812,true,0.01,1
54819,true,0.01,1
54826,true,0.01,1
54832,true,0.01,1
54836,true,0.01,1
54842,true,0.01,1
54848,false,0.01,1
54855,false,0.01,1
54862,true,0.01,1
54867,true,0.01,1
54872,true,0.01,1
54878,true,0.01,1
54884,false,0.01,1
#---------- Wed Nov 30 23:18:51 PST 2022 ----------
#Format: Task Counter Number,Did Simulation Succeed,Last Step Size Used,Number of Simulations Attempted
55821,true,0.01,1
55831,true,0.01,1
55841,true,0.01,1
55850,true,0.01,1
55859,true,0.01,1
55870,true,0.01,1
55879,true,0.01,1
55890,false,0.01,1
55902,true,0.01,1
55912,true,0.01,1
55922,true,0.01,1
55937,false,0.01,1
55941,true,0.01,1
55950,true,0.01,1
55959,true,0.01,1
55967,true,0.01,1
55980,true,0.01,1
55990,false,0.01,1
56000,true,0.01,1
56010,true,0.01,1
56018,true,0.01,1
56034,true,0.01,1
56044,true,0.01,1
56054,true,0.01,1
56065,true,0.01,1
56075,true,0.01,1
56085,true,0.01,1
56096,true,0.01,1
56106,true,0.01,1
56116,true,0.01,1
56126,true,0.01,1
56136,true,0.01,1
56145,false,0.01,1
56157,true,0.01,1
56167,true,0.01,1
56179,false,0.01,1
56183,false,0.01,1
56198,true,0.01,1
56208,true,0.01,1
56220,true,0.01,1
56229,true,0.01,1
56240,true,0.01,1
56250,false,0.01,1
56260,true,0.01,1
56271,true,0.01,1
56279,true,0.01,1
56292,true,0.01,1
56302,true,0.01,1
56312,true,0.01,1
56322,true,0.01,1
56332,true,0.01,1
56342,true,0.01,1
56352,true,0.01,1
56362,true,0.01,1
56372,true,0.01,1
56382,true,0.01,1
56391,true,0.01,1
56403,false,0.01,1
56408,true,0.01,1
56419,true,0.01,1
56428,true,0.01,1
56435,true,0.01,1
56449,false,0.01,1
56451,true,0.01,1
56465,true,0.01,1
56473,false,0.01,1
56482,true,0.01,1
56493,true,0.01,1
56503,true,0.01,1
56513,true,0.01,1
56528,true,0.01,1
56538,true,0.01,1
56548,true,0.01,1
56558,true,0.01,1
56568,true,0.01,1
56578,true,0.01,1
56589,true,0.01,1
56599,true,0.01,1
56609,true,0.01,1
56620,true,0.01,1
56633,true,0.01,1
56643,true,0.01,1
56654,false,0.01,1
56665,false,0.01,1
56675,true,0.01,1
56685,true,0.01,1
56693,true,0.01,1
56709,true,0.01,1
56719,true,0.01,1
56729,true,0.01,1
56742,false,0.01,1
56752,true,0.01,1
56762,true,0.01,1
56772,true,0.01,1
56782,true,0.01,1
56792,true,0.01,1
56802,true,0.01,1
56812,true,0.01,1
56825,false,0.01,1
56834,false,0.01,1
56847,true,0.01,1
56857,true,0.01,1
56866,true,0.01,1
56879,true,0.01,1
56890,false,0.01,1
56900,false,0.01,1
56907,false,0.01,1
56912,true,0.01,1
56926,false,0.01,1
56932,true,0.01,1
56942,true,0.01,1
56954,true,0.01,1
56965,true,0.01,1
56972,false,0.01,1
56978,true,0.01,1
56988,true,0.01,1
56998,true,0.01,1
57009,true,0.01,1
57020,true,0.01,1
57029,true,0.01,1
57041,true,0.01,1
57050,true,0.01,1
57061,false,0.01,1
57071,true,0.01,1
57081,true,0.01,1
57090,true,0.01,1
57100,true,0.01,1
57113,true,0.01,1
57122,true,0.01,1
57135,true,0.01,1
57145,true,0.01,1
57156,true,0.01,1
57165,true,0.01,1
57179,false,0.01,1
57189,true,0.01,1
57199,true,0.01,1
57211,true,0.01,1
57220,true,0.01,1
57230,true,0.01,1
57241,true,0.01,1
57252,true,0.01,1
57262,true,0.01,1
57270,true,0.01,1
57280,true,0.01,1
57292,true,0.01,1
57302,true,0.01,1
57312,false,0.01,1
