#---------- Tue Nov 29 16:15:32 PST 2022 ----------
#Format: Task Counter Number,Did Simulation Succeed,Last Step Size Used,Number of Simulations Attempted
169,true,0.01,1
180,true,0.01,1
190,true,0.01,1
200,true,0.01,1
209,true,0.01,1
220,true,0.01,1
230,true,0.01,1
239,true,0.01,1
249,true,0.01,1
259,true,0.01,1
269,true,0.01,1
279,true,0.01,1
289,true,0.01,1
299,true,0.01,1
314,true,0.01,1
321,true,0.01,1
331,false,0.01,1
344,true,0.01,1
355,true,0.01,1
366,false,0.01,1
380,true,0.01,1
388,true,0.01,1
396,true,0.01,1
404,true,0.01,1
414,true,0.01,1
424,true,0.01,1
434,true,0.01,1
445,true,0.01,1
456,false,0.01,1
468,true,0.01,1
474,false,0.01,1
488,true,0.01,1
499,true,0.01,1
507,true,0.01,1
516,true,0.01,1
524,true,0.01,1
540,true,0.01,1
550,true,0.01,1
560,true,0.01,1
570,true,0.01,1
580,true,0.01,1
591,false,0.01,1
600,false,0.01,1
610,false,0.01,1
621,true,0.01,1
630,true,0.01,1
640,true,0.01,1
650,false,0.01,1
662,false,0.01,1
675,true,0.01,1
685,true,0.01,1
695,true,0.01,1
705,true,0.01,1
715,true,0.01,1
724,true,0.01,1
735,true,0.01,1
745,true,0.01,1
755,true,0.01,1
764,true,0.01,1
773,true,0.01,1
783,true,0.01,1
793,true,0.01,1
803,true,0.01,1
815,true,0.01,1
825,false,0.01,1
839,true,0.01,1
846,true,0.01,1
853,true,0.01,1
864,true,0.01,1
874,true,0.01,1
887,true,0.01,1
894,true,0.01,1
903,true,0.01,1
914,true,0.01,1
925,true,0.01,1
935,true,0.01,1
948,true,0.01,1
955,true,0.01,1
961,true,0.01,1
977,true,0.01,1
988,false,0.01,1
997,false,0.01,1
1007,false,0.01,1
1017,true,0.01,1
1027,true,0.01,1
1037,true,0.01,1
1048,true,0.01,1
1056,false,0.01,1
1069,false,0.01,1
1077,false,0.01,1
1085,true,0.01,1
1095,false,0.01,1
1105,false,0.01,1
1122,false,0.01,1
1133,true,0.01,1
1142,false,0.01,1
1152,true,0.01,1
1162,true,0.01,1
1172,true,0.01,1
1181,true,0.01,1
1190,true,0.01,1
1195,false,0.01,1
1204,false,0.01,1
1216,true,0.01,1
1225,true,0.01,1
1234,true,0.01,1
1243,true,0.01,1
1250,false,0.01,1
1259,true,0.01,1
1266,true,0.01,1
1278,true,0.01,1
1285,true,0.01,1
1296,true,0.01,1
1309,false,0.01,1
1317,true,0.01,1
1326,false,0.01,1
1337,true,0.01,1
1346,true,0.01,1
1355,true,0.01,1
1363,true,0.01,1
1371,true,0.01,1
1378,true,0.01,1
1390,false,0.01,1
1395,true,0.01,1
1405,true,0.01,1
1415,true,0.01,1
1424,true,0.01,1
1433,true,0.01,1
1441,true,0.01,1
1447,false,0.01,1
1458,false,0.01,1
1467,false,0.01,1
1478,false,0.01,1
1486,false,0.01,1
1494,true,0.01,1
1503,true,0.01,1
1513,true,0.01,1
1523,true,0.01,1
1534,false,0.01,1
1543,false,0.01,1
1554,false,0.01,1
1562,false,0.01,1
1568,true,0.01,1
1577,false,0.01,1
1590,false,0.01,1
1597,false,0.01,1
1607,true,0.01,1
1614,false,0.01,1
1622,true,0.01,1
1635,false,0.01,1
1638,true,0.01,1
1652,false,0.01,1
1659,false,0.01,1
1671,false,0.01,1
1683,true,0.01,1
1692,true,0.01,1
1700,false,0.01,1
1709,false,0.01,1
1717,false,0.01,1
1726,false,0.01,1
1736,false,0.01,1
1745,false,0.01,1
1752,false,0.01,1
1759,false,0.01,1
1770,false,0.01,1
1775,false,0.01,1
1790,false,0.01,1
1798,false,0.01,1
1804,false,0.01,1
1811,false,0.01,1
1822,false,0.01,1
1832,false,0.01,1
1837,true,0.01,1
1850,false,0.01,1
1858,false,0.01,1
1869,false,0.01,1
1876,false,0.01,1
1882,false,0.01,1
1892,false,0.01,1
1902,false,0.01,1
1909,true,0.01,1
1917,true,0.01,1
1925,false,0.01,1
1933,false,0.01,1
1941,false,0.01,1
1949,false,0.01,1
1957,false,0.01,1
1963,false,0.01,1
1973,false,0.01,1
1981,false,0.01,1
1990,false,0.01,1
2001,false,0.01,1
2007,false,0.01,1
2020,false,0.01,1
2026,false,0.01,1
2033,false,0.01,1
2040,false,0.01,1
2047,false,0.01,1
2054,false,0.01,1
2059,false,0.01,1
2066,false,0.01,1
2073,false,0.01,1
2079,true,0.01,1
2086,false,0.01,1
2093,false,0.01,1
2100,false,0.01,1
2107,false,0.01,1
2114,false,0.01,1
2121,false,0.01,1
2127,false,0.01,1
2135,false,0.01,1
2141,false,0.01,1
2148,false,0.01,1
2155,false,0.01,1
2162,false,0.01,1
2170,true,0.01,1
2179,true,0.01,1
2186,false,0.01,1
2193,true,0.01,1
2198,false,0.01,1
2201,true,0.01,1
2210,true,0.01,1
2217,true,0.01,1
2222,true,0.01,1
2229,true,0.01,1
2235,true,0.01,1
2242,true,0.01,1
2248,true,0.01,1
2255,true,0.01,1
2263,true,0.01,1
2269,true,0.01,1
2277,true,0.01,1
2284,true,0.01,1
2291,true,0.01,1
2298,true,0.01,1
2304,true,0.01,1
2311,true,0.01,1
2318,true,0.01,1
2325,true,0.01,1
2330,true,0.01,1
2337,true,0.01,1
2344,true,0.01,1
2351,true,0.01,1
2358,true,0.01,1
2365,true,0.01,1
2372,true,0.01,1
2379,true,0.01,1
2384,true,0.01,1
2391,true,0.01,1
2399,true,0.01,1
2406,true,0.01,1
2413,true,0.01,1
2420,true,0.01,1
2427,true,0.01,1
2434,true,0.01,1
2441,true,0.01,1
2450,true,0.01,1
2457,true,0.01,1
2467,true,0.01,1
2473,true,0.01,1
2480,true,0.01,1
2487,true,0.01,1
2493,true,0.01,1
2501,true,0.01,1
2508,true,0.01,1
2514,true,0.01,1
2522,true,0.01,1
2530,true,0.01,1
2537,true,0.01,1
2546,true,0.01,1
2554,true,0.01,1
2560,true,0.01,1
2566,true,0.01,1
2574,true,0.01,1
2580,true,0.01,1
2587,true,0.01,1
2593,false,0.01,1
2601,true,0.01,1
2609,false,0.01,1
2616,false,0.01,1
2621,true,0.01,1
2628,true,0.01,1
2636,false,0.01,1
2643,false,0.01,1
2649,true,0.01,1
2656,true,0.01,1
2663,true,0.01,1
2670,false,0.01,1
2677,true,0.01,1
2684,true,0.01,1
2693,true,0.01,1
2699,true,0.01,1
2706,true,0.01,1
2713,true,0.01,1
2720,false,0.01,1
2727,true,0.01,1
2735,true,0.01,1
2742,true,0.01,1
2749,true,0.01,1
2755,true,0.01,1
2763,true,0.01,1
2770,false,0.01,1
2777,true,0.01,1
2784,true,0.01,1
2791,true,0.01,1
2798,false,0.01,1
2805,false,0.01,1
2812,true,0.01,1
2819,true,0.01,1
2829,true,0.01,1
2833,true,0.01,1
2840,false,0.01,1
2848,false,0.01,1
2854,true,0.01,1
2860,false,0.01,1
2865,false,0.01,1
2872,true,0.01,1
2878,false,0.01,1
2884,true,0.01,1
2891,true,0.01,1
2897,false,0.01,1
2903,true,0.01,1
2909,true,0.01,1
2915,false,0.01,1
2921,true,0.01,1
2927,true,0.01,1
2933,true,0.01,1
2939,true,0.01,1
2945,true,0.01,1
2953,true,0.01,1
2959,true,0.01,1
2966,true,0.01,1
2972,true,0.01,1
2980,true,0.01,1
2988,true,0.01,1
2995,true,0.01,1
3001,true,0.01,1
3007,true,0.01,1
3014,false,0.01,1
3020,true,0.01,1
3026,true,0.01,1
3032,true,0.01,1
3038,true,0.01,1
3043,true,0.01,1
3049,true,0.01,1
3055,true,0.01,1
3061,true,0.01,1
3067,true,0.01,1
3074,true,0.01,1
3080,true,0.01,1
3086,false,0.01,1
3092,true,0.01,1
3098,true,0.01,1
3104,false,0.01,1
3110,true,0.01,1
3116,true,0.01,1
3122,false,0.01,1
3128,true,0.01,1
3134,true,0.01,1
3140,true,0.01,1
3149,true,0.01,1
3154,true,0.01,1
3159,true,0.01,1
3167,false,0.01,1
3172,true,0.01,1
3179,true,0.01,1
3186,true,0.01,1
3193,false,0.01,1
3199,true,0.01,1
3203,false,0.01,1
3209,true,0.01,1
3215,true,0.01,1
3221,true,0.01,1
3227,true,0.01,1
3233,true,0.01,1
3240,true,0.01,1
3247,false,0.01,1
3252,true,0.01,1
3258,true,0.01,1
3264,false,0.01,1
3270,true,0.01,1
3275,false,0.01,1
3279,true,0.01,1
3284,false,0.01,1
3288,true,0.01,1
3293,false,0.01,1
3297,true,0.01,1
3300,false,0.01,1
3305,true,0.01,1
3309,false,0.01,1
3313,true,0.01,1
3317,true,0.01,1
3321,true,0.01,1
3325,false,0.01,1
3329,false,0.01,1
3333,false,0.01,1
3337,false,0.01,1
3341,true,0.01,1
3345,false,0.01,1
3349,true,0.01,1
3353,false,0.01,1
3357,true,0.01,1
3361,false,0.01,1
#---------- Tue Nov 29 18:57:22 PST 2022 ----------
#Format: Task Counter Number,Did Simulation Succeed,Last Step Size Used,Number of Simulations Attempted
4504,true,0.01,1
4515,true,0.01,1
4524,true,0.01,1
4532,true,0.01,1
4544,true,0.01,1
4553,true,0.01,1
4563,true,0.01,1
4573,true,0.01,1
4583,true,0.01,1
4594,true,0.01,1
4604,true,0.01,1
4614,true,0.01,1
4624,true,0.01,1
4634,true,0.01,1
4644,true,0.01,1
4655,true,0.01,1
4664,false,0.01,1
4677,true,0.01,1
4687,true,0.01,1
4696,true,0.01,1
4705,true,0.01,1
4714,true,0.01,1
4725,true,0.01,1
4734,true,0.01,1
4743,true,0.01,1
4755,true,0.01,1
4766,true,0.01,1
4779,false,0.01,1
4791,true,0.01,1
4799,true,0.01,1
4809,true,0.01,1
4819,true,0.01,1
4828,true,0.01,1
4837,true,0.01,1
4847,true,0.01,1
4856,true,0.01,1
4866,true,0.01,1
4879,true,0.01,1
4887,false,0.01,1
4896,false,0.01,1
4906,true,0.01,1
4916,false,0.01,1
4926,true,0.01,1
4936,true,0.01,1
4947,false,0.01,1
4956,false,0.01,1
4966,true,0.01,1
4976,true,0.01,1
4986,true,0.01,1
4996,true,0.01,1
5006,true,0.01,1
5018,true,0.01,1
5029,false,0.01,1
5037,false,0.01,1
5042,true,0.01,1
5054,true,0.01,1
5064,false,0.01,1
5067,true,0.01,1
5077,true,0.01,1
5085,true,0.01,1
5093,true,0.01,1
5101,true,0.01,1
5110,true,0.01,1
5118,true,0.01,1
5124,true,0.01,1
5132,false,0.01,1
5140,false,0.01,1
5146,true,0.01,1
5153,true,0.01,1
5163,true,0.01,1
5168,false,0.01,1
5174,true,0.01,1
5182,true,0.01,1
5189,false,0.01,1
5195,true,0.01,1
5207,true,0.01,1
5212,true,0.01,1
5222,true,0.01,1
5230,true,0.01,1
5239,true,0.01,1
5249,true,0.01,1
5260,true,0.01,1
5265,true,0.01,1
5274,true,0.01,1
5282,true,0.01,1
5290,true,0.01,1
5298,true,0.01,1
5306,true,0.01,1
5314,true,0.01,1
5321,true,0.01,1
5332,true,0.01,1
5336,true,0.01,1
5344,true,0.01,1
5352,true,0.01,1
5360,false,0.01,1
5371,true,0.01,1
5378,true,0.01,1
5386,true,0.01,1
5394,true,0.01,1
5402,false,0.01,1
5409,true,0.01,1
5419,false,0.01,1
5427,true,0.01,1
5437,true,0.01,1
5449,true,0.01,1
5455,true,0.01,1
5465,true,0.01,1
5474,true,0.01,1
5483,true,0.01,1
5494,true,0.01,1
5499,true,0.01,1
5507,true,0.01,1
5515,false,0.01,1
5523,false,0.01,1
5530,true,0.01,1
5538,true,0.01,1
5548,true,0.01,1
5556,true,0.01,1
5561,false,0.01,1
5570,true,0.01,1
5578,true,0.01,1
5586,true,0.01,1
5594,false,0.01,1
5602,true,0.01,1
5610,true,0.01,1
5618,false,0.01,1
5626,false,0.01,1
5633,true,0.01,1
5641,true,0.01,1
5649,true,0.01,1
5653,true,0.01,1
5665,true,0.01,1
5672,true,0.01,1
5685,false,0.01,1
5690,true,0.01,1
5701,true,0.01,1
5707,true,0.01,1
5717,true,0.01,1
5727,true,0.01,1
5732,false,0.01,1
5741,true,0.01,1
5749,true,0.01,1
5757,false,0.01,1
5763,true,0.01,1
5771,true,0.01,1
5780,true,0.01,1
5788,true,0.01,1
5797,true,0.01,1
5807,true,0.01,1
5818,true,0.01,1
5826,true,0.01,1
5831,false,0.01,1
5840,false,0.01,1
5849,false,0.01,1
5855,false,0.01,1
5862,true,0.01,1
5868,false,0.01,1
5876,false,0.01,1
5883,true,0.01,1
5890,true,0.01,1
5898,true,0.01,1
5905,false,0.01,1
5913,true,0.01,1
5921,false,0.01,1
5929,false,0.01,1
5937,true,0.01,1
5945,true,0.01,1
5950,true,0.01,1
5960,true,0.01,1
5970,true,0.01,1
5974,false,0.01,1
5982,true,0.01,1
5990,true,0.01,1
5996,false,0.01,1
6002,false,0.01,1
6010,false,0.01,1
6018,false,0.01,1
6026,true,0.01,1
6034,true,0.01,1
6042,true,0.01,1
6050,true,0.01,1
6058,true,0.01,1
6068,true,0.01,1
6077,false,0.01,1
6085,false,0.01,1
6093,false,0.01,1
6096,true,0.01,1
6102,true,0.01,1
6115,true,0.01,1
6122,false,0.01,1
6136,false,0.01,1
6141,true,0.01,1
6147,false,0.01,1
6155,false,0.01,1
6163,false,0.01,1
6170,false,0.01,1
6177,true,0.01,1
6182,false,0.01,1
6190,false,0.01,1
6198,false,0.01,1
6206,true,0.01,1
6213,true,0.01,1
6220,true,0.01,1
6231,true,0.01,1
6236,false,0.01,1
6244,false,0.01,1
6252,false,0.01,1
6255,true,0.01,1
6269,false,0.01,1
6276,true,0.01,1
6284,true,0.01,1
6292,true,0.01,1
6300,true,0.01,1
6308,false,0.01,1
6316,false,0.01,1
6324,false,0.01,1
6332,false,0.01,1
6340,true,0.01,1
6346,true,0.01,1
6358,true,0.01,1
6365,true,0.01,1
6376,true,0.01,1
6382,true,0.01,1
6395,false,0.01,1
6401,false,0.01,1
6407,false,0.01,1
6415,false,0.01,1
6423,false,0.01,1
6429,false,0.01,1
6438,false,0.01,1
6444,true,0.01,1
6456,false,0.01,1
6464,true,0.01,1
6472,true,0.01,1
6480,true,0.01,1
6493,false,0.01,1
6497,false,0.01,1
6505,false,0.01,1
6513,false,0.01,1
6521,false,0.01,1
6528,false,0.01,1
6537,false,0.01,1
6547,false,0.01,1
6553,true,0.01,1
6562,true,0.01,1
6573,true,0.01,1
6578,true,0.01,1
6586,true,0.01,1
6594,true,0.01,1
6602,true,0.01,1
6610,true,0.01,1
6617,true,0.01,1
6628,true,0.01,1
6634,true,0.01,1
6641,true,0.01,1
6649,true,0.01,1
6657,true,0.01,1
6665,true,0.01,1
6673,true,0.01,1
6681,true,0.01,1
6689,true,0.01,1
6697,true,0.01,1
6706,true,0.01,1
6716,true,0.01,1
6727,true,0.01,1
6734,true,0.01,1
6741,true,0.01,1
6750,true,0.01,1
6758,true,0.01,1
6765,true,0.01,1
6773,true,0.01,1
6781,true,0.01,1
6789,true,0.01,1
6799,true,0.01,1
6807,true,0.01,1
6813,true,0.01,1
6822,true,0.01,1
6832,true,0.01,1
6842,true,0.01,1
6852,true,0.01,1
6858,true,0.01,1
6867,true,0.01,1
6876,true,0.01,1
6886,true,0.01,1
6894,true,0.01,1
6902,true,0.01,1
6910,true,0.01,1
6919,true,0.01,1
6929,true,0.01,1
6937,true,0.01,1
6944,true,0.01,1
6952,true,0.01,1
6960,true,0.01,1
6967,false,0.01,1
6975,true,0.01,1
6983,true,0.01,1
6991,true,0.01,1
6999,false,0.01,1
7010,true,0.01,1
7018,true,0.01,1
7026,true,0.01,1
7037,true,0.01,1
7044,true,0.01,1
7054,true,0.01,1
7062,true,0.01,1
7068,true,0.01,1
7073,true,0.01,1
7081,true,0.01,1
7089,true,0.01,1
7098,true,0.01,1
7107,true,0.01,1
7115,true,0.01,1
7122,true,0.01,1
7128,true,0.01,1
7136,true,0.01,1
7144,true,0.01,1
7152,true,0.01,1
7160,true,0.01,1
7169,true,0.01,1
7176,true,0.01,1
7185,true,0.01,1
7192,true,0.01,1
7200,true,0.01,1
7208,true,0.01,1
7216,false,0.01,1
7223,true,0.01,1
7232,true,0.01,1
7240,true,0.01,1
7248,true,0.01,1
7256,true,0.01,1
7263,true,0.01,1
7270,false,0.01,1
7280,true,0.01,1
7289,true,0.01,1
7297,true,0.01,1
7304,true,0.01,1
7312,true,0.01,1
7318,true,0.01,1
7328,true,0.01,1
7337,true,0.01,1
7346,true,0.01,1
7355,true,0.01,1
7365,true,0.01,1
7370,true,0.01,1
7378,true,0.01,1
7386,true,0.01,1
7394,true,0.01,1
7402,true,0.01,1
7410,true,0.01,1
7418,true,0.01,1
7426,true,0.01,1
7434,true,0.01,1
7442,true,0.01,1
7449,true,0.01,1
7459,true,0.01,1
7467,true,0.01,1
7475,true,0.01,1
7483,true,0.01,1
7491,true,0.01,1
7499,true,0.01,1
7507,true,0.01,1
7513,true,0.01,1
7521,true,0.01,1
7532,true,0.01,1
7539,true,0.01,1
7549,true,0.01,1
7556,true,0.01,1
7564,true,0.01,1
7570,true,0.01,1
7581,true,0.01,1
7586,true,0.01,1
7594,true,0.01,1
7602,true,0.01,1
7612,true,0.01,1
7619,true,0.01,1
7628,true,0.01,1
7634,true,0.01,1
7642,true,0.01,1
7647,false,0.01,1
7658,true,0.01,1
7668,true,0.01,1
7673,true,0.01,1
7681,true,0.01,1
7689,true,0.01,1
7697,true,0.01,1
7705,true,0.01,1
7713,true,0.01,1
7721,false,0.01,1
7730,false,0.01,1
7739,true,0.01,1
7750,true,0.01,1
7754,true,0.01,1
7762,true,0.01,1
7770,true,0.01,1
7778,true,0.01,1
7784,false,0.01,1
7793,true,0.01,1
7799,true,0.01,1
7808,true,0.01,1
7815,true,0.01,1
7821,true,0.01,1
7831,true,0.01,1
7840,true,0.01,1
7849,true,0.01,1
7858,true,0.01,1
7866,true,0.01,1
7874,false,0.01,1
7882,false,0.01,1
7891,false,0.01,1
7902,true,0.01,1
7907,true,0.01,1
7914,true,0.01,1
7922,true,0.01,1
7931,true,0.01,1
7940,true,0.01,1
7948,true,0.01,1
7956,true,0.01,1
7964,false,0.01,1
7972,false,0.01,1
7980,false,0.01,1
7988,true,0.01,1
7998,false,0.01,1
8006,true,0.01,1
8014,true,0.01,1
8022,false,0.01,1
8028,false,0.01,1
8037,false,0.01,1
8046,false,0.01,1
8055,true,0.01,1
8063,false,0.01,1
8071,false,0.01,1
8079,false,0.01,1
8087,false,0.01,1
8096,true,0.01,1
8103,false,0.01,1
8112,false,0.01,1
8120,true,0.01,1
8127,true,0.01,1
8136,true,0.01,1
8143,false,0.01,1
8151,false,0.01,1
8159,true,0.01,1
8167,true,0.01,1
8175,true,0.01,1
8180,false,0.01,1
8188,false,0.01,1
8196,false,0.01,1
8203,true,0.01,1
8210,true,0.01,1
8218,true,0.01,1
8225,false,0.01,1
8234,false,0.01,1
8243,false,0.01,1
8252,false,0.01,1
8262,false,0.01,1
8270,false,0.01,1
8277,false,0.01,1
8286,false,0.01,1
8294,false,0.01,1
8303,false,0.01,1
8310,false,0.01,1
8320,false,0.01,1
8327,true,0.01,1
8335,true,0.01,1
8343,false,0.01,1
8352,false,0.01,1
8361,false,0.01,1
8369,false,0.01,1
8377,false,0.01,1
8385,false,0.01,1
8393,false,0.01,1
8401,false,0.01,1
8409,false,0.01,1
8418,false,0.01,1
8428,false,0.01,1
8433,true,0.01,1
8443,true,0.01,1
8449,false,0.01,1
8455,false,0.01,1
8463,false,0.01,1
8469,true,0.01,1
8477,false,0.01,1
8485,false,0.01,1
8491,false,0.01,1
8499,true,0.01,1
8506,false,0.01,1
8513,false,0.01,1
8519,false,0.01,1
8526,false,0.01,1
8533,false,0.01,1
8540,false,0.01,1
8547,false,0.01,1
8554,false,0.01,1
8560,false,0.01,1
8568,true,0.01,1
8575,false,0.01,1
8581,false,0.01,1
8588,false,0.01,1
8595,false,0.01,1
8602,false,0.01,1
8609,false,0.01,1
8616,false,0.01,1
8622,false,0.01,1
8630,false,0.01,1
8637,false,0.01,1
8644,false,0.01,1
8651,false,0.01,1
8657,false,0.01,1
8664,false,0.01,1
8671,false,0.01,1
8678,false,0.01,1
8685,true,0.01,1
8692,false,0.01,1
8699,false,0.01,1
8706,false,0.01,1
8714,false,0.01,1
8721,true,0.01,1
8728,false,0.01,1
8735,false,0.01,1
8742,false,0.01,1
8749,true,0.01,1
8756,true,0.01,1
8763,true,0.01,1
8770,true,0.01,1
8777,false,0.01,1
8786,false,0.01,1
8795,false,0.01,1
8801,true,0.01,1
8808,true,0.01,1
8814,true,0.01,1
8821,true,0.01,1
8827,true,0.01,1
8834,true,0.01,1
8841,true,0.01,1
8848,true,0.01,1
8855,true,0.01,1
8862,true,0.01,1
8869,true,0.01,1
8876,true,0.01,1
8884,true,0.01,1
8893,true,0.01,1
8901,true,0.01,1
8908,true,0.01,1
8915,true,0.01,1
8922,true,0.01,1
8929,true,0.01,1
8935,true,0.01,1
8942,true,0.01,1
8949,true,0.01,1
8954,true,0.01,1
8961,true,0.01,1
8968,true,0.01,1
8974,true,0.01,1
8981,true,0.01,1
8988,true,0.01,1
8995,true,0.01,1
9003,true,0.01,1
9009,true,0.01,1
9018,true,0.01,1
9028,true,0.01,1
9034,true,0.01,1
9041,true,0.01,1
9046,true,0.01,1
9052,true,0.01,1
9059,true,0.01,1
9064,true,0.01,1
9071,true,0.01,1
9078,false,0.01,1
9085,true,0.01,1
9092,true,0.01,1
9099,true,0.01,1
9106,true,0.01,1
9113,true,0.01,1
9120,true,0.01,1
9127,true,0.01,1
9134,true,0.01,1
9141,true,0.01,1
9148,true,0.01,1
9155,false,0.01,1
9163,true,0.01,1
9169,false,0.01,1
9176,true,0.01,1
9183,true,0.01,1
9190,true,0.01,1
9197,true,0.01,1
9204,false,0.01,1
9215,true,0.01,1
9222,true,0.01,1
9229,true,0.01,1
9236,true,0.01,1
9243,true,0.01,1
9251,true,0.01,1
9258,true,0.01,1
9265,true,0.01,1
9272,true,0.01,1
9279,true,0.01,1
9287,true,0.01,1
9294,true,0.01,1
9300,true,0.01,1
9308,true,0.01,1
9318,true,0.01,1
9322,false,0.01,1
9329,true,0.01,1
9336,true,0.01,1
9343,true,0.01,1
9350,true,0.01,1
9357,true,0.01,1
9364,true,0.01,1
9371,true,0.01,1
9378,true,0.01,1
9385,true,0.01,1
9392,true,0.01,1
9399,false,0.01,1
9404,false,0.01,1
9411,false,0.01,1
9417,true,0.01,1
9424,true,0.01,1
9432,true,0.01,1
9441,false,0.01,1
9454,true,0.01,1
9466,false,0.01,1
9475,false,0.01,1
9486,true,0.01,1
9497,false,0.01,1
9506,true,0.01,1
9517,true,0.01,1
9525,true,0.01,1
9535,true,0.01,1
9542,true,0.01,1
9558,true,0.01,1
9568,true,0.01,1
9578,true,0.01,1
9591,true,0.01,1
9601,true,0.01,1
9612,true,0.01,1
9622,true,0.01,1
9633,true,0.01,1
9641,true,0.01,1
9651,true,0.01,1
9662,true,0.01,1
9673,true,0.01,1
9682,true,0.01,1
9694,true,0.01,1
9703,true,0.01,1
9712,true,0.01,1
9721,true,0.01,1
9736,true,0.01,1
9745,true,0.01,1
9754,true,0.01,1
9764,true,0.01,1
9772,true,0.01,1
9783,true,0.01,1
9793,true,0.01,1
9809,false,0.01,1
9819,true,0.01,1
9829,true,0.01,1
9839,true,0.01,1
9849,true,0.01,1
9859,true,0.01,1
9869,true,0.01,1
9879,true,0.01,1
9889,false,0.01,1
9900,true,0.01,1
9910,true,0.01,1
9920,true,0.01,1
9930,true,0.01,1
9940,true,0.01,1
9950,true,0.01,1
9959,true,0.01,1
9967,true,0.01,1
9974,true,0.01,1
9989,true,0.01,1
9998,true,0.01,1
10007,true,0.01,1
10016,true,0.01,1
10025,true,0.01,1
10035,true,0.01,1
10045,true,0.01,1
10055,true,0.01,1
10067,true,0.01,1
10081,true,0.01,1
10092,true,0.01,1
10101,true,0.01,1
10110,true,0.01,1
10119,true,0.01,1
10127,true,0.01,1
10141,false,0.01,1
10149,false,0.01,1
10155,false,0.01,1
10167,false,0.01,1
10176,false,0.01,1
10184,true,0.01,1
10194,false,0.01,1
10204,false,0.01,1
10214,false,0.01,1
10224,true,0.01,1
10236,false,0.01,1
10244,true,0.01,1
10259,false,0.01,1
10266,false,0.01,1
10274,false,0.01,1
10287,true,0.01,1
10297,true,0.01,1
10307,true,0.01,1
10317,true,0.01,1
10327,false,0.01,1
10337,true,0.01,1
10347,false,0.01,1
10357,false,0.01,1
10366,false,0.01,1
10377,true,0.01,1
10387,true,0.01,1
10397,true,0.01,1
10407,true,0.01,1
10417,true,0.01,1
10428,false,0.01,1
10439,false,0.01,1
10455,false,0.01,1
10463,false,0.01,1
10471,false,0.01,1
10480,false,0.01,1
10493,false,0.01,1
10499,false,0.01,1
10510,false,0.01,1
10518,false,0.01,1
10530,true,0.01,1
10540,false,0.01,1
10550,true,0.01,1
10560,false,0.01,1
10569,false,0.01,1
10578,false,0.01,1
10587,false,0.01,1
10596,false,0.01,1
10606,false,0.01,1
10618,false,0.01,1
10626,false,0.01,1
10630,true,0.01,1
10640,true,0.01,1
10651,false,0.01,1
10663,false,0.01,1
10669,false,0.01,1
10679,false,0.01,1
10687,false,0.01,1
10694,false,0.01,1
10703,false,0.01,1
10712,false,0.01,1
10721,false,0.01,1
10729,true,0.01,1
10738,true,0.01,1
10747,false,0.01,1
10757,false,0.01,1
10767,false,0.01,1
10772,false,0.01,1
10780,false,0.01,1
10788,false,0.01,1
10796,false,0.01,1
10804,false,0.01,1
10811,false,0.01,1
10821,false,0.01,1
10826,false,0.01,1
10834,false,0.01,1
10842,false,0.01,1
10850,false,0.01,1
10859,false,0.01,1
10864,true,0.01,1
10874,false,0.01,1
10884,false,0.01,1
10892,false,0.01,1
10901,true,0.01,1
10909,true,0.01,1
10917,true,0.01,1
10925,false,0.01,1
10932,false,0.01,1
10941,true,0.01,1
10947,true,0.01,1
10953,false,0.01,1
10963,false,0.01,1
10971,true,0.01,1
10979,true,0.01,1
10987,true,0.01,1
10995,true,0.01,1
11003,true,0.01,1
11011,true,0.01,1
11020,true,0.01,1
11028,true,0.01,1
11035,true,0.01,1
11044,true,0.01,1
11051,true,0.01,1
11059,true,0.01,1
11067,true,0.01,1
11075,true,0.01,1
11083,true,0.01,1
11091,true,0.01,1
11100,true,0.01,1
11107,true,0.01,1
11115,false,0.01,1
11124,true,0.01,1
11137,true,0.01,1
11145,true,0.01,1
11154,true,0.01,1
11163,true,0.01,1
11174,true,0.01,1
11184,true,0.01,1
11193,true,0.01,1
11203,true,0.01,1
11214,true,0.01,1
11226,true,0.01,1
11236,true,0.01,1
11246,true,0.01,1
11257,true,0.01,1
11268,true,0.01,1
11277,true,0.01,1
11286,true,0.01,1
11297,true,0.01,1
11307,true,0.01,1
11318,true,0.01,1
11329,true,0.01,1
11339,true,0.01,1
11349,false,0.01,1
11359,true,0.01,1
11369,true,0.01,1
11383,true,0.01,1
11389,true,0.01,1
11401,true,0.01,1
11412,true,0.01,1
11422,true,0.01,1
11432,true,0.01,1
11442,true,0.01,1
11452,true,0.01,1
11462,true,0.01,1
11475,false,0.01,1
11479,true,0.01,1
11489,true,0.01,1
11500,true,0.01,1
11510,false,0.01,1
11521,true,0.01,1
11533,true,0.01,1
11542,true,0.01,1
11552,true,0.01,1
11562,true,0.01,1
11571,true,0.01,1
11581,true,0.01,1
11592,false,0.01,1
11601,false,0.01,1
11610,true,0.01,1
11619,true,0.01,1
11628,false,0.01,1
11637,true,0.01,1
11646,false,0.01,1
11662,true,0.01,1
11671,true,0.01,1
11679,true,0.01,1
11689,true,0.01,1
11696,true,0.01,1
11707,true,0.01,1
11716,true,0.01,1
11725,true,0.01,1
11732,true,0.01,1
11744,true,0.01,1
11753,true,0.01,1
11762,true,0.01,1
11769,true,0.01,1
11779,true,0.01,1
11786,true,0.01,1
11793,true,0.01,1
11801,true,0.01,1
11816,true,0.01,1
11825,true,0.01,1
11834,true,0.01,1
11843,true,0.01,1
11851,true,0.01,1
11857,true,0.01,1
11863,true,0.01,1
11879,true,0.01,1
11886,true,0.01,1
11893,true,0.01,1
11902,true,0.01,1
11913,true,0.01,1
11924,true,0.01,1
11928,true,0.01,1
11939,true,0.01,1
11947,true,0.01,1
11959,true,0.01,1
11969,true,0.01,1
11976,true,0.01,1
11982,true,0.01,1
11993,false,0.01,1
12003,true,0.01,1
12010,true,0.01,1
12021,true,0.01,1
12026,true,0.01,1
12041,true,0.01,1
12048,true,0.01,1
12054,true,0.01,1
12060,true,0.01,1
12070,true,0.01,1
12080,true,0.01,1
12092,true,0.01,1
12101,true,0.01,1
12107,true,0.01,1
12119,true,0.01,1
12125,true,0.01,1
12140,true,0.01,1
12149,true,0.01,1
12158,true,0.01,1
12167,true,0.01,1
12176,true,0.01,1
12184,true,0.01,1
12190,true,0.01,1
12202,true,0.01,1
12209,true,0.01,1
12221,true,0.01,1
12228,true,0.01,1
12234,true,0.01,1
12245,true,0.01,1
12252,true,0.01,1
12258,true,0.01,1
12268,true,0.01,1
12281,true,0.01,1
12288,true,0.01,1
12294,true,0.01,1
12304,true,0.01,1
12318,false,0.01,1
12323,true,0.01,1
12335,true,0.01,1
12342,true,0.01,1
12347,false,0.01,1
12355,false,0.01,1
12363,false,0.01,1
12371,true,0.01,1
12379,true,0.01,1
12387,true,0.01,1
12394,false,0.01,1
12402,false,0.01,1
12406,true,0.01,1
12412,false,0.01,1
12419,true,0.01,1
12426,true,0.01,1
12432,true,0.01,1
12438,false,0.01,1
12446,true,0.01,1
12453,true,0.01,1
12459,true,0.01,1
12465,false,0.01,1
12472,true,0.01,1
12479,false,0.01,1
12483,true,0.01,1
12493,true,0.01,1
12500,true,0.01,1
12507,true,0.01,1
12514,true,0.01,1
12519,true,0.01,1
12528,true,0.01,1
12536,true,0.01,1
12543,true,0.01,1
12549,true,0.01,1
12553,true,0.01,1
12560,false,0.01,1
12567,true,0.01,1
12573,true,0.01,1
12580,true,0.01,1
12587,true,0.01,1
12594,true,0.01,1
12601,true,0.01,1
12608,true,0.01,1
12616,true,0.01,1
12623,true,0.01,1
12630,true,0.01,1
12635,true,0.01,1
12643,false,0.01,1
12650,false,0.01,1
12657,true,0.01,1
12663,false,0.01,1
12670,false,0.01,1
12677,false,0.01,1
12684,true,0.01,1
12691,true,0.01,1
12702,true,0.01,1
12707,false,0.01,1
12716,true,0.01,1
12723,false,0.01,1
12728,false,0.01,1
12736,true,0.01,1
12744,true,0.01,1
12751,false,0.01,1
12758,true,0.01,1
12765,true,0.01,1
12769,false,0.01,1
12776,true,0.01,1
12783,true,0.01,1
12787,false,0.01,1
12795,false,0.01,1
12801,true,0.01,1
12808,true,0.01,1
12815,false,0.01,1
12822,false,0.01,1
12828,true,0.01,1
12835,true,0.01,1
12843,true,0.01,1
12850,false,0.01,1
12857,true,0.01,1
12864,true,0.01,1
12871,true,0.01,1
12878,false,0.01,1
12887,false,0.01,1
12894,false,0.01,1
12899,true,0.01,1
12910,true,0.01,1
12916,false,0.01,1
12923,false,0.01,1
12930,false,0.01,1
12933,false,0.01,1
12940,false,0.01,1
12947,false,0.01,1
12955,true,0.01,1
12960,true,0.01,1
12968,false,0.01,1
12975,false,0.01,1
12981,true,0.01,1
12988,true,0.01,1
12994,false,0.01,1
13001,false,0.01,1
13008,true,0.01,1
13012,false,0.01,1
13019,false,0.01,1
13029,false,0.01,1
13034,true,0.01,1
13042,true,0.01,1
13051,true,0.01,1
13057,false,0.01,1
13065,false,0.01,1
13071,true,0.01,1
13078,true,0.01,1
13085,false,0.01,1
13092,false,0.01,1
13096,true,0.01,1
13103,false,0.01,1
13110,false,0.01,1
13117,true,0.01,1
13124,true,0.01,1
13133,true,0.01,1
13142,true,0.01,1
13149,true,0.01,1
13157,true,0.01,1
13164,true,0.01,1
13171,true,0.01,1
13176,true,0.01,1
13186,true,0.01,1
13192,true,0.01,1
13199,true,0.01,1
13207,true,0.01,1
13214,true,0.01,1
13221,true,0.01,1
13228,true,0.01,1
13235,true,0.01,1
13242,true,0.01,1
13248,true,0.01,1
13255,true,0.01,1
13263,true,0.01,1
13270,true,0.01,1
13277,true,0.01,1
13285,true,0.01,1
13291,true,0.01,1
13299,true,0.01,1
13306,true,0.01,1
13313,true,0.01,1
13320,true,0.01,1
13327,true,0.01,1
13334,true,0.01,1
13341,true,0.01,1
13348,true,0.01,1
13355,true,0.01,1
13362,true,0.01,1
13369,true,0.01,1
13374,true,0.01,1
13383,true,0.01,1
13391,true,0.01,1
13398,true,0.01,1
13405,true,0.01,1
13411,true,0.01,1
13417,true,0.01,1
13424,true,0.01,1
13431,true,0.01,1
13437,true,0.01,1
13445,true,0.01,1
13452,true,0.01,1
13459,true,0.01,1
13466,true,0.01,1
13473,true,0.01,1
13479,true,0.01,1
13486,true,0.01,1
13494,true,0.01,1
13498,true,0.01,1
13506,true,0.01,1
13515,true,0.01,1
13522,true,0.01,1
13528,true,0.01,1
13536,false,0.01,1
13543,true,0.01,1
13551,true,0.01,1
13558,true,0.01,1
13564,true,0.01,1
13571,true,0.01,1
13580,true,0.01,1
13586,true,0.01,1
13592,true,0.01,1
13599,true,0.01,1
13605,true,0.01,1
13612,true,0.01,1
13619,true,0.01,1
13628,true,0.01,1
13635,true,0.01,1
13643,true,0.01,1
13650,true,0.01,1
13657,true,0.01,1
13664,true,0.01,1
13671,true,0.01,1
13680,true,0.01,1
13690,true,0.01,1
13697,true,0.01,1
13704,true,0.01,1
13711,true,0.01,1
13718,true,0.01,1
13725,true,0.01,1
13731,true,0.01,1
13738,true,0.01,1
13744,true,0.01,1
13752,true,0.01,1
13757,true,0.01,1
13764,true,0.01,1
13770,false,0.01,1
13777,false,0.01,1
13783,true,0.01,1
13789,false,0.01,1
13795,true,0.01,1
13801,true,0.01,1
13807,true,0.01,1
13814,true,0.01,1
13820,true,0.01,1
13826,true,0.01,1
13832,true,0.01,1
13838,true,0.01,1
13844,true,0.01,1
13850,true,0.01,1
13856,true,0.01,1
13862,true,0.01,1
13869,true,0.01,1
13875,true,0.01,1
13883,true,0.01,1
13889,true,0.01,1
13895,true,0.01,1
13901,true,0.01,1
13907,true,0.01,1
13916,true,0.01,1
13924,true,0.01,1
13932,true,0.01,1
13938,true,0.01,1
13944,true,0.01,1
13951,true,0.01,1
13956,true,0.01,1
13963,true,0.01,1
13970,true,0.01,1
13976,true,0.01,1
13982,true,0.01,1
13987,true,0.01,1
13993,true,0.01,1
14001,true,0.01,1
14007,true,0.01,1
14013,true,0.01,1
14019,true,0.01,1
14025,true,0.01,1
14031,true,0.01,1
14037,true,0.01,1
14043,true,0.01,1
14049,true,0.01,1
14055,true,0.01,1
14061,true,0.01,1
14067,true,0.01,1
14073,true,0.01,1
14079,true,0.01,1
14085,true,0.01,1
14091,true,0.01,1
14097,true,0.01,1
14103,true,0.01,1
14111,true,0.01,1
14117,true,0.01,1
14123,true,0.01,1
14129,true,0.01,1
14135,true,0.01,1
14141,true,0.01,1
14146,true,0.01,1
14153,true,0.01,1
14159,true,0.01,1
14166,true,0.01,1
14172,true,0.01,1
14180,true,0.01,1
14186,true,0.01,1
14192,true,0.01,1
14198,true,0.01,1
14204,true,0.01,1
14210,true,0.01,1
14216,true,0.01,1
14220,true,0.01,1
14226,true,0.01,1
14232,true,0.01,1
14238,true,0.01,1
14244,true,0.01,1
14252,true,0.01,1
14258,true,0.01,1
14264,false,0.01,1
14270,true,0.01,1
14276,true,0.01,1
14282,true,0.01,1
14288,true,0.01,1
14292,true,0.01,1
14299,true,0.01,1
14305,true,0.01,1
14311,true,0.01,1
14317,true,0.01,1
14325,true,0.01,1
14331,true,0.01,1
14339,true,0.01,1
14345,true,0.01,1
14351,true,0.01,1
14356,true,0.01,1
14363,true,0.01,1
14369,true,0.01,1
14375,true,0.01,1
14382,true,0.01,1
14388,true,0.01,1
14396,true,0.01,1
14402,true,0.01,1
14409,true,0.01,1
14415,true,0.01,1
14421,true,0.01,1
14427,true,0.01,1
14433,false,0.01,1
14439,true,0.01,1
14445,true,0.01,1
14451,false,0.01,1
14457,true,0.01,1
14463,true,0.01,1
14469,true,0.01,1
14474,true,0.01,1
14482,true,0.01,1
14488,true,0.01,1
14493,true,0.01,1
14499,true,0.01,1
14505,false,0.01,1
14511,false,0.01,1
14519,true,0.01,1
14525,false,0.01,1
14531,true,0.01,1
14537,true,0.01,1
14541,false,0.01,1
14547,true,0.01,1
14554,true,0.01,1
14559,false,0.01,1
14565,true,0.01,1
14573,true,0.01,1
14579,true,0.01,1
14585,false,0.01,1
14590,false,0.01,1
14597,false,0.01,1
14602,false,0.01,1
14609,false,0.01,1
14615,false,0.01,1
14621,false,0.01,1
14627,false,0.01,1
14633,false,0.01,1
14639,false,0.01,1
14645,true,0.01,1
14651,false,0.01,1
14657,false,0.01,1
14663,true,0.01,1
14669,false,0.01,1
14675,false,0.01,1
14681,true,0.01,1
14687,false,0.01,1
14693,true,0.01,1
14698,true,0.01,1
14704,false,0.01,1
14710,false,0.01,1
14716,true,0.01,1
14722,false,0.01,1
14728,true,0.01,1
14734,false,0.01,1
14741,false,0.01,1
14747,true,0.01,1
14753,true,0.01,1
14759,false,0.01,1
14765,false,0.01,1
14772,true,0.01,1
14778,true,0.01,1
14783,true,0.01,1
14790,true,0.01,1
14796,true,0.01,1
14802,false,0.01,1
14809,true,0.01,1
14816,true,0.01,1
14822,false,0.01,1
14828,false,0.01,1
14834,false,0.01,1
14838,false,0.01,1
14845,false,0.01,1
14850,false,0.01,1
14857,false,0.01,1
14863,false,0.01,1
14869,false,0.01,1
14875,false,0.01,1
14882,false,0.01,1
14888,false,0.01,1
14894,false,0.01,1
14900,false,0.01,1
14906,false,0.01,1
14912,false,0.01,1
14918,false,0.01,1
14924,false,0.01,1
14929,false,0.01,1
14934,false,0.01,1
14937,false,0.01,1
14942,false,0.01,1
14949,false,0.01,1
14954,false,0.01,1
14959,true,0.01,1
14964,false,0.01,1
14969,false,0.01,1
14975,false,0.01,1
14980,false,0.01,1
14985,true,0.01,1
14990,false,0.01,1
14995,false,0.01,1
15000,false,0.01,1
15005,true,0.01,1
15010,false,0.01,1
15016,false,0.01,1
15022,true,0.01,1
15027,false,0.01,1
15031,true,0.01,1
15035,false,0.01,1
15042,false,0.01,1
15047,false,0.01,1
15052,false,0.01,1
15057,true,0.01,1
15062,false,0.01,1
15067,false,0.01,1
15072,false,0.01,1
15077,false,0.01,1
15082,false,0.01,1
15087,false,0.01,1
15092,false,0.01,1
15097,false,0.01,1
15102,false,0.01,1
15107,false,0.01,1
15114,false,0.01,1
15117,false,0.01,1
15122,false,0.01,1
15127,false,0.01,1
15133,false,0.01,1
15136,false,0.01,1
15141,false,0.01,1
15146,false,0.01,1
15151,false,0.01,1
15156,false,0.01,1
15161,false,0.01,1
15166,false,0.01,1
15170,false,0.01,1
15174,false,0.01,1
15178,false,0.01,1
15182,false,0.01,1
15186,false,0.01,1
15190,false,0.01,1
15194,false,0.01,1
15198,false,0.01,1
15202,false,0.01,1
15207,false,0.01,1
15210,false,0.01,1
15213,false,0.01,1
15216,false,0.01,1
15219,false,0.01,1
15223,false,0.01,1
15226,false,0.01,1
15228,false,0.01,1
15232,false,0.01,1
15235,false,0.01,1
15238,false,0.01,1
15241,false,0.01,1
15244,false,0.01,1
15247,false,0.01,1
15250,false,0.01,1
15253,false,0.01,1
15256,false,0.01,1
15259,false,0.01,1
15262,false,0.01,1
15265,false,0.01,1
15268,false,0.01,1
15271,false,0.01,1
15274,true,0.01,1
15277,false,0.01,1
15280,false,0.01,1
15283,true,0.01,1
15286,false,0.01,1
15289,false,0.01,1
15291,true,0.01,1
15293,true,0.01,1
15295,false,0.01,1
15297,false,0.01,1
15299,false,0.01,1
15301,true,0.01,1
15303,false,0.01,1
15305,false,0.01,1
15307,false,0.01,1
15309,true,0.01,1
15311,true,0.01,1
15314,true,0.01,1
15316,true,0.01,1
15318,true,0.01,1
15320,true,0.01,1
15322,true,0.01,1
15324,true,0.01,1
15326,true,0.01,1
15328,true,0.01,1
15330,true,0.01,1
15332,true,0.01,1
15334,true,0.01,1
15336,true,0.01,1
15338,true,0.01,1
15340,true,0.01,1
15342,true,0.01,1
15344,true,0.01,1
15346,true,0.01,1
15348,true,0.01,1
15350,true,0.01,1
15352,true,0.01,1
15354,true,0.01,1
15356,true,0.01,1
15358,true,0.01,1
15360,true,0.01,1
15362,true,0.01,1
15364,true,0.01,1
15366,true,0.01,1
15367,true,0.01,1
15369,true,0.01,1
15371,true,0.01,1
15373,true,0.01,1
15375,true,0.01,1
15377,true,0.01,1
15379,true,0.01,1
15381,true,0.01,1
15383,false,0.01,1
15386,true,0.01,1
15387,true,0.01,1
15389,true,0.01,1
15391,true,0.01,1
15393,true,0.01,1
15395,true,0.01,1
15397,true,0.01,1
15399,true,0.01,1
15401,true,0.01,1
15403,true,0.01,1
15405,true,0.01,1
15407,true,0.01,1
15409,true,0.01,1
15411,true,0.01,1
15413,true,0.01,1
15415,true,0.01,1
15417,true,0.01,1
15419,true,0.01,1
15421,true,0.01,1
15423,true,0.01,1
15425,true,0.01,1
15427,true,0.01,1
15429,true,0.01,1
15431,true,0.01,1
15433,true,0.01,1
15435,true,0.01,1
15437,true,0.01,1
15440,true,0.01,1
15442,true,0.01,1
15443,true,0.01,1
15445,true,0.01,1
15447,true,0.01,1
15449,true,0.01,1
15451,true,0.01,1
15453,true,0.01,1
15455,true,0.01,1
15458,true,0.01,1
15460,true,0.01,1
15462,true,0.01,1
15464,true,0.01,1
15466,true,0.01,1
15468,true,0.01,1
15470,true,0.01,1
15472,false,0.01,1
15474,true,0.01,1
15476,true,0.01,1
15478,true,0.01,1
15480,false,0.01,1
15482,true,0.01,1
15484,true,0.01,1
15486,true,0.01,1
15488,true,0.01,1
15490,true,0.01,1
15492,true,0.01,1
15494,true,0.01,1
15496,true,0.01,1
15498,true,0.01,1
15500,true,0.01,1
15502,true,0.01,1
15504,true,0.01,1
15506,true,0.01,1
15508,true,0.01,1
15510,true,0.01,1
15512,true,0.01,1
15514,true,0.01,1
15516,true,0.01,1
15518,true,0.01,1
15520,true,0.01,1
15522,true,0.01,1
15524,true,0.01,1
15526,true,0.01,1
15528,true,0.01,1
15530,true,0.01,1
15532,true,0.01,1
15534,true,0.01,1
15536,true,0.01,1
15538,true,0.01,1
15540,true,0.01,1
15542,true,0.01,1
15544,true,0.01,1
15546,true,0.01,1
15548,true,0.01,1
15550,true,0.01,1
15552,true,0.01,1
15555,true,0.01,1
15557,true,0.01,1
15559,true,0.01,1
15561,true,0.01,1
15563,true,0.01,1
15565,true,0.01,1
15567,true,0.01,1
15569,true,0.01,1
15571,true,0.01,1
15573,true,0.01,1
15575,true,0.01,1
15577,true,0.01,1
15579,true,0.01,1
15581,false,0.01,1
15583,true,0.01,1
15585,true,0.01,1
15587,true,0.01,1
15589,false,0.01,1
15591,true,0.01,1
15593,true,0.01,1
15595,true,0.01,1
15597,true,0.01,1
15599,false,0.01,1
15601,true,0.01,1
15603,true,0.01,1
15605,true,0.01,1
15607,true,0.01,1
15609,true,0.01,1
15610,true,0.01,1
15612,true,0.01,1
15615,true,0.01,1
15617,true,0.01,1
15619,true,0.01,1
15621,true,0.01,1
15623,true,0.01,1
15625,true,0.01,1
15627,true,0.01,1
15629,true,0.01,1
15631,true,0.01,1
15633,true,0.01,1
15635,true,0.01,1
15637,true,0.01,1
15638,true,0.01,1
15641,true,0.01,1
15643,true,0.01,1
15645,true,0.01,1
15646,true,0.01,1
15648,true,0.01,1
15650,true,0.01,1
15652,true,0.01,1
15654,true,0.01,1
15656,true,0.01,1
15658,true,0.01,1
15660,true,0.01,1
15662,true,0.01,1
15664,true,0.01,1
15666,true,0.01,1
15669,true,0.01,1
15671,true,0.01,1
15673,true,0.01,1
15675,true,0.01,1
15677,true,0.01,1
15679,true,0.01,1
15681,true,0.01,1
15683,true,0.01,1
15685,true,0.01,1
15687,true,0.01,1
15689,true,0.01,1
15691,true,0.01,1
15693,true,0.01,1
15695,true,0.01,1
15697,true,0.01,1
15699,true,0.01,1
15701,true,0.01,1
15703,true,0.01,1
15705,true,0.01,1
15707,true,0.01,1
15709,true,0.01,1
15711,true,0.01,1
15713,true,0.01,1
15715,false,0.01,1
15717,true,0.01,1
15719,true,0.01,1
15721,false,0.01,1
15723,false,0.01,1
15725,true,0.01,1
15727,true,0.01,1
15729,true,0.01,1
15731,true,0.01,1
15733,false,0.01,1
15735,true,0.01,1
15737,true,0.01,1
15739,true,0.01,1
15741,false,0.01,1
15743,true,0.01,1
15745,true,0.01,1
15747,true,0.01,1
15749,true,0.01,1
15751,true,0.01,1
15753,true,0.01,1
15755,true,0.01,1
15757,true,0.01,1
15759,false,0.01,1
15762,true,0.01,1
15764,true,0.01,1
15765,true,0.01,1
15767,true,0.01,1
15769,true,0.01,1
15771,true,0.01,1
15773,true,0.01,1
15775,true,0.01,1
15777,true,0.01,1
15779,true,0.01,1
15781,true,0.01,1
15783,true,0.01,1
15785,true,0.01,1
15787,true,0.01,1
15789,true,0.01,1
15791,true,0.01,1
15793,true,0.01,1
15795,true,0.01,1
15797,true,0.01,1
15799,true,0.01,1
15801,true,0.01,1
15803,true,0.01,1
15805,true,0.01,1
15807,true,0.01,1
15809,true,0.01,1
15811,true,0.01,1
15813,true,0.01,1
15815,true,0.01,1
15817,true,0.01,1
15819,true,0.01,1
15821,true,0.01,1
15823,false,0.01,1
15826,true,0.01,1
15828,true,0.01,1
15830,true,0.01,1
15831,true,0.01,1
15834,true,0.01,1
15835,true,0.01,1
15837,true,0.01,1
15839,true,0.01,1
15841,true,0.01,1
15843,true,0.01,1
15845,true,0.01,1
15847,true,0.01,1
15849,true,0.01,1
15851,true,0.01,1
15853,true,0.01,1
15855,true,0.01,1
15857,true,0.01,1
15859,true,0.01,1
15861,true,0.01,1
15863,true,0.01,1
15865,true,0.01,1
15867,true,0.01,1
15870,true,0.01,1
15871,true,0.01,1
15874,true,0.01,1
15876,true,0.01,1
15878,true,0.01,1
15880,true,0.01,1
15882,true,0.01,1
15884,true,0.01,1
15886,true,0.01,1
15888,true,0.01,1
15889,true,0.01,1
15892,true,0.01,1
15894,true,0.01,1
15896,true,0.01,1
15898,true,0.01,1
15900,true,0.01,1
15902,true,0.01,1
15904,true,0.01,1
15906,true,0.01,1
15908,true,0.01,1
15910,true,0.01,1
15912,true,0.01,1
15914,true,0.01,1
15916,true,0.01,1
15918,true,0.01,1
15920,true,0.01,1
15922,true,0.01,1
15924,true,0.01,1
15926,true,0.01,1
15928,true,0.01,1
15930,true,0.01,1
15932,true,0.01,1
15934,true,0.01,1
15936,true,0.01,1
15938,true,0.01,1
15940,true,0.01,1
15942,true,0.01,1
15944,true,0.01,1
15946,true,0.01,1
15948,true,0.01,1
15950,true,0.01,1
15952,true,0.01,1
15954,true,0.01,1
15956,true,0.01,1
15958,false,0.01,1
15960,true,0.01,1
15962,true,0.01,1
15964,false,0.01,1
15966,false,0.01,1
15968,false,0.01,1
15970,true,0.01,1
15972,false,0.01,1
15974,false,0.01,1
15976,false,0.01,1
15978,true,0.01,1
15980,true,0.01,1
15982,false,0.01,1
15984,false,0.01,1
15986,true,0.01,1
15988,true,0.01,1
15990,false,0.01,1
15992,false,0.01,1
15994,true,0.01,1
15996,true,0.01,1
15998,true,0.01,1
16000,false,0.01,1
16002,false,0.01,1
16004,true,0.01,1
16006,true,0.01,1
16008,true,0.01,1
16010,true,0.01,1
16012,true,0.01,1
16013,true,0.01,1
16015,true,0.01,1
16017,true,0.01,1
16019,true,0.01,1
16021,true,0.01,1
16023,true,0.01,1
16025,true,0.01,1
16027,true,0.01,1
16029,false,0.01,1
16031,true,0.01,1
16033,true,0.01,1
16035,true,0.01,1
16037,true,0.01,1
16039,false,0.01,1
16041,true,0.01,1
16042,true,0.01,1
16044,true,0.01,1
16046,true,0.01,1
16048,false,0.01,1
16050,true,0.01,1
16052,true,0.01,1
16055,true,0.01,1
16056,true,0.01,1
16059,true,0.01,1
16061,true,0.01,1
16063,true,0.01,1
16065,true,0.01,1
16067,true,0.01,1
16070,true,0.01,1
16072,true,0.01,1
16074,true,0.01,1
16076,true,0.01,1
16079,true,0.01,1
16081,true,0.01,1
16083,true,0.01,1
16085,true,0.01,1
16088,true,0.01,1
16090,true,0.01,1
16092,true,0.01,1
16094,true,0.01,1
16096,true,0.01,1
16098,true,0.01,1
16100,true,0.01,1
16102,false,0.01,1
16104,true,0.01,1
16105,true,0.01,1
16107,true,0.01,1
16109,true,0.01,1
16111,false,0.01,1
16113,true,0.01,1
16114,true,0.01,1
16116,true,0.01,1
16118,true,0.01,1
16120,true,0.01,1
16122,true,0.01,1
16124,true,0.01,1
16126,true,0.01,1
16128,true,0.01,1
16130,true,0.01,1
16132,true,0.01,1
16134,true,0.01,1
16136,true,0.01,1
16138,true,0.01,1
16140,true,0.01,1
16142,true,0.01,1
16144,true,0.01,1
16146,true,0.01,1
16148,true,0.01,1
16150,true,0.01,1
16152,true,0.01,1
16154,true,0.01,1
16156,true,0.01,1
16158,true,0.01,1
16160,true,0.01,1
16162,true,0.01,1
16164,true,0.01,1
16166,true,0.01,1
16168,true,0.01,1
16170,true,0.01,1
16172,true,0.01,1
16174,true,0.01,1
16176,true,0.01,1
16178,true,0.01,1
16180,true,0.01,1
16182,true,0.01,1
16184,true,0.01,1
16186,true,0.01,1
16188,true,0.01,1
16190,true,0.01,1
16192,true,0.01,1
16194,true,0.01,1
16196,true,0.01,1
16198,true,0.01,1
16200,true,0.01,1
16202,true,0.01,1
16204,true,0.01,1
16206,true,0.01,1
16208,true,0.01,1
16210,true,0.01,1
16212,true,0.01,1
16214,true,0.01,1
16216,true,0.01,1
16218,true,0.01,1
16220,true,0.01,1
16222,true,0.01,1
16224,true,0.01,1
16226,true,0.01,1
16229,true,0.01,1
16236,true,0.01,1
16247,true,0.01,1
16258,true,0.01,1
16268,true,0.01,1
16276,true,0.01,1
16287,true,0.01,1
16298,true,0.01,1
16308,true,0.01,1
16319,true,0.01,1
16332,true,0.01,1
16342,true,0.01,1
16352,true,0.01,1
16362,true,0.01,1
16372,true,0.01,1
16382,true,0.01,1
16395,true,0.01,1
16406,true,0.01,1
16416,true,0.01,1
16426,true,0.01,1
16437,true,0.01,1
16444,true,0.01,1
16455,true,0.01,1
16464,true,0.01,1
16476,false,0.01,1
16486,true,0.01,1
16495,true,0.01,1
16508,true,0.01,1
16518,true,0.01,1
16528,true,0.01,1
16538,true,0.01,1
16549,true,0.01,1
16560,true,0.01,1
16570,false,0.01,1
16579,true,0.01,1
16591,true,0.01,1
16601,true,0.01,1
16613,false,0.01,1
16623,true,0.01,1
16633,true,0.01,1
16643,true,0.01,1
16654,true,0.01,1
16664,true,0.01,1
16673,true,0.01,1
16682,true,0.01,1
16690,false,0.01,1
16702,false,0.01,1
16711,false,0.01,1
16721,false,0.01,1
16730,false,0.01,1
16740,true,0.01,1
16746,false,0.01,1
16758,true,0.01,1
16766,true,0.01,1
16774,false,0.01,1
16783,false,0.01,1
16792,false,0.01,1
16801,false,0.01,1
16807,true,0.01,1
16814,false,0.01,1
16829,false,0.01,1
16838,false,0.01,1
16846,false,0.01,1
16852,true,0.01,1
16864,false,0.01,1
16871,true,0.01,1
16879,true,0.01,1
16887,true,0.01,1
16893,true,0.01,1
16907,true,0.01,1
16916,true,0.01,1
16925,true,0.01,1
16934,true,0.01,1
16945,false,0.01,1
16951,true,0.01,1
16961,true,0.01,1
16969,true,0.01,1
16979,true,0.01,1
16990,true,0.01,1
17002,true,0.01,1
17009,true,0.01,1
17020,false,0.01,1
17033,false,0.01,1
17041,false,0.01,1
17046,true,0.01,1
17063,false,0.01,1
17070,false,0.01,1
17075,true,0.01,1
17089,false,0.01,1
17093,false,0.01,1
17101,true,0.01,1
17110,true,0.01,1
17119,true,0.01,1
17129,true,0.01,1
17138,true,0.01,1
17148,true,0.01,1
17156,true,0.01,1
17169,false,0.01,1
17173,true,0.01,1
17189,false,0.01,1
17193,false,0.01,1
17207,false,0.01,1
17213,false,0.01,1
17225,false,0.01,1
17235,true,0.01,1
17246,true,0.01,1
17255,false,0.01,1
17261,false,0.01,1
17270,false,0.01,1
17278,false,0.01,1
17286,false,0.01,1
17296,false,0.01,1
17303,false,0.01,1
17313,false,0.01,1
17316,false,0.01,1
17333,false,0.01,1
17342,false,0.01,1
17349,false,0.01,1
17354,true,0.01,1
17364,false,0.01,1
17371,true,0.01,1
17383,false,0.01,1
17391,false,0.01,1
17403,false,0.01,1
17407,true,0.01,1
17420,false,0.01,1
17425,true,0.01,1
17437,false,0.01,1
17444,true,0.01,1
17452,true,0.01,1
17460,true,0.01,1
17468,false,0.01,1
17472,false,0.01,1
17480,true,0.01,1
17488,true,0.01,1
17496,false,0.01,1
17505,true,0.01,1
17514,true,0.01,1
17522,true,0.01,1
17531,true,0.01,1
17539,true,0.01,1
17547,true,0.01,1
17555,true,0.01,1
17562,true,0.01,1
17570,true,0.01,1
17578,true,0.01,1
17586,true,0.01,1
17594,true,0.01,1
17602,true,0.01,1
17609,true,0.01,1
17618,true,0.01,1
17624,true,0.01,1
17634,true,0.01,1
17642,true,0.01,1
17650,true,0.01,1
17658,false,0.01,1
17668,true,0.01,1
17675,true,0.01,1
17683,true,0.01,1
17691,true,0.01,1
17699,true,0.01,1
17707,true,0.01,1
17715,true,0.01,1
17723,true,0.01,1
17731,true,0.01,1
17739,false,0.01,1
17747,true,0.01,1
17755,true,0.01,1
17763,true,0.01,1
17772,true,0.01,1
17779,true,0.01,1
17787,true,0.01,1
17795,false,0.01,1
17803,true,0.01,1
17811,true,0.01,1
17820,true,0.01,1
17827,true,0.01,1
17837,true,0.01,1
17846,true,0.01,1
17855,true,0.01,1
17863,true,0.01,1
17871,true,0.01,1
17879,true,0.01,1
17887,true,0.01,1
17895,true,0.01,1
17904,true,0.01,1
#---------- Wed Nov 30 06:12:42 PST 2022 ----------
#Format: Task Counter Number,Did Simulation Succeed,Last Step Size Used,Number of Simulations Attempted
22554,true,0.01,1
22564,true,0.01,1
22573,true,0.01,1
22584,true,0.01,1
22593,true,0.01,1
22603,true,0.01,1
22612,true,0.01,1
22622,true,0.01,1
22637,false,0.01,1
22641,true,0.01,1
22653,true,0.01,1
22666,true,0.01,1
22677,true,0.01,1
22684,true,0.01,1
22695,true,0.01,1
22704,true,0.01,1
22714,true,0.01,1
22724,true,0.01,1
22734,true,0.01,1
22744,true,0.01,1
22756,true,0.01,1
22763,true,0.01,1
22775,true,0.01,1
22786,false,0.01,1
22796,false,0.01,1
22807,true,0.01,1
22817,true,0.01,1
22824,true,0.01,1
22831,true,0.01,1
22843,true,0.01,1
22856,true,0.01,1
22864,true,0.01,1
22875,true,0.01,1
22886,true,0.01,1
22896,true,0.01,1
22910,true,0.01,1
22921,true,0.01,1
22927,true,0.01,1
22940,false,0.01,1
22946,true,0.01,1
22958,false,0.01,1
22965,false,0.01,1
22973,true,0.01,1
22984,false,0.01,1
22998,true,0.01,1
23003,true,0.01,1
23013,true,0.01,1
23027,true,0.01,1
23039,false,0.01,1
23045,true,0.01,1
23057,false,0.01,1
23066,false,0.01,1
23078,true,0.01,1
23085,false,0.01,1
23094,false,0.01,1
23103,false,0.01,1
23111,true,0.01,1
23121,true,0.01,1
23134,true,0.01,1
23141,true,0.01,1
23157,true,0.01,1
23167,true,0.01,1
23179,true,0.01,1
23189,true,0.01,1
23201,false,0.01,1
23209,false,0.01,1
23217,false,0.01,1
23226,false,0.01,1
23236,false,0.01,1
23246,false,0.01,1
23256,true,0.01,1
23266,true,0.01,1
23279,false,0.01,1
23291,false,0.01,1
23296,true,0.01,1
23309,false,0.01,1
23317,false,0.01,1
23325,false,0.01,1
23334,false,0.01,1
23345,false,0.01,1
23355,false,0.01,1
23365,true,0.01,1
23375,false,0.01,1
23391,true,0.01,1
23401,true,0.01,1
23411,false,0.01,1
23426,false,0.01,1
23434,false,0.01,1
23440,false,0.01,1
23452,false,0.01,1
23462,false,0.01,1
23472,true,0.01,1
23482,true,0.01,1
23492,false,0.01,1
23505,false,0.01,1
23511,true,0.01,1
23527,true,0.01,1
23538,true,0.01,1
23547,true,0.01,1
23557,true,0.01,1
23567,true,0.01,1
23577,false,0.01,1
23587,false,0.01,1
23597,false,0.01,1
23605,false,0.01,1
23609,false,0.01,1
23625,true,0.01,1
23635,false,0.01,1
23644,true,0.01,1
23655,false,0.01,1
23662,true,0.01,1
23677,false,0.01,1
23683,false,0.01,1
23689,true,0.01,1
23700,false,0.01,1
23706,true,0.01,1
23714,false,0.01,1
23722,false,0.01,1
23732,false,0.01,1
23742,true,0.01,1
23752,true,0.01,1
23762,true,0.01,1
23772,false,0.01,1
23784,false,0.01,1
23792,false,0.01,1
23801,false,0.01,1
23813,false,0.01,1
23822,false,0.01,1
23832,true,0.01,1
23842,true,0.01,1
23853,false,0.01,1
23865,false,0.01,1
23872,false,0.01,1
23881,false,0.01,1
23895,true,0.01,1
23905,true,0.01,1
23916,false,0.01,1
23927,false,0.01,1
23937,false,0.01,1
23948,false,0.01,1
23958,true,0.01,1
23968,true,0.01,1
23978,false,0.01,1
23988,false,0.01,1
23997,false,0.01,1
24009,false,0.01,1
24018,false,0.01,1
24026,false,0.01,1
24038,false,0.01,1
24048,true,0.01,1
24058,false,0.01,1
24068,false,0.01,1
24077,false,0.01,1
24087,true,0.01,1
24097,true,0.01,1
24108,true,0.01,1
24119,true,0.01,1
24127,true,0.01,1
24138,true,0.01,1
24148,true,0.01,1
24159,true,0.01,1
24168,true,0.01,1
24178,true,0.01,1
24188,true,0.01,1
24197,true,0.01,1
24209,true,0.01,1
24219,true,0.01,1
24229,true,0.01,1
24239,true,0.01,1
24249,true,0.01,1
24258,true,0.01,1
24267,true,0.01,1
24277,true,0.01,1
24287,true,0.01,1
24297,true,0.01,1
24311,false,0.01,1
24314,true,0.01,1
24323,true,0.01,1
24335,true,0.01,1
24348,true,0.01,1
24358,true,0.01,1
24368,true,0.01,1
24377,true,0.01,1
24384,true,0.01,1
24394,true,0.01,1
24404,true,0.01,1
24414,true,0.01,1
24424,true,0.01,1
24434,true,0.01,1
24444,true,0.01,1
24455,true,0.01,1
24465,true,0.01,1
24474,true,0.01,1
24481,true,0.01,1
24494,true,0.01,1
24505,true,0.01,1
24514,true,0.01,1
24524,true,0.01,1
24534,true,0.01,1
24544,false,0.01,1
24554,false,0.01,1
24563,true,0.01,1
24573,true,0.01,1
24584,true,0.01,1
24594,true,0.01,1
24605,true,0.01,1
24616,false,0.01,1
24626,true,0.01,1
24637,true,0.01,1
24647,true,0.01,1
24657,true,0.01,1
24667,true,0.01,1
24676,true,0.01,1
24687,true,0.01,1
24697,true,0.01,1
24706,false,0.01,1
24718,true,0.01,1
24728,true,0.01,1
24737,true,0.01,1
24748,false,0.01,1
24759,true,0.01,1
24769,true,0.01,1
24781,true,0.01,1
24789,true,0.01,1
24799,true,0.01,1
24814,false,0.01,1
24820,true,0.01,1
24832,true,0.01,1
24844,true,0.01,1
24854,true,0.01,1
24869,false,0.01,1
24877,false,0.01,1
24891,true,0.01,1
24899,true,0.01,1
24909,false,0.01,1
24919,true,0.01,1
24930,true,0.01,1
24940,false,0.01,1
24951,true,0.01,1
24960,true,0.01,1
24970,true,0.01,1
24980,true,0.01,1
24990,true,0.01,1
25002,true,0.01,1
25012,true,0.01,1
25022,true,0.01,1
25033,true,0.01,1
25049,false,0.01,1
25052,true,0.01,1
25064,true,0.01,1
25076,false,0.01,1
25080,true,0.01,1
25090,true,0.01,1
25099,true,0.01,1
25106,true,0.01,1
25119,true,0.01,1
25129,true,0.01,1
25142,true,0.01,1
25152,true,0.01,1
25163,true,0.01,1
25172,true,0.01,1
25182,true,0.01,1
25192,true,0.01,1
25202,true,0.01,1
25214,true,0.01,1
25224,true,0.01,1
25233,true,0.01,1
25243,true,0.01,1
25253,true,0.01,1
25263,true,0.01,1
25273,false,0.01,1
25281,true,0.01,1
25294,true,0.01,1
25304,true,0.01,1
25318,false,0.01,1
25324,true,0.01,1
25335,true,0.01,1
25347,true,0.01,1
25357,true,0.01,1
25367,false,0.01,1
25380,true,0.01,1
25390,true,0.01,1
25400,true,0.01,1
25411,true,0.01,1
25420,true,0.01,1
25428,true,0.01,1
25436,true,0.01,1
25449,false,0.01,1
25455,true,0.01,1
25469,false,0.01,1
25473,true,0.01,1
25486,false,0.01,1
25496,false,0.01,1
25504,false,0.01,1
25514,true,0.01,1
25526,false,0.01,1
25533,false,0.01,1
25537,true,0.01,1
25549,false,0.01,1
25562,false,0.01,1
25572,true,0.01,1
25587,false,0.01,1
25592,true,0.01,1
25604,false,0.01,1
25612,true,0.01,1
25624,true,0.01,1
25633,true,0.01,1
25646,true,0.01,1
25652,true,0.01,1
25664,true,0.01,1
25672,true,0.01,1
25680,true,0.01,1
25694,false,0.01,1
25698,true,0.01,1
25708,true,0.01,1
25718,true,0.01,1
25728,true,0.01,1
25738,true,0.01,1
25748,true,0.01,1
25758,false,0.01,1
25761,true,0.01,1
25774,false,0.01,1
25786,false,0.01,1
25791,false,0.01,1
25805,true,0.01,1
25815,true,0.01,1
25825,true,0.01,1
25837,false,0.01,1
25843,false,0.01,1
25857,true,0.01,1
25867,true,0.01,1
25877,true,0.01,1
25893,true,0.01,1
25903,true,0.01,1
25916,true,0.01,1
25925,false,0.01,1
25934,false,0.01,1
25946,false,0.01,1
25951,true,0.01,1
25964,false,0.01,1
25969,true,0.01,1
25983,true,0.01,1
25993,true,0.01,1
26003,false,0.01,1
26013,true,0.01,1
26023,true,0.01,1
26034,false,0.01,1
26042,true,0.01,1
26056,true,0.01,1
26066,true,0.01,1
26084,false,0.01,1
26092,true,0.01,1
26101,true,0.01,1
26116,false,0.01,1
26124,false,0.01,1
26129,true,0.01,1
26145,true,0.01,1
26156,true,0.01,1
26170,false,0.01,1
26175,true,0.01,1
26190,true,0.01,1
26200,true,0.01,1
26210,true,0.01,1
26222,false,0.01,1
26230,false,0.01,1
26243,false,0.01,1
26252,true,0.01,1
26262,true,0.01,1
26272,false,0.01,1
26282,true,0.01,1
26298,true,0.01,1
26308,true,0.01,1
26317,true,0.01,1
26327,true,0.01,1
26337,true,0.01,1
26346,true,0.01,1
26356,true,0.01,1
26365,true,0.01,1
26377,true,0.01,1
26387,true,0.01,1
26397,true,0.01,1
26407,true,0.01,1
26417,true,0.01,1
26426,true,0.01,1
26436,true,0.01,1
26445,true,0.01,1
26455,true,0.01,1
26465,true,0.01,1
26475,true,0.01,1
26490,true,0.01,1
26499,true,0.01,1
26507,false,0.01,1
26520,true,0.01,1
26530,true,0.01,1
26539,true,0.01,1
26545,true,0.01,1
26554,true,0.01,1
26563,true,0.01,1
26572,true,0.01,1
26582,true,0.01,1
26592,true,0.01,1
26601,true,0.01,1
26611,true,0.01,1
26621,true,0.01,1
26633,true,0.01,1
26644,true,0.01,1
26652,true,0.01,1
26662,true,0.01,1
26672,true,0.01,1
26682,true,0.01,1
26692,true,0.01,1
26702,true,0.01,1
26712,true,0.01,1
26722,true,0.01,1
26731,true,0.01,1
26745,true,0.01,1
26754,true,0.01,1
26762,true,0.01,1
26771,true,0.01,1
26781,true,0.01,1
26791,true,0.01,1
26799,true,0.01,1
26811,true,0.01,1
26821,true,0.01,1
26831,true,0.01,1
26841,true,0.01,1
26851,true,0.01,1
26861,true,0.01,1
26872,true,0.01,1
26881,true,0.01,1
26892,false,0.01,1
26902,false,0.01,1
26911,false,0.01,1
26920,true,0.01,1
26930,true,0.01,1
26940,true,0.01,1
26947,true,0.01,1
26955,true,0.01,1
26962,true,0.01,1
26969,true,0.01,1
26977,true,0.01,1
26985,true,0.01,1
26993,true,0.01,1
27004,true,0.01,1
27007,true,0.01,1
27015,true,0.01,1
27023,true,0.01,1
27031,true,0.01,1
27036,true,0.01,1
27045,true,0.01,1
27058,true,0.01,1
27066,true,0.01,1
27073,true,0.01,1
27080,true,0.01,1
27091,true,0.01,1
27099,true,0.01,1
27104,true,0.01,1
27112,true,0.01,1
27120,true,0.01,1
27126,true,0.01,1
27134,true,0.01,1
27142,true,0.01,1
27150,true,0.01,1
27158,true,0.01,1
27166,true,0.01,1
27175,true,0.01,1
27183,true,0.01,1
27190,true,0.01,1
27197,true,0.01,1
27205,true,0.01,1
27214,true,0.01,1
27221,true,0.01,1
27230,true,0.01,1
27238,true,0.01,1
27243,true,0.01,1
27255,true,0.01,1
27260,true,0.01,1
27267,true,0.01,1
27276,true,0.01,1
27286,true,0.01,1
27293,true,0.01,1
27299,true,0.01,1
27307,true,0.01,1
27315,true,0.01,1
27325,true,0.01,1
27332,true,0.01,1
27340,true,0.01,1
27350,true,0.01,1
27358,true,0.01,1
27367,true,0.01,1
27378,true,0.01,1
27387,true,0.01,1
27397,true,0.01,1
27406,true,0.01,1
27418,true,0.01,1
27428,true,0.01,1
27437,true,0.01,1
27446,true,0.01,1
27455,true,0.01,1
27464,true,0.01,1
27474,true,0.01,1
27484,true,0.01,1
27495,true,0.01,1
27507,true,0.01,1
27514,true,0.01,1
27525,true,0.01,1
27533,true,0.01,1
27546,true,0.01,1
27556,true,0.01,1
27565,true,0.01,1
27577,true,0.01,1
27584,true,0.01,1
27596,true,0.01,1
27605,true,0.01,1
27618,true,0.01,1
27628,false,0.01,1
27636,false,0.01,1
27646,false,0.01,1
27656,false,0.01,1
27666,true,0.01,1
27675,true,0.01,1
27681,false,0.01,1
27695,true,0.01,1
27704,false,0.01,1
27713,false,0.01,1
27723,false,0.01,1
27732,true,0.01,1
27739,true,0.01,1
27755,false,0.01,1
27765,false,0.01,1
27776,false,0.01,1
27786,true,0.01,1
27796,true,0.01,1
27805,true,0.01,1
27815,true,0.01,1
27825,false,0.01,1
27835,false,0.01,1
27845,true,0.01,1
27855,true,0.01,1
27865,true,0.01,1
27875,true,0.01,1
27885,true,0.01,1
27894,true,0.01,1
27905,true,0.01,1
27915,false,0.01,1
27930,true,0.01,1
27936,true,0.01,1
27944,true,0.01,1
27958,false,0.01,1
27969,false,0.01,1
27974,true,0.01,1
27986,false,0.01,1
27999,true,0.01,1
28009,true,0.01,1
28019,true,0.01,1
28029,false,0.01,1
28043,false,0.01,1
28052,false,0.01,1
28057,true,0.01,1
28067,true,0.01,1
28077,false,0.01,1
28087,false,0.01,1
28097,false,0.01,1
28107,true,0.01,1
28117,true,0.01,1
28129,true,0.01,1
28141,false,0.01,1
28148,true,0.01,1
28163,true,0.01,1
28169,false,0.01,1
28179,true,0.01,1
28187,true,0.01,1
28202,false,0.01,1
28210,false,0.01,1
28222,false,0.01,1
28228,false,0.01,1
28237,true,0.01,1
28248,false,0.01,1
28256,true,0.01,1
28267,false,0.01,1
28278,true,0.01,1
28288,true,0.01,1
28298,false,0.01,1
28308,true,0.01,1
28318,true,0.01,1
28328,true,0.01,1
28338,false,0.01,1
28348,false,0.01,1
28358,false,0.01,1
28368,true,0.01,1
28378,true,0.01,1
28386,true,0.01,1
28396,true,0.01,1
28404,true,0.01,1
28412,false,0.01,1
28420,false,0.01,1
28430,false,0.01,1
28439,true,0.01,1
28449,true,0.01,1
28459,true,0.01,1
28469,false,0.01,1
28479,true,0.01,1
28489,true,0.01,1
28503,true,0.01,1
28514,true,0.01,1
28526,true,0.01,1
28535,true,0.01,1
28545,true,0.01,1
28555,true,0.01,1
28565,true,0.01,1
28575,true,0.01,1
28585,true,0.01,1
28595,true,0.01,1
28604,true,0.01,1
28614,true,0.01,1
28622,true,0.01,1
28630,true,0.01,1
28639,true,0.01,1
28651,true,0.01,1
28660,true,0.01,1
28666,true,0.01,1
28678,true,0.01,1
28684,true,0.01,1
28693,true,0.01,1
28704,true,0.01,1
28713,true,0.01,1
28723,true,0.01,1
28731,true,0.01,1
28745,true,0.01,1
28754,true,0.01,1
28763,true,0.01,1
28770,true,0.01,1
28777,true,0.01,1
28785,true,0.01,1
28792,true,0.01,1
28802,true,0.01,1
28813,true,0.01,1
28821,true,0.01,1
28829,true,0.01,1
28839,true,0.01,1
28847,true,0.01,1
28861,true,0.01,1
28867,true,0.01,1
28874,true,0.01,1
28886,true,0.01,1
28896,true,0.01,1
28905,true,0.01,1
28914,true,0.01,1
28922,true,0.01,1
28933,true,0.01,1
28943,true,0.01,1
28952,true,0.01,1
28960,true,0.01,1
28970,true,0.01,1
28976,true,0.01,1
28984,true,0.01,1
28997,true,0.01,1
29005,true,0.01,1
29012,true,0.01,1
29020,true,0.01,1
29028,true,0.01,1
29034,true,0.01,1
29047,true,0.01,1
29056,true,0.01,1
29064,true,0.01,1
29073,true,0.01,1
29084,true,0.01,1
29095,false,0.01,1
29100,true,0.01,1
29111,true,0.01,1
29123,false,0.01,1
29133,true,0.01,1
29141,true,0.01,1
29151,true,0.01,1
29161,false,0.01,1
29168,true,0.01,1
29179,false,0.01,1
29185,true,0.01,1
29200,true,0.01,1
29210,true,0.01,1
29218,true,0.01,1
29228,true,0.01,1
29241,true,0.01,1
29252,true,0.01,1
29263,true,0.01,1
29272,true,0.01,1
29283,true,0.01,1
29295,true,0.01,1
29305,true,0.01,1
29316,true,0.01,1
29326,true,0.01,1
29335,true,0.01,1
29345,true,0.01,1
29354,true,0.01,1
29365,true,0.01,1
29375,true,0.01,1
29386,true,0.01,1
29392,true,0.01,1
29403,false,0.01,1
29410,true,0.01,1
29421,false,0.01,1
29433,true,0.01,1
29441,true,0.01,1
29454,true,0.01,1
29463,true,0.01,1
29472,true,0.01,1
29480,true,0.01,1
29492,false,0.01,1
29501,true,0.01,1
29509,true,0.01,1
29518,true,0.01,1
29528,true,0.01,1
29538,true,0.01,1
29548,true,0.01,1
29558,true,0.01,1
29571,false,0.01,1
29577,true,0.01,1
29588,true,0.01,1
29597,true,0.01,1
29607,false,0.01,1
29614,true,0.01,1
29625,false,0.01,1
29638,true,0.01,1
29646,false,0.01,1
29656,false,0.01,1
29664,true,0.01,1
29675,true,0.01,1
29687,true,0.01,1
29696,true,0.01,1
29705,true,0.01,1
29716,true,0.01,1
29723,true,0.01,1
29734,false,0.01,1
29743,false,0.01,1
29751,false,0.01,1
29761,false,0.01,1
29770,false,0.01,1
29780,true,0.01,1
29790,true,0.01,1
29800,true,0.01,1
29813,false,0.01,1
29824,false,0.01,1
29830,true,0.01,1
29843,false,0.01,1
29850,false,0.01,1
29857,true,0.01,1
29872,true,0.01,1
29876,true,0.01,1
29888,false,0.01,1
29899,true,0.01,1
29912,true,0.01,1
29920,false,0.01,1
29927,false,0.01,1
29944,true,0.01,1
29954,true,0.01,1
29964,true,0.01,1
29973,true,0.01,1
29985,false,0.01,1
29991,false,0.01,1
30002,false,0.01,1
30012,false,0.01,1
30022,false,0.01,1
30032,false,0.01,1
30042,true,0.01,1
30052,true,0.01,1
30064,true,0.01,1
30074,true,0.01,1
30085,false,0.01,1
30095,false,0.01,1
30105,true,0.01,1
30114,true,0.01,1
30122,false,0.01,1
30132,true,0.01,1
30148,false,0.01,1
30155,false,0.01,1
30162,true,0.01,1
30173,false,0.01,1
30185,false,0.01,1
30195,true,0.01,1
30205,true,0.01,1
30215,false,0.01,1
30224,true,0.01,1
30240,true,0.01,1
30250,true,0.01,1
30260,true,0.01,1
30269,true,0.01,1
30278,true,0.01,1
30289,true,0.01,1
30302,false,0.01,1
30307,false,0.01,1
30321,true,0.01,1
30331,true,0.01,1
30341,true,0.01,1
30350,true,0.01,1
30360,true,0.01,1
30370,true,0.01,1
30380,false,0.01,1
30388,false,0.01,1
30395,true,0.01,1
30410,false,0.01,1
30413,false,0.01,1
30429,true,0.01,1
30439,true,0.01,1
30449,true,0.01,1
30459,false,0.01,1
30474,true,0.01,1
30484,true,0.01,1
30494,true,0.01,1
30504,true,0.01,1
30513,false,0.01,1
30524,false,0.01,1
30534,false,0.01,1
30542,false,0.01,1
30555,true,0.01,1
30565,true,0.01,1
30575,true,0.01,1
30585,false,0.01,1
30595,false,0.01,1
30605,false,0.01,1
30615,false,0.01,1
30625,true,0.01,1
30634,true,0.01,1
30642,false,0.01,1
30657,true,0.01,1
30667,true,0.01,1
30677,true,0.01,1
30687,true,0.01,1
30697,true,0.01,1
30706,true,0.01,1
30716,true,0.01,1
30726,true,0.01,1
30738,true,0.01,1
30747,true,0.01,1
30756,true,0.01,1
30766,true,0.01,1
30775,true,0.01,1
30786,true,0.01,1
30796,true,0.01,1
30806,true,0.01,1
30816,true,0.01,1
30826,true,0.01,1
30836,true,0.01,1
30846,true,0.01,1
30857,true,0.01,1
30867,true,0.01,1
30876,true,0.01,1
30887,true,0.01,1
30899,false,0.01,1
30904,true,0.01,1
30916,false,0.01,1
30923,true,0.01,1
30933,false,0.01,1
30946,true,0.01,1
30956,true,0.01,1
30966,true,0.01,1
30976,true,0.01,1
30986,true,0.01,1
30996,true,0.01,1
31006,true,0.01,1
31015,true,0.01,1
31025,true,0.01,1
31035,true,0.01,1
31043,true,0.01,1
31053,true,0.01,1
31063,true,0.01,1
31073,true,0.01,1
31080,true,0.01,1
31090,true,0.01,1
31100,true,0.01,1
31109,true,0.01,1
31123,true,0.01,1
31133,false,0.01,1
31142,false,0.01,1
31151,false,0.01,1
31161,true,0.01,1
31171,true,0.01,1
31183,true,0.01,1
31192,true,0.01,1
31202,true,0.01,1
31212,true,0.01,1
31225,true,0.01,1
31235,true,0.01,1
31244,true,0.01,1
31254,true,0.01,1
31265,true,0.01,1
31274,false,0.01,1
31282,false,0.01,1
31292,true,0.01,1
31301,true,0.01,1
31311,false,0.01,1
31321,true,0.01,1
31331,true,0.01,1
31341,true,0.01,1
31351,true,0.01,1
31363,true,0.01,1
31373,true,0.01,1
31385,false,0.01,1
31389,true,0.01,1
31399,true,0.01,1
31410,true,0.01,1
31422,true,0.01,1
31432,true,0.01,1
31444,true,0.01,1
31453,true,0.01,1
31460,true,0.01,1
31469,true,0.01,1
31480,true,0.01,1
31490,true,0.01,1
31499,true,0.01,1
31509,true,0.01,1
31519,true,0.01,1
31529,true,0.01,1
31540,true,0.01,1
31549,true,0.01,1
31559,true,0.01,1
31569,true,0.01,1
31578,true,0.01,1
31589,true,0.01,1
31599,true,0.01,1
31611,true,0.01,1
31621,true,0.01,1
31631,true,0.01,1
31641,true,0.01,1
31651,true,0.01,1
31660,true,0.01,1
31668,true,0.01,1
31676,false,0.01,1
31683,true,0.01,1
31697,true,0.01,1
31703,true,0.01,1
31713,true,0.01,1
31721,true,0.01,1
31733,true,0.01,1
31743,true,0.01,1
31753,true,0.01,1
31764,true,0.01,1
31772,true,0.01,1
31783,true,0.01,1
31790,true,0.01,1
31804,true,0.01,1
31812,true,0.01,1
31818,true,0.01,1
31825,true,0.01,1
31839,true,0.01,1
31847,true,0.01,1
31859,true,0.01,1
31866,true,0.01,1
31874,true,0.01,1
31886,true,0.01,1
31893,true,0.01,1
31900,true,0.01,1
31911,true,0.01,1
31917,true,0.01,1
31926,true,0.01,1
31933,true,0.01,1
31942,false,0.01,1
31958,true,0.01,1
31967,true,0.01,1
31974,true,0.01,1
31981,true,0.01,1
31988,true,0.01,1
32002,false,0.01,1
32005,true,0.01,1
32018,true,0.01,1
32025,true,0.01,1
32032,true,0.01,1
32044,true,0.01,1
32051,true,0.01,1
32062,true,0.01,1
32068,true,0.01,1
32082,true,0.01,1
32090,false,0.01,1
32104,false,0.01,1
32106,false,0.01,1
32120,true,0.01,1
32126,true,0.01,1
32140,false,0.01,1
32145,true,0.01,1
32151,true,0.01,1
32164,true,0.01,1
32172,true,0.01,1
32181,true,0.01,1
32189,true,0.01,1
32193,true,0.01,1
32210,true,0.01,1
32218,true,0.01,1
32223,true,0.01,1
32230,true,0.01,1
32245,true,0.01,1
32255,true,0.01,1
32262,true,0.01,1
32272,true,0.01,1
32282,true,0.01,1
32290,true,0.01,1
32299,true,0.01,1
32308,true,0.01,1
32313,true,0.01,1
32319,false,0.01,1
32329,false,0.01,1
32337,false,0.01,1
32340,true,0.01,1
32354,false,0.01,1
32358,true,0.01,1
32373,false,0.01,1
32375,true,0.01,1
32392,false,0.01,1
32396,true,0.01,1
32406,false,0.01,1
32417,false,0.01,1
32425,true,0.01,1
32435,false,0.01,1
32441,true,0.01,1
32448,true,0.01,1
32454,true,0.01,1
32464,true,0.01,1
32479,true,0.01,1
32485,false,0.01,1
32492,false,0.01,1
32507,false,0.01,1
32515,false,0.01,1
32517,true,0.01,1
32533,false,0.01,1
32543,false,0.01,1
32552,false,0.01,1
32561,true,0.01,1
32570,false,0.01,1
32577,false,0.01,1
32590,false,0.01,1
32593,true,0.01,1
32604,true,0.01,1
32610,true,0.01,1
32621,true,0.01,1
32631,true,0.01,1
32636,true,0.01,1
32651,false,0.01,1
32657,false,0.01,1
32666,true,0.01,1
32674,true,0.01,1
32680,true,0.01,1
32695,false,0.01,1
32701,true,0.01,1
32709,true,0.01,1
32715,true,0.01,1
32732,false,0.01,1
32738,false,0.01,1
32744,true,0.01,1
32757,false,0.01,1
32760,true,0.01,1
32772,true,0.01,1
32782,true,0.01,1
32788,true,0.01,1
32796,true,0.01,1
32804,false,0.01,1
32812,true,0.01,1
32819,true,0.01,1
32828,true,0.01,1
32836,true,0.01,1
32843,true,0.01,1
32852,false,0.01,1
32858,true,0.01,1
32866,true,0.01,1
32874,true,0.01,1
32878,true,0.01,1
32888,true,0.01,1
32898,true,0.01,1
32905,true,0.01,1
32915,true,0.01,1
32924,true,0.01,1
32934,true,0.01,1
32940,true,0.01,1
32948,true,0.01,1
32956,true,0.01,1
32964,true,0.01,1
32972,true,0.01,1
32979,true,0.01,1
32985,false,0.01,1
32993,true,0.01,1
33001,true,0.01,1
33009,true,0.01,1
33017,true,0.01,1
33025,true,0.01,1
33033,true,0.01,1
33041,true,0.01,1
33049,true,0.01,1
33057,true,0.01,1
33065,true,0.01,1
33073,true,0.01,1
33081,true,0.01,1
33089,true,0.01,1
33096,true,0.01,1
33105,true,0.01,1
33111,true,0.01,1
33121,true,0.01,1
33128,true,0.01,1
33136,true,0.01,1
33144,true,0.01,1
33152,true,0.01,1
33160,true,0.01,1
33168,true,0.01,1
33174,true,0.01,1
33182,true,0.01,1
33190,true,0.01,1
33198,true,0.01,1
33206,true,0.01,1
33214,true,0.01,1
33222,true,0.01,1
33228,false,0.01,1
33236,true,0.01,1
33244,true,0.01,1
33252,true,0.01,1
33260,true,0.01,1
33268,true,0.01,1
33276,true,0.01,1
33284,true,0.01,1
33295,true,0.01,1
33303,true,0.01,1
33310,true,0.01,1
33317,true,0.01,1
33325,true,0.01,1
33333,true,0.01,1
33341,true,0.01,1
33349,true,0.01,1
33356,true,0.01,1
33363,true,0.01,1
33372,true,0.01,1
33380,true,0.01,1
33388,true,0.01,1
33396,true,0.01,1
33404,true,0.01,1
33412,true,0.01,1
33420,true,0.01,1
33427,true,0.01,1
33435,true,0.01,1
33443,true,0.01,1
33451,true,0.01,1
33459,true,0.01,1
33467,true,0.01,1
33475,true,0.01,1
33482,false,0.01,1
33491,false,0.01,1
33500,true,0.01,1
33507,false,0.01,1
33516,false,0.01,1
#---------- Wed Nov 30 17:31:05 PST 2022 ----------
#Format: Task Counter Number,Did Simulation Succeed,Last Step Size Used,Number of Simulations Attempted
43786,false,0.01,1
43794,false,0.01,1
43799,true,0.01,1
43808,false,0.01,1
43820,true,0.01,1
43833,true,0.01,1
43841,false,0.01,1
43846,true,0.01,1
43856,true,0.01,1
43866,true,0.01,1
43876,true,0.01,1
43887,true,0.01,1
43897,true,0.01,1
43907,false,0.01,1
43917,true,0.01,1
43926,true,0.01,1
43937,true,0.01,1
43946,true,0.01,1
43953,true,0.01,1
43963,true,0.01,1
43973,true,0.01,1
43983,false,0.01,1
43989,true,0.01,1
44000,true,0.01,1
44010,false,0.01,1
44015,true,0.01,1
44026,true,0.01,1
44036,true,0.01,1
44047,false,0.01,1
44056,false,0.01,1
44063,true,0.01,1
44075,true,0.01,1
44085,true,0.01,1
44096,true,0.01,1
44106,true,0.01,1
44116,true,0.01,1
44126,true,0.01,1
44136,true,0.01,1
44146,false,0.01,1
44156,false,0.01,1
44168,true,0.01,1
44179,true,0.01,1
44186,true,0.01,1
44198,true,0.01,1
44207,true,0.01,1
44216,true,0.01,1
44225,true,0.01,1
44232,false,0.01,1
44238,true,0.01,1
44251,true,0.01,1
44261,true,0.01,1
44268,true,0.01,1
44282,false,0.01,1
44289,false,0.01,1
44292,true,0.01,1
44303,true,0.01,1
44316,true,0.01,1
44326,true,0.01,1
44334,true,0.01,1
44344,true,0.01,1
44352,true,0.01,1
44361,true,0.01,1
44371,true,0.01,1
44379,true,0.01,1
44389,false,0.01,1
44398,false,0.01,1
44407,false,0.01,1
44418,true,0.01,1
44425,true,0.01,1
44436,true,0.01,1
44442,true,0.01,1
44454,true,0.01,1
44460,true,0.01,1
44469,true,0.01,1
44481,true,0.01,1
44493,true,0.01,1
44501,true,0.01,1
44512,true,0.01,1
44521,true,0.01,1
44531,true,0.01,1
44539,true,0.01,1
44547,true,0.01,1
44554,true,0.01,1
44562,true,0.01,1
44572,true,0.01,1
44582,true,0.01,1
44589,true,0.01,1
44597,false,0.01,1
44604,true,0.01,1
44613,true,0.01,1
44621,true,0.01,1
44629,true,0.01,1
44637,true,0.01,1
44645,false,0.01,1
44653,true,0.01,1
44660,true,0.01,1
44670,true,0.01,1
44675,true,0.01,1
44683,true,0.01,1
44691,true,0.01,1
44699,true,0.01,1
44707,true,0.01,1
44714,false,0.01,1
44719,true,0.01,1
44726,true,0.01,1
44735,true,0.01,1
44747,true,0.01,1
44755,true,0.01,1
44761,true,0.01,1
44769,true,0.01,1
44777,false,0.01,1
44784,false,0.01,1
44793,true,0.01,1
44802,true,0.01,1
44811,true,0.01,1
44819,true,0.01,1
44828,true,0.01,1
44836,true,0.01,1
44843,true,0.01,1
44852,true,0.01,1
44860,true,0.01,1
44868,true,0.01,1
44875,true,0.01,1
44884,true,0.01,1
44892,true,0.01,1
44902,true,0.01,1
44912,true,0.01,1
44922,true,0.01,1
44928,true,0.01,1
44936,true,0.01,1
44944,true,0.01,1
44952,true,0.01,1
44960,true,0.01,1
44968,true,0.01,1
44976,true,0.01,1
44984,false,0.01,1
44992,false,0.01,1
45000,false,0.01,1
45009,true,0.01,1
45018,false,0.01,1
45028,false,0.01,1
45036,true,0.01,1
45045,true,0.01,1
45053,true,0.01,1
45062,true,0.01,1
45070,true,0.01,1
45078,true,0.01,1
45085,true,0.01,1
45094,true,0.01,1
45100,true,0.01,1
45108,true,0.01,1
45118,true,0.01,1
45129,true,0.01,1
45134,false,0.01,1
45142,true,0.01,1
45150,true,0.01,1
45158,true,0.01,1
45167,true,0.01,1
45174,true,0.01,1
45182,true,0.01,1
45192,true,0.01,1
45197,true,0.01,1
45207,false,0.01,1
45213,true,0.01,1
45218,false,0.01,1
45226,false,0.01,1
45231,true,0.01,1
45236,false,0.01,1
45244,false,0.01,1
45252,false,0.01,1
45255,true,0.01,1
45269,true,0.01,1
45274,true,0.01,1
45285,false,0.01,1
45293,false,0.01,1
45299,true,0.01,1
45310,true,0.01,1
45316,true,0.01,1
45327,true,0.01,1
45334,false,0.01,1
45346,true,0.01,1
45352,true,0.01,1
45363,true,0.01,1
45368,false,0.01,1
45376,true,0.01,1
45384,true,0.01,1
45392,true,0.01,1
45400,true,0.01,1
45408,true,0.01,1
45413,false,0.01,1
45424,false,0.01,1
45435,true,0.01,1
45440,true,0.01,1
45450,false,0.01,1
45456,true,0.01,1
45464,true,0.01,1
45476,true,0.01,1
45481,true,0.01,1
45491,true,0.01,1
45504,false,0.01,1
45507,true,0.01,1
45518,true,0.01,1
45530,false,0.01,1
45537,true,0.01,1
45544,true,0.01,1
45550,true,0.01,1
45561,true,0.01,1
45567,true,0.01,1
45580,true,0.01,1
45584,false,0.01,1
45592,true,0.01,1
45598,true,0.01,1
45603,true,0.01,1
45614,true,0.01,1
45620,false,0.01,1
45628,false,0.01,1
45636,false,0.01,1
45644,true,0.01,1
45652,true,0.01,1
45660,true,0.01,1
45667,true,0.01,1
45676,true,0.01,1
45684,false,0.01,1
45690,true,0.01,1
45699,true,0.01,1
45707,true,0.01,1
45716,true,0.01,1
45725,true,0.01,1
45732,true,0.01,1
45745,false,0.01,1
45752,true,0.01,1
45760,true,0.01,1
45772,false,0.01,1
45778,false,0.01,1
45788,true,0.01,1
45793,true,0.01,1
45804,true,0.01,1
45809,false,0.01,1
45817,false,0.01,1
45825,false,0.01,1
45833,true,0.01,1
45839,true,0.01,1
45851,false,0.01,1
45859,false,0.01,1
45869,false,0.01,1
45878,true,0.01,1
45887,true,0.01,1
45894,true,0.01,1
45899,false,0.01,1
45907,false,0.01,1
45916,false,0.01,1
45924,false,0.01,1
45931,true,0.01,1
45937,false,0.01,1
45944,true,0.01,1
45952,true,0.01,1
45959,true,0.01,1
45968,true,0.01,1
45976,true,0.01,1
45984,true,0.01,1
45995,true,0.01,1
45998,true,0.01,1
46006,true,0.01,1
46014,true,0.01,1
46022,true,0.01,1
46030,true,0.01,1
46037,true,0.01,1
46046,true,0.01,1
46055,true,0.01,1
46064,true,0.01,1
46074,true,0.01,1
46080,true,0.01,1
46088,true,0.01,1
46096,true,0.01,1
46104,true,0.01,1
46111,true,0.01,1
46118,true,0.01,1
46125,false,0.01,1
46132,true,0.01,1
46139,true,0.01,1
46147,true,0.01,1
46153,true,0.01,1
46160,true,0.01,1
46168,true,0.01,1
46175,true,0.01,1
46182,true,0.01,1
46189,true,0.01,1
46196,true,0.01,1
46203,true,0.01,1
46208,false,0.01,1
46214,true,0.01,1
46221,true,0.01,1
46229,true,0.01,1
46235,false,0.01,1
46240,true,0.01,1
46247,true,0.01,1
46252,true,0.01,1
46261,true,0.01,1
46268,true,0.01,1
46275,true,0.01,1
46282,true,0.01,1
46289,true,0.01,1
46298,true,0.01,1
46306,true,0.01,1
46313,true,0.01,1
46320,true,0.01,1
46328,true,0.01,1
46334,false,0.01,1
46343,false,0.01,1
46352,false,0.01,1
46359,false,0.01,1
46366,true,0.01,1
46373,true,0.01,1
46380,true,0.01,1
46387,true,0.01,1
46394,true,0.01,1
46401,true,0.01,1
46410,true,0.01,1
46418,true,0.01,1
46425,true,0.01,1
46432,true,0.01,1
46439,true,0.01,1
46446,true,0.01,1
46453,true,0.01,1
46460,true,0.01,1
46467,true,0.01,1
46475,true,0.01,1
46482,true,0.01,1
46488,true,0.01,1
46496,true,0.01,1
46504,true,0.01,1
46511,true,0.01,1
46518,true,0.01,1
46525,true,0.01,1
46532,true,0.01,1
46539,true,0.01,1
46547,true,0.01,1
46553,true,0.01,1
46560,true,0.01,1
46566,true,0.01,1
46574,true,0.01,1
46581,true,0.01,1
46588,true,0.01,1
46594,false,0.01,1
46600,true,0.01,1
46606,true,0.01,1
46612,false,0.01,1
46618,true,0.01,1
46624,true,0.01,1
46630,true,0.01,1
46636,true,0.01,1
46642,true,0.01,1
46647,false,0.01,1
46654,true,0.01,1
46660,true,0.01,1
46666,true,0.01,1
46673,true,0.01,1
46679,true,0.01,1
46685,true,0.01,1
46693,true,0.01,1
46702,false,0.01,1
46707,true,0.01,1
46713,true,0.01,1
46717,true,0.01,1
46722,true,0.01,1
46726,true,0.01,1
46731,true,0.01,1
46735,true,0.01,1
46740,true,0.01,1
46747,true,0.01,1
46753,true,0.01,1
46759,true,0.01,1
46764,true,0.01,1
46771,true,0.01,1
46777,true,0.01,1
46783,true,0.01,1
46790,true,0.01,1
46796,true,0.01,1
46802,true,0.01,1
46808,true,0.01,1
46814,true,0.01,1
46818,true,0.01,1
46824,true,0.01,1
46830,true,0.01,1
46838,true,0.01,1
46842,true,0.01,1
46848,true,0.01,1
46856,true,0.01,1
46860,true,0.01,1
46866,true,0.01,1
46873,true,0.01,1
46878,true,0.01,1
46885,true,0.01,1
46890,true,0.01,1
46898,true,0.01,1
46904,true,0.01,1
46910,true,0.01,1
46916,true,0.01,1
46922,true,0.01,1
46928,true,0.01,1
46935,true,0.01,1
46941,true,0.01,1
46947,true,0.01,1
46951,true,0.01,1
46957,true,0.01,1
46962,true,0.01,1
46969,true,0.01,1
46975,true,0.01,1
46981,true,0.01,1
46987,true,0.01,1
46993,true,0.01,1
46999,true,0.01,1
47005,true,0.01,1
47011,true,0.01,1
47016,true,0.01,1
47022,true,0.01,1
47028,true,0.01,1
47034,true,0.01,1
47040,true,0.01,1
47046,true,0.01,1
47052,true,0.01,1
47057,true,0.01,1
47063,true,0.01,1
47069,true,0.01,1
47074,true,0.01,1
47081,true,0.01,1
47086,true,0.01,1
47092,true,0.01,1
47098,true,0.01,1
47104,true,0.01,1
47110,true,0.01,1
47116,true,0.01,1
47120,true,0.01,1
47126,true,0.01,1
47131,true,0.01,1
47137,true,0.01,1
47143,true,0.01,1
47149,true,0.01,1
47156,true,0.01,1
47162,true,0.01,1
47168,true,0.01,1
47174,true,0.01,1
47180,true,0.01,1
47187,true,0.01,1
47193,true,0.01,1
47200,true,0.01,1
47204,true,0.01,1
47209,true,0.01,1
47215,true,0.01,1
47221,true,0.01,1
47227,true,0.01,1
47233,true,0.01,1
47240,true,0.01,1
47246,true,0.01,1
47252,true,0.01,1
47258,true,0.01,1
47264,true,0.01,1
47270,true,0.01,1
47275,true,0.01,1
47282,true,0.01,1
47288,true,0.01,1
47294,true,0.01,1
47300,true,0.01,1
47306,true,0.01,1
47312,true,0.01,1
47318,true,0.01,1
47324,true,0.01,1
47330,true,0.01,1
47336,true,0.01,1
47342,true,0.01,1
47348,true,0.01,1
47353,true,0.01,1
47361,true,0.01,1
47367,true,0.01,1
47373,true,0.01,1
47379,true,0.01,1
47385,true,0.01,1
47391,true,0.01,1
47398,false,0.01,1
47404,true,0.01,1
47410,true,0.01,1
47416,false,0.01,1
47423,true,0.01,1
47427,true,0.01,1
47435,true,0.01,1
47441,true,0.01,1
47446,true,0.01,1
47453,false,0.01,1
47459,true,0.01,1
47465,false,0.01,1
47471,false,0.01,1
47477,true,0.01,1
47483,false,0.01,1
47489,true,0.01,1
47495,true,0.01,1
47500,false,0.01,1
47506,true,0.01,1
47511,true,0.01,1
47517,true,0.01,1
47523,true,0.01,1
47529,true,0.01,1
47536,true,0.01,1
47541,true,0.01,1
47548,true,0.01,1
47553,true,0.01,1
47559,true,0.01,1
47565,true,0.01,1
47571,true,0.01,1
47577,true,0.01,1
47584,true,0.01,1
47589,true,0.01,1
47595,true,0.01,1
47601,true,0.01,1
47604,true,0.01,1
47610,true,0.01,1
47616,true,0.01,1
47622,true,0.01,1
47628,false,0.01,1
47637,true,0.01,1
47642,true,0.01,1
47648,true,0.01,1
47655,true,0.01,1
47658,true,0.01,1
47664,true,0.01,1
47670,true,0.01,1
47677,true,0.01,1
47683,true,0.01,1
47689,true,0.01,1
47695,true,0.01,1
47701,true,0.01,1
47706,true,0.01,1
47714,true,0.01,1
47720,true,0.01,1
47726,true,0.01,1
47732,true,0.01,1
47738,true,0.01,1
47744,true,0.01,1
47750,true,0.01,1
47756,true,0.01,1
47762,true,0.01,1
47768,true,0.01,1
47774,true,0.01,1
47781,true,0.01,1
47787,true,0.01,1
47794,true,0.01,1
47800,true,0.01,1
47806,true,0.01,1
47812,true,0.01,1
47817,true,0.01,1
47823,true,0.01,1
47829,true,0.01,1
47836,true,0.01,1
47842,true,0.01,1
47848,true,0.01,1
47853,true,0.01,1
47859,true,0.01,1
47865,true,0.01,1
47871,true,0.01,1
47877,false,0.01,1
47884,true,0.01,1
47891,true,0.01,1
47897,true,0.01,1
47903,true,0.01,1
47908,true,0.01,1
47916,true,0.01,1
47920,true,0.01,1
47926,true,0.01,1
47933,true,0.01,1
47938,true,0.01,1
47945,true,0.01,1
47952,true,0.01,1
47958,false,0.01,1
47965,true,0.01,1
47971,true,0.01,1
47978,true,0.01,1
47984,true,0.01,1
47990,true,0.01,1
47994,false,0.01,1
48002,true,0.01,1
48008,true,0.01,1
48014,true,0.01,1
48018,true,0.01,1
48024,true,0.01,1
48030,true,0.01,1
48037,true,0.01,1
48042,true,0.01,1
48048,false,0.01,1
48054,true,0.01,1
48060,true,0.01,1
48065,true,0.01,1
48071,true,0.01,1
48077,false,0.01,1
48084,true,0.01,1
48091,true,0.01,1
48096,true,0.01,1
48100,true,0.01,1
48107,true,0.01,1
48113,true,0.01,1
48119,true,0.01,1
48125,false,0.01,1
48131,true,0.01,1
48137,true,0.01,1
48142,false,0.01,1
48151,false,0.01,1
48158,true,0.01,1
48164,true,0.01,1
48169,false,0.01,1
48176,true,0.01,1
48182,true,0.01,1
48187,false,0.01,1
48194,true,0.01,1
48199,true,0.01,1
48205,true,0.01,1
48212,true,0.01,1
48218,true,0.01,1
48224,true,0.01,1
48231,true,0.01,1
48237,true,0.01,1
48243,true,0.01,1
48249,true,0.01,1
48254,true,0.01,1
48261,true,0.01,1
48266,true,0.01,1
48272,true,0.01,1
48278,false,0.01,1
48285,false,0.01,1
48291,true,0.01,1
48297,true,0.01,1
48302,true,0.01,1
48308,true,0.01,1
48314,true,0.01,1
48320,true,0.01,1
48326,true,0.01,1
48332,true,0.01,1
48338,true,0.01,1
48345,true,0.01,1
48351,true,0.01,1
48356,true,0.01,1
48362,true,0.01,1
48367,false,0.01,1
48373,true,0.01,1
48380,true,0.01,1
48387,true,0.01,1
48393,false,0.01,1
48399,true,0.01,1
48405,true,0.01,1
48411,true,0.01,1
48419,true,0.01,1
48425,true,0.01,1
48430,true,0.01,1
48435,true,0.01,1
48441,true,0.01,1
48447,true,0.01,1
48453,true,0.01,1
48459,true,0.01,1
48465,true,0.01,1
48471,true,0.01,1
48477,true,0.01,1
48483,true,0.01,1
48489,true,0.01,1
48495,true,0.01,1
48500,true,0.01,1
48506,true,0.01,1
48512,true,0.01,1
48519,false,0.01,1
48526,true,0.01,1
48531,true,0.01,1
48537,false,0.01,1
48543,true,0.01,1
48549,true,0.01,1
48555,false,0.01,1
48561,true,0.01,1
48567,true,0.01,1
48573,true,0.01,1
48579,true,0.01,1
48585,true,0.01,1
48590,true,0.01,1
48596,true,0.01,1
48603,true,0.01,1
48609,false,0.01,1
48616,true,0.01,1
48622,true,0.01,1
48627,true,0.01,1
48635,true,0.01,1
48641,true,0.01,1
48646,true,0.01,1
48653,true,0.01,1
48659,true,0.01,1
48663,true,0.01,1
48671,true,0.01,1
48677,true,0.01,1
48681,true,0.01,1
48688,true,0.01,1
48693,true,0.01,1
48699,true,0.01,1
48707,true,0.01,1
48712,true,0.01,1
48718,true,0.01,1
48724,true,0.01,1
48730,true,0.01,1
48736,true,0.01,1
48742,true,0.01,1
48747,true,0.01,1
48754,true,0.01,1
48760,true,0.01,1
48766,true,0.01,1
48770,false,0.01,1
48776,true,0.01,1
48782,false,0.01,1
48790,false,0.01,1
48798,false,0.01,1
48804,true,0.01,1
48810,true,0.01,1
48813,true,0.01,1
48819,true,0.01,1
48825,false,0.01,1
48833,true,0.01,1
48839,true,0.01,1
48845,false,0.01,1
48850,true,0.01,1
48856,true,0.01,1
48862,false,0.01,1
48868,true,0.01,1
48873,true,0.01,1
48879,true,0.01,1
48886,true,0.01,1
48892,true,0.01,1
48898,false,0.01,1
48903,true,0.01,1
48907,false,0.01,1
48913,true,0.01,1
48918,true,0.01,1
48924,false,0.01,1
48930,true,0.01,1
48936,true,0.01,1
48942,true,0.01,1
48949,true,0.01,1
48955,true,0.01,1
48960,true,0.01,1
48966,true,0.01,1
48972,true,0.01,1
48978,true,0.01,1
48984,true,0.01,1
48990,true,0.01,1
48996,true,0.01,1
49001,true,0.01,1
49008,true,0.01,1
49012,true,0.01,1
49018,true,0.01,1
49025,true,0.01,1
49029,true,0.01,1
49036,true,0.01,1
49041,true,0.01,1
49047,true,0.01,1
49054,true,0.01,1
49060,true,0.01,1
49065,true,0.01,1
49072,true,0.01,1
49078,true,0.01,1
49084,true,0.01,1
49091,true,0.01,1
49099,true,0.01,1
49106,false,0.01,1
49110,true,0.01,1
49115,false,0.01,1
49121,true,0.01,1
49127,true,0.01,1
49135,true,0.01,1
49141,false,0.01,1
49147,true,0.01,1
49152,true,0.01,1
49157,true,0.01,1
49163,true,0.01,1
49170,true,0.01,1
49175,true,0.01,1
49181,true,0.01,1
49187,true,0.01,1
49193,true,0.01,1
49199,true,0.01,1
49205,true,0.01,1
49212,true,0.01,1
49218,true,0.01,1
49224,true,0.01,1
49228,true,0.01,1
49234,true,0.01,1
49240,true,0.01,1
49246,true,0.01,1
49252,true,0.01,1
49258,true,0.01,1
49264,false,0.01,1
49271,true,0.01,1
49277,true,0.01,1
49285,true,0.01,1
49291,true,0.01,1
49297,true,0.01,1
49304,true,0.01,1
49308,true,0.01,1
49314,true,0.01,1
49319,true,0.01,1
49324,true,0.01,1
49330,false,0.01,1
49335,true,0.01,1
49341,true,0.01,1
49347,true,0.01,1
49354,true,0.01,1
49360,true,0.01,1
49366,false,0.01,1
49372,true,0.01,1
49378,true,0.01,1
49384,false,0.01,1
49390,true,0.01,1
49396,true,0.01,1
49401,true,0.01,1
49407,true,0.01,1
49413,true,0.01,1
49417,true,0.01,1
49423,true,0.01,1
49429,true,0.01,1
49436,true,0.01,1
49442,true,0.01,1
49448,true,0.01,1
49455,true,0.01,1
49461,true,0.01,1
49467,true,0.01,1
49472,true,0.01,1
49478,true,0.01,1
49484,true,0.01,1
49491,true,0.01,1
49498,false,0.01,1
49503,true,0.01,1
49508,false,0.01,1
49514,true,0.01,1
49520,true,0.01,1
49526,false,0.01,1
49532,true,0.01,1
49538,true,0.01,1
49544,true,0.01,1
49550,true,0.01,1
49556,true,0.01,1
49562,true,0.01,1
49568,true,0.01,1
49574,false,0.01,1
49580,false,0.01,1
49588,false,0.01,1
49594,true,0.01,1
49602,true,0.01,1
49610,true,0.01,1
49628,true,0.01,1
49638,true,0.01,1
49646,true,0.01,1
49662,true,0.01,1
49672,true,0.01,1
49685,true,0.01,1
49692,true,0.01,1
49702,true,0.01,1
49711,true,0.01,1
49719,true,0.01,1
49727,true,0.01,1
49742,false,0.01,1
49751,false,0.01,1
49761,true,0.01,1
49771,true,0.01,1
49781,true,0.01,1
49791,true,0.01,1
49802,true,0.01,1
49814,true,0.01,1
49824,false,0.01,1
49831,false,0.01,1
49843,true,0.01,1
49853,true,0.01,1
49871,true,0.01,1
49879,true,0.01,1
49896,true,0.01,1
49906,true,0.01,1
49917,true,0.01,1
49926,true,0.01,1
49938,false,0.01,1
49948,false,0.01,1
49958,false,0.01,1
49968,true,0.01,1
49978,true,0.01,1
49992,false,0.01,1
49998,true,0.01,1
50010,false,0.01,1
50017,true,0.01,1
50030,false,0.01,1
50041,true,0.01,1
50049,true,0.01,1
50061,true,0.01,1
50069,true,0.01,1
50085,true,0.01,1
50095,true,0.01,1
50107,true,0.01,1
50117,true,0.01,1
50128,false,0.01,1
50137,false,0.01,1
50146,false,0.01,1
50154,false,0.01,1
50161,true,0.01,1
50175,true,0.01,1
50187,true,0.01,1
50195,true,0.01,1
50207,true,0.01,1
50218,false,0.01,1
50228,false,0.01,1
50234,true,0.01,1
50246,false,0.01,1
50254,false,0.01,1
50262,false,0.01,1
50270,true,0.01,1
50284,true,0.01,1
50293,true,0.01,1
50301,false,0.01,1
50308,true,0.01,1
50319,false,0.01,1
50324,true,0.01,1
50338,false,0.01,1
50345,true,0.01,1
50357,false,0.01,1
50364,false,0.01,1
50370,true,0.01,1
50380,true,0.01,1
50391,true,0.01,1
50401,true,0.01,1
50410,true,0.01,1
50420,false,0.01,1
50428,true,0.01,1
50438,false,0.01,1
50447,false,0.01,1
50455,true,0.01,1
50465,false,0.01,1
50475,true,0.01,1
50485,true,0.01,1
50495,true,0.01,1
50505,true,0.01,1
50516,true,0.01,1
50524,true,0.01,1
50535,true,0.01,1
50545,false,0.01,1
50556,true,0.01,1
50566,true,0.01,1
50578,true,0.01,1
50589,false,0.01,1
50597,true,0.01,1
50606,true,0.01,1
50614,true,0.01,1
50624,true,0.01,1
50634,true,0.01,1
50646,true,0.01,1
50656,true,0.01,1
50665,true,0.01,1
50671,true,0.01,1
50682,true,0.01,1
50691,true,0.01,1
50703,true,0.01,1
50713,true,0.01,1
50723,true,0.01,1
50733,false,0.01,1
50743,true,0.01,1
50753,true,0.01,1
50763,true,0.01,1
50773,true,0.01,1
50784,true,0.01,1
50794,true,0.01,1
50805,false,0.01,1
50812,true,0.01,1
50821,true,0.01,1
50832,false,0.01,1
50844,true,0.01,1
50854,true,0.01,1
50868,false,0.01,1
50875,true,0.01,1
50885,true,0.01,1
50896,true,0.01,1
50905,true,0.01,1
50917,true,0.01,1
50929,true,0.01,1
50939,true,0.01,1
50948,true,0.01,1
50957,true,0.01,1
50967,false,0.01,1
50977,false,0.01,1
50986,true,0.01,1
50996,true,0.01,1
51005,true,0.01,1
51015,true,0.01,1
51023,true,0.01,1
51035,true,0.01,1
51045,true,0.01,1
51051,true,0.01,1
51062,true,0.01,1
51073,true,0.01,1
51081,true,0.01,1
51092,true,0.01,1
51100,true,0.01,1
51107,true,0.01,1
51118,true,0.01,1
51130,true,0.01,1
51139,true,0.01,1
51149,false,0.01,1
51157,false,0.01,1
51165,true,0.01,1
51174,true,0.01,1
51184,true,0.01,1
51194,true,0.01,1
51203,true,0.01,1
51212,true,0.01,1
51223,true,0.01,1
51232,true,0.01,1
51240,true,0.01,1
51249,true,0.01,1
51258,true,0.01,1
51266,true,0.01,1
51279,true,0.01,1
51286,true,0.01,1
51298,true,0.01,1
51307,true,0.01,1
51315,true,0.01,1
51325,true,0.01,1
51337,false,0.01,1
51342,true,0.01,1
51348,true,0.01,1
51357,true,0.01,1
51366,true,0.01,1
51377,true,0.01,1
51389,true,0.01,1
51397,true,0.01,1
51403,true,0.01,1
51416,true,0.01,1
51424,true,0.01,1
51431,true,0.01,1
51443,true,0.01,1
51452,true,0.01,1
51461,true,0.01,1
51470,true,0.01,1
51479,true,0.01,1
51482,true,0.01,1
51495,true,0.01,1
51502,true,0.01,1
51508,true,0.01,1
51522,true,0.01,1
51527,false,0.01,1
51535,false,0.01,1
51545,false,0.01,1
51552,false,0.01,1
51560,true,0.01,1
51571,false,0.01,1
51580,false,0.01,1
51590,false,0.01,1
51599,false,0.01,1
51608,false,0.01,1
51617,false,0.01,1
51626,false,0.01,1
51635,false,0.01,1
51644,false,0.01,1
51650,true,0.01,1
51657,true,0.01,1
51663,true,0.01,1
51671,false,0.01,1
51687,true,0.01,1
51696,true,0.01,1
51705,true,0.01,1
51719,true,0.01,1
51728,true,0.01,1
51740,true,0.01,1
51747,true,0.01,1
51758,true,0.01,1
51766,true,0.01,1
51775,true,0.01,1
51785,false,0.01,1
51795,false,0.01,1
51801,false,0.01,1
51811,true,0.01,1
51818,true,0.01,1
51833,false,0.01,1
51837,true,0.01,1
51844,false,0.01,1
51855,true,0.01,1
51864,true,0.01,1
51875,false,0.01,1
51883,true,0.01,1
51892,true,0.01,1
51898,true,0.01,1
51908,true,0.01,1
51921,true,0.01,1
51931,true,0.01,1
51940,true,0.01,1
51949,true,0.01,1
51958,false,0.01,1
51972,true,0.01,1
51981,true,0.01,1
51986,true,0.01,1
51997,true,0.01,1
52004,false,0.01,1
52015,true,0.01,1
52028,true,0.01,1
52036,true,0.01,1
52045,true,0.01,1
52053,true,0.01,1
52059,true,0.01,1
52074,false,0.01,1
52078,false,0.01,1
52092,false,0.01,1
52098,true,0.01,1
52107,true,0.01,1
52114,true,0.01,1
52124,true,0.01,1
52134,true,0.01,1
52140,true,0.01,1
52150,true,0.01,1
52159,true,0.01,1
52167,false,0.01,1
52178,false,0.01,1
52184,true,0.01,1
52198,true,0.01,1
52208,true,0.01,1
52215,true,0.01,1
52222,true,0.01,1
52230,true,0.01,1
52237,true,0.01,1
52250,false,0.01,1
52256,false,0.01,1
52265,false,0.01,1
52273,false,0.01,1
52276,true,0.01,1
52286,true,0.01,1
52299,false,0.01,1
52305,true,0.01,1
52312,true,0.01,1
52327,true,0.01,1
52336,true,0.01,1
52345,true,0.01,1
52360,false,0.01,1
52368,true,0.01,1
52375,true,0.01,1
52388,true,0.01,1
52393,true,0.01,1
52401,true,0.01,1
52408,true,0.01,1
52424,false,0.01,1
52428,true,0.01,1
52437,true,0.01,1
52447,true,0.01,1
52456,true,0.01,1
52466,true,0.01,1
52478,false,0.01,1
52483,true,0.01,1
52490,true,0.01,1
52505,true,0.01,1
52512,true,0.01,1
52520,true,0.01,1
52532,true,0.01,1
52533,true,0.01,1
52547,true,0.01,1
52554,true,0.01,1
52568,true,0.01,1
52574,true,0.01,1
52581,true,0.01,1
52590,true,0.01,1
52600,true,0.01,1
52607,true,0.01,1
52622,true,0.01,1
52630,true,0.01,1
52638,true,0.01,1
52648,true,0.01,1
52657,true,0.01,1
52665,true,0.01,1
52672,true,0.01,1
52680,true,0.01,1
52690,true,0.01,1
52697,false,0.01,1
52712,true,0.01,1
52721,true,0.01,1
52730,true,0.01,1
52739,true,0.01,1
52748,true,0.01,1
52755,true,0.01,1
52765,true,0.01,1
52771,true,0.01,1
52780,true,0.01,1
52791,true,0.01,1
52798,true,0.01,1
52810,true,0.01,1
52817,true,0.01,1
52825,true,0.01,1
52834,true,0.01,1
52842,true,0.01,1
52852,true,0.01,1
52859,true,0.01,1
52871,true,0.01,1
52878,true,0.01,1
52887,true,0.01,1
52895,false,0.01,1
52907,true,0.01,1
52915,true,0.01,1
52922,false,0.01,1
52933,true,0.01,1
52941,true,0.01,1
52949,true,0.01,1
52962,true,0.01,1
52972,true,0.01,1
52980,false,0.01,1
52984,true,0.01,1
52993,true,0.01,1
53004,true,0.01,1
53014,true,0.01,1
53020,true,0.01,1
53034,true,0.01,1
53042,true,0.01,1
53046,true,0.01,1
53063,false,0.01,1
53072,true,0.01,1
53081,true,0.01,1
53089,true,0.01,1
53097,true,0.01,1
53105,true,0.01,1
53114,true,0.01,1
53122,true,0.01,1
53130,true,0.01,1
53138,false,0.01,1
53147,false,0.01,1
53158,true,0.01,1
53166,true,0.01,1
#---------- Wed Nov 30 23:18:56 PST 2022 ----------
#Format: Task Counter Number,Did Simulation Succeed,Last Step Size Used,Number of Simulations Attempted
55826,true,0.01,1
55837,true,0.01,1
55846,true,0.01,1
55857,true,0.01,1
55867,true,0.01,1
55877,true,0.01,1
55887,true,0.01,1
55897,true,0.01,1
55910,false,0.01,1
55913,true,0.01,1
55928,false,0.01,1
55932,true,0.01,1
55944,true,0.01,1
55956,true,0.01,1
55964,false,0.01,1
55974,true,0.01,1
55981,false,0.01,1
55998,true,0.01,1
56008,true,0.01,1
56019,true,0.01,1
56028,true,0.01,1
56038,true,0.01,1
56048,true,0.01,1
56060,true,0.01,1
56070,true,0.01,1
56080,true,0.01,1
56090,true,0.01,1
56101,true,0.01,1
56110,true,0.01,1
56119,true,0.01,1
56128,true,0.01,1
56138,false,0.01,1
56154,true,0.01,1
56163,true,0.01,1
56173,true,0.01,1
56185,true,0.01,1
56194,true,0.01,1
56204,true,0.01,1
56214,true,0.01,1
56224,true,0.01,1
56236,false,0.01,1
56246,true,0.01,1
56258,false,0.01,1
56268,true,0.01,1
56278,false,0.01,1
56291,true,0.01,1
56298,true,0.01,1
56309,true,0.01,1
56320,true,0.01,1
56331,true,0.01,1
56341,true,0.01,1
56351,true,0.01,1
56360,true,0.01,1
56370,true,0.01,1
56379,false,0.01,1
56390,true,0.01,1
56400,true,0.01,1
56409,true,0.01,1
56420,false,0.01,1
56429,true,0.01,1
56438,false,0.01,1
56443,true,0.01,1
56457,true,0.01,1
56468,true,0.01,1
56478,true,0.01,1
56487,true,0.01,1
56496,true,0.01,1
56507,true,0.01,1
56520,true,0.01,1
56530,true,0.01,1
56545,false,0.01,1
56555,true,0.01,1
56564,true,0.01,1
56574,true,0.01,1
56584,true,0.01,1
56593,true,0.01,1
56601,true,0.01,1
56612,true,0.01,1
56618,true,0.01,1
56629,true,0.01,1
56640,true,0.01,1
56649,true,0.01,1
56658,true,0.01,1
56666,true,0.01,1
56683,true,0.01,1
56695,true,0.01,1
56705,true,0.01,1
56718,true,0.01,1
56728,true,0.01,1
56738,true,0.01,1
56750,true,0.01,1
56761,true,0.01,1
56771,true,0.01,1
56779,true,0.01,1
56786,false,0.01,1
56799,true,0.01,1
56809,true,0.01,1
56819,true,0.01,1
56829,true,0.01,1
56839,true,0.01,1
56849,true,0.01,1
56859,false,0.01,1
56870,false,0.01,1
56882,false,0.01,1
56891,false,0.01,1
56901,true,0.01,1
56911,true,0.01,1
56923,true,0.01,1
56935,false,0.01,1
56940,true,0.01,1
56953,true,0.01,1
56962,true,0.01,1
56971,true,0.01,1
56983,true,0.01,1
56992,true,0.01,1
57003,true,0.01,1
57012,true,0.01,1
57019,true,0.01,1
57031,true,0.01,1
57042,false,0.01,1
57052,false,0.01,1
57062,false,0.01,1
57074,true,0.01,1
57085,true,0.01,1
57094,true,0.01,1
57104,true,0.01,1
57112,true,0.01,1
57123,false,0.01,1
57127,true,0.01,1
57140,true,0.01,1
57151,false,0.01,1
57157,true,0.01,1
57167,true,0.01,1
57176,true,0.01,1
57188,false,0.01,1
57191,true,0.01,1
57202,true,0.01,1
57213,true,0.01,1
57224,false,0.01,1
57232,true,0.01,1
57243,true,0.01,1
57253,true,0.01,1
57263,true,0.01,1
57272,true,0.01,1
57283,true,0.01,1
57290,true,0.01,1
57301,true,0.01,1
57309,true,0.01,1
57320,true,0.01,1
57330,false,0.01,1
57340,true,0.01,1
57348,false,0.01,1
57355,true,0.01,1
57365,false,0.01,1
57374,false,0.01,1
57382,true,0.01,1
57393,false,0.01,1
57397,true,0.01,1
57410,true,0.01,1
57422,false,0.01,1
57431,false,0.01,1
57433,true,0.01,1
57446,true,0.01,1
57455,true,0.01,1
57463,true,0.01,1
57475,true,0.01,1
57480,true,0.01,1
57490,true,0.01,1
57496,true,0.01,1
57505,true,0.01,1
57516,true,0.01,1
57525,true,0.01,1
57533,true,0.01,1
57543,true,0.01,1
57551,true,0.01,1
57559,true,0.01,1
57567,true,0.01,1
57572,true,0.01,1
57581,true,0.01,1
57589,true,0.01,1
57599,true,0.01,1
57608,true,0.01,1
57616,true,0.01,1
57621,true,0.01,1
57629,false,0.01,1
57636,false,0.01,1
57645,false,0.01,1
57653,true,0.01,1
57662,true,0.01,1
57668,true,0.01,1
57674,false,0.01,1
57682,false,0.01,1
57689,false,0.01,1
57699,true,0.01,1
57707,true,0.01,1
57715,true,0.01,1
57723,true,0.01,1
57730,true,0.01,1
57740,true,0.01,1
57749,true,0.01,1
57758,false,0.01,1
57764,true,0.01,1
57774,true,0.01,1
57781,true,0.01,1
57791,true,0.01,1
57801,true,0.01,1
57808,true,0.01,1
57816,true,0.01,1
57824,true,0.01,1
57832,true,0.01,1
57840,true,0.01,1
57847,true,0.01,1
57857,true,0.01,1
57864,true,0.01,1
57872,false,0.01,1
57878,true,0.01,1
57887,true,0.01,1
57895,true,0.01,1
57900,true,0.01,1
57911,true,0.01,1
57921,true,0.01,1
57929,true,0.01,1
57939,true,0.01,1
57944,false,0.01,1
57953,false,0.01,1
57960,true,0.01,1
57968,true,0.01,1
57977,true,0.01,1
57985,true,0.01,1
57994,true,0.01,1
58000,true,0.01,1
58009,true,0.01,1
58015,true,0.01,1
58027,true,0.01,1
58032,true,0.01,1
58040,true,0.01,1
58048,true,0.01,1
58056,true,0.01,1
58064,true,0.01,1
58072,true,0.01,1
58080,true,0.01,1
58088,false,0.01,1
58096,false,0.01,1
58104,false,0.01,1
58112,true,0.01,1
58120,true,0.01,1
58128,true,0.01,1
58135,true,0.01,1
58142,false,0.01,1
58149,true,0.01,1
58159,false,0.01,1
58166,true,0.01,1
58174,true,0.01,1
58182,true,0.01,1
58190,true,0.01,1
58199,true,0.01,1
58208,true,0.01,1
58218,true,0.01,1
58224,true,0.01,1
58230,true,0.01,1
58241,false,0.01,1
58249,false,0.01,1
58262,true,0.01,1
58269,true,0.01,1
58275,true,0.01,1
58283,true,0.01,1
58291,true,0.01,1
58299,true,0.01,1
58307,true,0.01,1
58315,true,0.01,1
58321,false,0.01,1
58328,false,0.01,1
58336,true,0.01,1
58344,true,0.01,1
58353,true,0.01,1
58361,true,0.01,1
58374,false,0.01,1
58380,true,0.01,1
58385,false,0.01,1
58393,false,0.01,1
58398,true,0.01,1
58406,false,0.01,1
58413,true,0.01,1
58424,true,0.01,1
58432,true,0.01,1
58443,true,0.01,1
58450,false,0.01,1
58460,true,0.01,1
58471,false,0.01,1
58480,true,0.01,1
58485,false,0.01,1
58497,true,0.01,1
58504,true,0.01,1
58511,true,0.01,1
58521,true,0.01,1
58528,true,0.01,1
58537,true,0.01,1
58546,true,0.01,1
58557,true,0.01,1
58562,true,0.01,1
58573,false,0.01,1
58577,true,0.01,1
58588,true,0.01,1
58596,false,0.01,1
58604,true,0.01,1
58617,false,0.01,1
58619,false,0.01,1
58627,false,0.01,1
58632,true,0.01,1
58637,false,0.01,1
58645,false,0.01,1
58652,false,0.01,1
58661,false,0.01,1
58671,false,0.01,1
58672,false,0.01,1
58680,false,0.01,1
58688,true,0.01,1
58693,true,0.01,1
58704,true,0.01,1
58713,true,0.01,1
58717,false,0.01,1
58725,false,0.01,1
58733,false,0.01,1
58741,true,0.01,1
58749,true,0.01,1
58757,true,0.01,1
58764,true,0.01,1
58771,true,0.01,1
58779,true,0.01,1
58788,true,0.01,1
58798,true,0.01,1
58807,false,0.01,1
58812,true,0.01,1
58821,true,0.01,1
58831,true,0.01,1
58838,true,0.01,1
58848,true,0.01,1
58854,true,0.01,1
58866,true,0.01,1
58871,false,0.01,1
58879,false,0.01,1
58887,false,0.01,1
58890,true,0.01,1
58902,true,0.01,1
58906,false,0.01,1
58914,false,0.01,1
58920,true,0.01,1
58928,true,0.01,1
58938,true,0.01,1
58943,true,0.01,1
58955,true,0.01,1
58961,true,0.01,1
58975,false,0.01,1
58983,true,0.01,1
58988,true,0.01,1
58999,true,0.01,1
59007,true,0.01,1
59014,true,0.01,1
59021,true,0.01,1
59029,true,0.01,1
59037,true,0.01,1
59045,true,0.01,1
