40
62.295 13.754 105.76
66.922 15.547 105.81
71.314 17.256 105.96
75.58 18.808 106.11
65.334 12.525 110.6
69.122 14.136 111.05
72.639 15.587 111.37
77.246 17.089 111.36
67.343 10.668 113.34
72.14 13.316 114.01
66.9 6.5166 114.72
69.611 9.425 115.35
73.409 11.734 116.2
77.746 13.445 116.8
69.974 3.1539 116.62
71.81 6.3872 117.45
75.085 8.6393 118.76
78.905 9.8761 120.03
72.921 0 118.12
76.905 0 119.93
80.982 0 121.26
85.057 0 121.84
69.87 -3.609 116.57
71.733 -6.8327 117.34
75.059 -9.0414 118.57
78.546 -9.8123 119.85
67.552 -6.3118 115.08
69.342 -9.3464 115.18
72.791 -11.464 115.94
77.579 -13.5 116.43
67.089 -10.784 113.02
71.962 -13.264 113.8
64.944 -12.319 110.42
69.275 -14.259 110.75
72.942 -15.668 111.17
77.021 -16.819 111.43
62.491 -13.629 105.8
66.652 -15.258 105.74
71.398 -17.14 105.77
75.381 -18.572 106.18
