96
96.82 0 122.88
92.467 0 122.44
88.67 0 122.12
85.057 0 121.84
80.982 0 121.26
76.905 0 119.93
72.921 0 118.12
69.123 0 116.23
65.138 0 114.21
61.062 0 112.13
57.262 0 108.77
54.619 0 105.27
57.962 3.66 109.33
54.827 3.6278 105.36
54.764 -3.7896 105.24
65.757 3.0418 114.5
56.25 8.2693 105.62
58.557 11.365 105.68
58.729 -11.409 105.55
62.295 13.754 105.76
66.922 15.547 105.81
71.314 17.256 105.96
71.398 -17.14 105.77
75.58 18.808 106.11
80.113 19.949 106.1
84.486 20.607 106.1
84.914 -20.507 106.2
89.229 21.454 105.72
89.441 -21.197 106.23
94.18 22.671 105.99
93.601 -22.325 106
59.41 7.0589 109.82
59.628 -7.2188 109.89
61.84 10.292 110.19
62.118 -10.272 110.31
64.944 -12.319 110.42
69.122 14.136 111.05
72.639 15.587 111.37
77.246 17.089 111.36
81.055 17.912 111.19
85.558 18.794 110.82
89.528 19.13 110.98
89.895 -18.834 111.26
94.397 20.068 111.26
94.784 -20.122 111.15
89.871 15.634 116.87
89.746 -15.678 116.53
86.048 15.026 116.97
81.898 14.346 117
81.938 -14.526 116.55
77.746 13.445 116.8
77.579 -13.5 116.43
73.409 11.734 116.2
72.791 -11.464 115.94
69.611 9.425 115.35
69.342 -9.3464 115.18
66.9 6.5166 114.72
67.552 -6.3118 115.08
94.976 11.896 121.6
90.359 11.488 121.22
86.988 11.036 121.04
86.479 -10.692 121.1
78.905 9.8761 120.03
71.81 6.3872 117.45
71.733 -6.8327 117.34
61.944 3.8097 112.62
61.385 -4.0671 112.23
64.143 7.7439 112.9
67.343 10.668 113.34
67.089 -10.784 113.02
72.14 13.316 114.01
82.577 10.498 120.67
75.085 8.6393 118.76
69.974 3.1539 116.62
69.87 -3.609 116.57
82.338 -10.328 120.62
90.2 -11.173 121.27
94.802 -11.622 121.62
65.863 -3.0222 114.56
86.147 -15.135 116.59
64.22 -7.6965 112.9
71.962 -13.264 113.8
57.944 -3.7475 109.21
72.942 -15.668 111.17
69.275 -14.259 110.75
81.444 -17.706 111.36
85.136 -18.252 111.38
79.971 -19.706 106.33
75.381 -18.572 106.18
66.652 -15.258 105.74
62.491 -13.629 105.8
56.341 -8.3992 105.53
77.021 -16.819 111.43
65.334 12.525 110.6
78.546 -9.8123 119.85
75.059 -9.0414 118.57
