0.8505 -0.28884 0.43958 -0.367 0.27279 0.88932 -0.37678 -0.91769 0.126 
0.80638 0.046836 -0.58953 -0.57426 0.30022 -0.76164 0.14132 0.95272 0.26899 
0.69858 0.054569 0.71345 -0.71499 0.01424 0.69899 0.027984 -0.99841 0.048964 
0.25916 -0.13283 -0.95666 -0.54732 0.79591 -0.25878 0.79579 0.59066 0.13356 
-0.35076 0.86797 -0.35155 0.93022 0.27967 -0.23765 -0.10795 -0.41038 -0.9055 
0.1811 0.87262 -0.45359 0 -0.46121 -0.88729 -0.98347 0.16068 -0.083524 
0.1811 0.96395 -0.19495 0 -0.19823 -0.98016 -0.98347 0.1775 -0.035898 
0.27385 0.94185 -0.19474 0.15824 -0.24384 -0.95682 -0.94867 0.23121 -0.21581 
0.27385 0.96149 -0.023447 0.15824 -0.069089 -0.98498 -0.94867 0.26602 -0.17106 
0.70625 0.70753 -0.024614 0 -0.034768 -0.9994 -0.70796 0.70582 -0.024555 
0.70625 0.68946 0.1608 0 0.22713 -0.97386 -0.70796 0.68779 0.16041 
0.70625 0.673 0.21972 0 0.31036 -0.95062 -0.70796 0.67137 0.21919 
0.60171 0.76731 -0.22176 -0.79871 0.57805 -0.16706 0 0.27764 0.96068 
0.63149 0.73104 -0.25848 -0.77539 0.59536 -0.21051 0 0.33336 0.9428 
0.63149 0.71014 -0.31133 -0.77539 0.57835 -0.25355 0 0.40152 0.91585 
0.51855 0.74676 -0.41648 -0.85505 0.45288 -0.25258 0 0.48709 0.87335 
0.2581 0.85439 -0.45099 -0.96612 0.22825 -0.12048 0 0.46681 0.88436 
0.2581 0.85986 -0.44048 -0.96612 0.22971 -0.11767 0 0.45593 0.89002 
0.021613 0.90932 -0.41554 -0.99977 0.019658 -0.008983 0 0.41563 0.90953 
0.021613 0.8139 -0.58061 -0.99977 0.017595 -0.012552 0 0.58075 0.81409 
0.32979 0.77568 0.53811 -0.1171 0.59921 -0.79198 -0.93676 0.19818 0.28845 
0.1811 0.86598 -0.46613 0 -0.47396 -0.88054 -0.98347 0.15946 -0.085833 
0.1811 0.96693 -0.17958 0 -0.1826 -0.98319 -0.98347 0.17805 -0.033068 
0.27385 0.95175 -0.1385 0.15824 -0.18663 -0.9696 -0.94867 0.24361 -0.20171 
0.27385 0.96054 -0.048768 0.15824 -0.095013 -0.98282 -0.94867 0.26142 -0.17801 
0.27385 0.96173 0.0095188 0.15824 -0.035291 -0.98677 -0.94867 0.27173 -0.16185 
0.70625 0.69911 0.11163 0 0.15768 -0.98749 -0.70796 0.69741 0.11136 
0.70625 0.67802 0.20372 0 0.28775 -0.9577 -0.70796 0.67638 0.20323 
0.60171 0.50014 -0.62274 -0.79871 0.37678 -0.46914 0 0.77967 0.62619 
0.63149 0.41643 -0.65408 -0.77539 0.33914 -0.53269 0 0.84355 0.53706 
0.63149 0.34467 -0.69457 -0.77539 0.2807 -0.56567 0 0.89577 0.44451 
0.60463 0.43089 -0.66989 -0.79541 0.28248 -0.53621 -0.041817 0.85705 0.51353 
0.60463 0.49657 -0.62277 -0.79541 0.33537 -0.50482 -0.041817 0.80059 0.59775 
0.21038 0.73946 -0.63949 -0.97572 0.11807 -0.18448 -0.060912 0.66277 0.74634 
-0.064415 0.85567 -0.51349 -0.99792 -0.055233 0.033146 0 0.51456 0.85745 
-0.064415 0.77511 -0.62853 -0.99792 -0.050033 0.040571 0 0.62984 0.77673 
0.32749 0.5307 0.78173 -0.085546 0.84061 -0.53484 -0.94098 0.10828 0.32069 
0.1811 0.91362 -0.36402 0 -0.37014 -0.92898 -0.98347 0.16823 -0.06703 
0.1811 0.97311 -0.14234 0 -0.14474 -0.98947 -0.98347 0.17919 -0.026211 
0.1811 0.97085 -0.15701 0 -0.15965 -0.98717 -0.98347 0.17877 -0.028913 
0.27385 0.95798 -0.085304 0.15824 -0.13236 -0.97849 -0.94867 0.25446 -0.18784 
0.27385 0.96176 0.0056346 0.15824 -0.039276 -0.98662 -0.94867 0.27107 -0.16294 
0.70625 0.70132 -0.096728 0 -0.13663 -0.99062 -0.70796 0.69963 -0.096494 
0.70625 0.70692 0.038477 0 0.054349 -0.99852 -0.70796 0.70521 0.038384 
0.70625 0.70364 -0.078072 0 -0.11028 -0.9939 -0.70796 0.70194 -0.077883 
0.60171 0.30835 -0.73679 -0.79871 0.2323 -0.55506 0 0.92247 0.38606 
0.63149 -0.16107 -0.75847 -0.77539 -0.13118 -0.61771 0 0.97819 -0.20773 
0.63149 -0.32269 -0.70505 -0.77539 -0.2628 -0.5742 0 0.90929 -0.41616 
0.60463 0.10493 -0.78957 -0.79541 0.027499 -0.60545 -0.041817 0.9941 0.10009 
0.60463 0.27446 -0.74773 -0.79541 0.15877 -0.5849 -0.041817 0.9484 0.3143 
0.21038 0.32477 -0.9221 -0.97572 0.010987 -0.21875 -0.060912 0.94573 0.3192 
0.21038 0.5027 -0.83847 -0.97572 0.054532 -0.21213 -0.060912 0.86274 0.50196 
-0.064415 0.7138 -0.69738 -0.99792 -0.046075 0.045016 0 0.69884 0.71528 
0.32749 0.73254 0.59678 -0.085546 0.652 -0.75338 -0.94098 0.19567 0.27619 
0.2581 0.83614 -0.484 -0.96612 0.22337 -0.1293 0 0.50098 0.86546 
0.51855 0.72773 -0.44891 -0.85505 0.44134 -0.27224 0 0.52501 0.8511 
0.51855 0.7388 -0.43044 -0.85505 0.44805 -0.26104 0 0.50341 0.86405 
0.067805 0.88888 -0.45309 0 -0.45414 -0.89093 -0.9977 0.060409 -0.030793 
0.067805 0.89384 -0.44322 0 -0.44425 -0.89591 -0.9977 0.060747 -0.030122 
0.1811 0.84585 -0.50174 0 -0.51017 -0.86007 -0.98347 0.15576 -0.092389 
0.1811 0.84823 -0.49771 0 -0.50608 -0.86249 -0.98347 0.15619 -0.091648 
0.1811 0.92225 -0.34157 0 -0.34731 -0.93775 -0.98347 0.16982 -0.062896 
0.27385 0.89429 -0.35391 0.15824 -0.40486 -0.90058 -0.94867 0.19062 -0.25238 
0.27385 0.93567 -0.22254 0.15824 -0.27206 -0.94918 -0.94867 0.22472 -0.22256 
0.27385 0.86254 -0.42548 0.15824 -0.47676 -0.86467 -0.94867 0.16946 -0.26705 
0.70625 0.6267 -0.32934 0 -0.46519 -0.88521 -0.70796 0.62518 -0.32854 
0.70625 0.53688 -0.46149 0 -0.65185 -0.75835 -0.70796 0.53558 -0.46037 
-0.20861 0.78157 -0.58791 0.26816 -0.53239 -0.8029 -0.94052 -0.32515 -0.098527 
0.60171 0.79427 0.084128 -0.79871 0.59836 0.063378 0 -0.10533 0.99444 
0.63149 0.77487 -0.028221 -0.77539 0.63107 -0.022983 0 0.036396 0.99934 
0.60463 0.78015 -0.1606 -0.79541 0.5808 -0.17317 -0.041817 0.23245 0.97171 
0.60463 0.73113 -0.31604 -0.79541 0.5334 -0.28776 -0.041817 0.42537 0.90405 
0.60463 0.68954 -0.39869 -0.79541 0.49643 -0.34768 -0.041817 0.52734 0.84862 
0.21038 0.77936 -0.5902 -0.97572 0.12978 -0.17643 -0.060912 0.61298 0.78774 
0.21038 0.78582 -0.58157 -0.97572 0.13172 -0.17499 -0.060912 0.60426 0.79445 
-0.064415 0.8463 -0.5288 -0.99792 -0.054628 0.034134 0 0.5299 0.84806 
-0.064415 0.9273 -0.36872 -0.99792 -0.059857 0.023801 0 0.36949 0.92923 
0.067805 0.89027 -0.45035 0 -0.45139 -0.89233 -0.9977 0.060504 -0.030606 
0.067805 0.8703 -0.48783 0 -0.48896 -0.87231 -0.9977 0.059147 -0.033154 
0.1811 0.85314 -0.48923 0 -0.49746 -0.86749 -0.98347 0.1571 -0.090087 
0.1811 0.83708 -0.51624 0 -0.52492 -0.85115 -0.98347 0.15414 -0.095061 
0.1811 0.95446 -0.23708 0 -0.24106 -0.97051 -0.98347 0.17575 -0.043655 
0.1811 0.94429 -0.27481 0 -0.27943 -0.96017 -0.98347 0.17388 -0.050603 
0.27385 0.93401 -0.22943 0.15824 -0.27905 -0.94715 -0.94867 0.22307 -0.22421 
0.27385 0.91004 -0.31117 0.15824 -0.36176 -0.91874 -0.94867 0.20235 -0.24307 
0.70625 0.68073 -0.19448 0 -0.2747 -0.96153 -0.70796 0.67908 -0.19401 
0.70625 0.62246 -0.33728 0 -0.47641 -0.87922 -0.70796 0.62095 -0.33646 
0.60171 0.62861 -0.49274 -0.79871 0.47356 -0.37121 0 0.61692 0.78703 
0.60171 0.66247 -0.44618 -0.79871 0.49907 -0.33613 0 0.55862 0.82942 
0.63149 0.56714 -0.52875 -0.77539 0.46189 -0.43062 0 0.68191 0.73143 
0.60463 0.62276 -0.49658 -0.79541 0.43935 -0.41748 -0.041817 0.64741 0.761 
0.60463 0.56824 -0.55815 -0.79541 0.39396 -0.46056 -0.041817 0.72243 0.69018 
0.21038 0.69106 -0.6915 -0.97572 0.10436 -0.19257 -0.060912 0.71522 0.69624 
0.21038 0.7557 -0.6202 -0.97572 0.12278 -0.18137 -0.060912 0.6433 0.76319 
0.21038 0.83241 -0.51267 -0.97572 0.14611 -0.16316 -0.060912 0.53455 0.84294 
-0.064415 0.88453 -0.46202 -0.99792 -0.057096 0.029823 0 0.46298 0.88637 
-0.064415 0.89138 -0.44866 -0.99792 -0.057538 0.028961 0 0.44959 0.89323 
0.067805 0.88079 -0.46862 0 -0.4697 -0.88282 -0.9977 0.05986 -0.031848 
0.067805 0.83029 -0.55319 0 -0.55447 -0.83221 -0.9977 0.056428 -0.037595 
0.1811 0.63202 -0.7535 0 -0.76616 -0.64265 -0.98347 0.11638 -0.13875 
0.1811 0.81807 -0.54586 0 -0.55504 -0.83182 -0.98347 0.15064 -0.10052 
0.1811 0.95535 -0.23348 0 -0.2374 -0.97141 -0.98347 0.17592 -0.042992 
0.1811 0.9455 -0.27061 0 -0.27516 -0.9614 -0.98347 0.1741 -0.049831 
0.27385 0.91637 -0.29203 0.15824 -0.34242 -0.92612 -0.94867 0.20741 -0.23878 
0.27385 0.95252 -0.13308 0.15824 -0.18111 -0.97065 -0.94867 0.24475 -0.20032 
0.70625 0.69166 -0.15107 0 -0.21339 -0.97697 -0.70796 0.68998 -0.1507 
0.70625 0.7073 0.030516 0 0.043104 -0.99907 -0.70796 0.70559 0.030442 
0.70625 0.35739 0.61113 0 0.86323 -0.50482 -0.70796 0.35653 0.60965 
0.63149 0.16075 -0.75854 -0.77539 0.13091 -0.61777 0 0.97828 0.20731 
0.60463 0.1914 -0.77317 -0.79541 0.094125 -0.59872 -0.041817 0.97699 0.20915 
0.60463 0.36078 -0.71012 -0.79541 0.22668 -0.56208 -0.041817 0.90468 0.42403 
0.21038 0.5471 -0.8102 -0.97572 0.065871 -0.20888 -0.060912 0.83447 0.54768 
0.21038 0.59083 -0.77888 -0.97572 0.077259 -0.20495 -0.060912 0.80309 0.59274 
0.21038 0.49863 -0.8409 -0.97572 0.053504 -0.21239 -0.060912 0.86516 0.49778 
-0.064415 0.30931 -0.94878 -0.99792 -0.019965 0.061243 0 0.95075 0.30995 
0.32749 0.81803 0.47284 -0.085546 0.52405 -0.84738 -0.94098 0.23705 0.2416 
0.2581 0.71935 -0.64492 -0.96612 0.19217 -0.17229 0 0.66754 0.74457 
0.2581 0.71473 -0.65003 -0.96612 0.19094 -0.17365 0 0.67283 0.7398 
0.51855 0.70002 -0.491 -0.85505 0.42453 -0.29777 0 0.57424 0.81869 
0.1811 0.85657 -0.48321 0 -0.49133 -0.87097 -0.98347 0.15773 -0.088978 
0.51124 0.50182 0.69772 -0.78032 -0.069201 0.62154 0.36018 -0.8622 0.3562 
0.56543 0.82458 -0.018938 -0.82479 0.56528 -0.012983 0 0.022961 0.99974 
0.56543 0.80136 0.19521 -0.82479 0.54937 0.13383 0 -0.23668 0.97159 
0.44617 0.54851 0.70715 -0.89357 0.22915 0.38604 0.049708 -0.80413 0.59237 
-0.049967 0.95255 -0.30025 -0.50639 -0.28328 -0.81445 -0.86086 0.11135 0.49651 
0.0022322 0.63914 -0.76909 -0.076639 -0.76672 -0.63739 -0.99706 0.060365 0.047272 
0.0022322 0.61019 -0.79225 -0.076639 -0.78982 -0.60853 -0.99706 0.062076 0.045001 
0.35785 0.43087 -0.82843 0 -0.88718 -0.46143 -0.93378 0.16512 -0.31747 
0.24568 0.78587 -0.56749 0.053733 -0.59557 -0.8015 -0.96786 0.16642 -0.18855 
0.51855 0.6544 -0.55034 -0.85505 0.39687 -0.33376 0 0.64363 0.76533 
0.51855 0.65125 -0.55406 -0.85505 0.39495 -0.33602 0 0.64799 0.76165 
0.51855 0.68344 -0.51382 -0.85505 0.41448 -0.31161 0 0.60093 0.7993 
0.25283 0.93493 -0.24898 0.080251 -0.27672 -0.95759 -0.96418 0.22213 -0.14499 
0.6015 0.7981 0.035142 0 0.04399 -0.99903 -0.79888 0.60091 0.02646 
0.46862 0.72003 -0.51182 -0.84433 0.53546 -0.019775 0.25982 0.44141 0.85887 
0.50223 0.81114 -0.2997 -0.85416 0.51938 -0.025686 0.13482 0.26889 0.95369 
0.50223 0.85913 -0.098298 -0.85416 0.51059 0.098508 0.13482 0.034488 0.99027 
0.56543 0.82129 -0.075961 -0.82479 0.56303 -0.052075 0 0.092097 0.99575 
0.24032 0.93888 -0.24647 -0.4568 -0.11465 -0.88215 -0.85649 0.32459 0.40133 
0.2102 0.96163 0.17632 -0.3761 0.246 -0.89333 -0.90242 0.12146 0.41338 
0.30916 0.94991 -0.045667 0 -0.04802 -0.99885 -0.95101 0.3088 -0.014846 
0.12586 0.9893 -0.073732 0 -0.074323 -0.99723 -0.99205 0.12551 -0.0093542 
0.071146 0.97751 -0.19853 0 -0.19903 -0.97999 -0.99747 0.069723 -0.01416 
0.6054 0.794 -0.05537 -0.75017 0.59246 0.29365 0.26596 -0.13624 0.95431 
-0.832 0.53646 -0.14135 0.55081 0.76842 -0.32578 -0.066156 -0.34891 -0.93482 
-0.78599 0.4649 -0.40754 0.61727 0.5532 -0.55942 -0.034621 -0.69126 -0.72178 
0.50846 0.48245 0.71324 -0.29249 0.87582 -0.38392 -0.80989 -0.013409 0.58643 
-0.8292 0.41209 0.37762 0.10098 0.77493 -0.62392 -0.54975 -0.47923 -0.68419 
-0.83071 0.25146 0.49668 -0.18249 0.71989 -0.66967 -0.52595 -0.64694 -0.55213 
-0.87031 0.40626 -0.27841 0.49133 0.67726 -0.54765 -0.033935 -0.61341 -0.78903 
-0.90381 0.40215 0.14628 0.19489 0.69115 -0.69594 -0.38097 -0.60049 -0.70305 
-0.94933 0.12762 0.28719 -0.088065 0.7692 -0.63291 -0.30168 -0.62613 -0.71899 
-0.90082 0.012663 0.43401 -0.33992 0.60135 -0.72308 -0.27014 -0.79889 -0.5374 
-0.0081457 0.98472 0.17394 -0.99997 -0.0080216 -0.0014169 0 -0.17395 0.98475 
0.048266 0.93861 0.34159 -0.99883 0.045356 0.016506 0 -0.34199 0.9397 
0.17627 0.98192 0.068975 -0.98148 0.18066 -0.063737 -0.075046 -0.056463 0.99558 
0.32939 0.87055 -0.36557 -0.93591 0.24986 -0.24828 -0.1248 0.42392 0.89706 
0.38905 0.90258 -0.18438 -0.92122 0.38118 -0.077868 0 0.20015 0.97977 
0.40103 0.8922 -0.20776 -0.89087 0.32701 -0.31532 -0.21339 0.31153 0.92597 
0.46348 0.49174 -0.73714 -0.82716 -0.058236 -0.55894 -0.31778 0.86879 0.37976 
-0.056095 0.53886 0.84052 -0.99843 -0.030275 -0.047223 0 -0.84185 0.53971 
0.095352 0.32591 0.94058 -0.99472 0.067294 0.077523 -0.03803 -0.943 0.33061 
0.26135 0.45737 0.85001 -0.96524 0.12384 0.23015 0 -0.88061 0.47384 
0.38905 0.66474 0.63778 -0.92122 0.28073 0.26935 0 -0.69233 0.72158 
-0.3754 0.90412 -0.20407 0.87732 0.41764 0.23642 0.29898 -0.090282 -0.94998 
-0.01251 0.18277 0.98308 -0.99758 -0.069521 0.00023097 0.068387 -0.98069 0.1832 
0.051941 0.022225 0.9984 -0.99551 -0.078102 0.053529 0.079167 -0.9967 0.018068 
0.20638 -0.042484 0.97755 -0.97847 -0.0089608 0.20619 0 -0.99906 -0.043419 
0.97952 0.051848 0.19456 -0.19793 0.42526 0.88316 -0.036949 -0.90358 0.42681 
0.98493 0.067905 0.15907 -0.17287 0.41642 0.89259 -0.0056282 -0.90663 0.42188 
0.99417 0.042022 0.099258 -0.10772 0.41913 0.90151 -0.0037189 -0.90695 0.42121 
-0.21957 0.91002 -0.35165 0.11398 -0.33405 -0.93564 -0.96892 -0.24552 -0.030382 
0.56543 0.79413 0.2228 -0.82479 0.54441 0.15274 0 -0.27013 0.96282 
0.50223 0.86384 0.039337 -0.85416 0.48848 0.17832 0.13482 -0.12316 0.98319 
-0.049967 0.98463 -0.16737 -0.50639 -0.16942 -0.8455 -0.86086 0.042509 0.50707 
0.56543 0.81631 0.11802 -0.82479 0.55962 0.080911 0 -0.1431 0.98971 
0.50223 0.86442 -0.023387 -0.85416 0.50012 0.14244 0.13482 -0.05156 0.98953 
0.50223 0.8565 -0.11905 -0.85416 0.51283 0.086129 0.13482 0.058431 0.98915 
-0.17952 0.93591 -0.30307 0 -0.30807 -0.95136 -0.98376 -0.17078 0.055304 
0.61657 0.78716 0.015084 -0.78609 0.61444 0.067329 0.04373 -0.05337 0.99762 
0.61657 0.76828 -0.17201 -0.78609 0.61288 -0.080294 0.04373 0.18472 0.98182 
0.074333 0.95098 0.3002 -0.99492 0.050214 0.087283 0.06793 -0.30516 0.94987 
0.51259 0.81486 0.27064 -0.81326 0.35965 0.45746 0.27543 -0.45459 0.84705 
0.6054 0.7828 0.14391 -0.75017 0.50077 0.43182 0.26596 -0.36938 0.89041 
0.074333 0.95198 0.29701 -0.99492 0.050506 0.087114 0.06793 -0.30198 0.95089 
-0.53158 0.84687 -0.014913 0.84539 0.5294 -0.071155 -0.052365 -0.050432 -0.99735 
-0.53158 0.84575 -0.046144 0.84539 0.52641 -0.090636 -0.052365 -0.08719 -0.99481 
0.6203 0.5615 -0.54767 -0.77268 0.55752 -0.30354 0.1349 0.61146 0.77969 
0.21205 0.90646 -0.36519 -0.97726 0.19669 -0.079242 0 0.37369 0.92755 
0.3702 0.92655 -0.066828 -0.92895 0.36924 -0.026631 0 0.071939 0.99741 
0.05676 0.88318 -0.4656 -0.99434 0.0080364 -0.10597 -0.089852 0.46897 0.87863 
0.018571 0.96773 -0.25129 -0.9575 -0.055146 -0.28313 -0.28785 0.24587 0.92558 
0.082487 0.99659 0.0016425 -0.92453 0.077137 -0.37323 -0.37209 0.029268 0.92774 
0.05676 0.92076 -0.38597 -0.99434 0.017342 -0.10485 -0.089852 0.38974 0.91653 
0.018571 0.98613 -0.16495 -0.9575 -0.029956 -0.28689 -0.28785 0.16326 0.94366 
0.082487 0.99451 0.06437 -0.92453 0.10048 -0.36764 -0.37209 -0.029186 0.92774 
0.0027893 0.96843 -0.24926 -0.99709 -0.01631 -0.074527 -0.07624 0.24874 0.96557 
0.22279 0.972 -0.074717 -0.84641 0.15484 -0.50953 -0.48369 0.17676 0.8572 
0.22279 0.96507 0.13785 -0.84641 0.26165 -0.46383 -0.48369 -0.013338 0.87514 
0.0027893 0.98815 -0.15345 -0.99709 -0.0089508 -0.075764 -0.07624 0.15321 0.98525 
0.1495 0.97935 0.13612 -0.93128 0.18572 -0.31341 -0.33222 -0.079916 0.93981 
0.22279 0.95441 0.19868 -0.84641 0.29049 -0.44633 -0.48369 -0.068726 0.87253 
0.0027893 0.99424 -0.10718 -0.99709 -0.0054059 -0.076099 -0.07624 0.10707 0.99132 
0.1495 0.97116 0.18576 -0.93128 0.20143 -0.30356 -0.33222 -0.12762 0.93453 
0.22279 0.91967 0.32337 -0.84641 0.34706 -0.40391 -0.48369 -0.18371 0.85574 
0.0027893 0.994 0.10938 -0.99709 0.011103 -0.075478 -0.07624 -0.10885 0.99113 
0.1495 0.97781 0.14674 -0.93128 0.18911 -0.31138 -0.33222 -0.090108 0.93889 
0.22279 0.97474 0.015972 -0.84641 0.20154 -0.49293 -0.48369 0.096302 0.86992 
0.029274 0.96175 0.27236 -0.99245 -0.0045037 0.12258 0.11911 -0.27389 0.95436 
0.32939 0.89132 -0.31153 -0.93591 0.26461 -0.2325 -0.1248 0.36814 0.92136 
0.1373 0.96092 -0.24039 -0.99052 0.13199 -0.038144 -0.0049255 0.24335 0.96993 
0.35118 0.79462 -0.49523 -0.92908 0.23012 -0.28958 -0.11614 0.5618 0.81908 
0.40103 0.67623 -0.61797 -0.89087 0.13076 -0.43504 -0.21339 0.72499 0.65487 
0.46348 0.51029 -0.72442 -0.82716 -0.044037 -0.56024 -0.31778 0.85888 0.40168 
0.35118 0.8419 -0.40974 -0.92908 0.25904 -0.26403 -0.11614 0.4734 0.87316 
0.40103 0.78546 -0.47141 -0.89087 0.21452 -0.40042 -0.21339 0.58054 0.78577 
0.46348 0.57425 -0.67484 -0.82716 0.0072606 -0.56192 -0.31778 0.81865 0.47836 
-0.058233 0.9953 0.077362 0.15207 0.085433 -0.98467 -0.98665 -0.045576 -0.15633 
-0.50339 0.77829 -0.37533 0.34171 -0.21965 -0.91378 -0.79362 -0.58824 -0.15538 
-0.76856 0.63431 0.0835 0.15371 0.30976 -0.93831 -0.62104 -0.70831 -0.33557 
-0.82285 0.56054 0.093366 0.13575 0.35343 -0.92556 -0.55181 -0.74892 -0.36691 
-0.78443 0.50804 0.35576 -0.052516 0.51714 -0.85429 -0.61799 -0.68881 -0.37898 
0.87386 0.031867 0.48513 -0.48044 0.20944 0.85165 -0.074465 -0.9773 0.19833 
0.77273 0.5593 0.30012 -0.35907 -0.0047182 0.9333 0.52341 -0.82895 0.19718 
-0.94196 0.33199 -0.049906 0.10439 0.14834 -0.98341 -0.31908 -0.93154 -0.17439 
-0.9165 0.31986 0.24024 -0.14651 0.29044 -0.94561 -0.37224 -0.90185 -0.21932 
-0.9165 0.2691 0.296 -0.14651 0.46272 -0.87432 -0.37224 -0.84468 -0.38465 
-0.0081457 0.64644 0.76292 -0.99997 -0.0052659 -0.0062148 0 -0.76295 0.64646 
0.048266 0.62485 0.77925 -0.99883 0.030194 0.037655 0 -0.78016 0.62558 
0.17627 0.65579 0.73408 -0.98148 0.17395 0.080276 -0.075046 -0.73463 0.6743 
0.32939 0.79069 0.51605 -0.93591 0.34566 0.067762 -0.1248 -0.50529 0.85388 
0.35118 0.61141 0.70912 -0.92908 0.32149 0.18291 -0.11614 -0.72306 0.68095 
0.40103 0.36915 0.83839 -0.89087 0.37035 0.26306 -0.21339 -0.85239 0.47738 
0.46348 0.62115 0.63194 -0.82716 0.55905 0.05716 -0.31778 -0.54921 0.7729 
0.63755 0.69372 0.33508 -0.71724 0.69325 -0.07056 -0.28124 -0.19534 0.93954 
-0.0081457 0.15776 0.98744 -0.99997 -0.0012852 -0.0080437 0 -0.98748 0.15777 
0.048266 0.075355 0.99599 -0.99883 0.0036413 0.048128 0 -0.99715 0.075443 
0.17627 0.10819 0.97838 -0.98148 0.095094 0.16631 -0.075046 -0.98957 0.12294 
0.32939 0.12044 0.93648 -0.93591 0.17274 0.30697 -0.1248 -0.97758 0.16962 
0.46348 0.02207 0.88583 -0.82716 0.36929 0.42359 -0.31778 -0.92905 0.18942 
-0.63851 0.020708 -0.76933 0.71641 0.38119 -0.58433 0.28116 -0.92426 -0.25823 
0.76809 -0.43415 0.47069 -0.43773 0.18049 0.8808 -0.46736 -0.88257 -0.051407 
0.6598 -0.52915 0.53354 -0.33711 0.42613 0.83951 -0.67158 -0.73377 0.10278 
-0.01251 -0.10399 0.9945 -0.99758 -0.066723 -0.019525 0.068387 -0.99234 -0.1029 
0.051941 -0.18999 0.98041 -0.99551 -0.087677 0.035751 0.079167 -0.97786 -0.19369 
0.20638 -0.17729 0.96228 -0.97847 -0.037395 0.20296 0 -0.98345 -0.18119 
0.57332 -0.18895 0.79724 -0.75703 0.25 0.60366 -0.31337 -0.94963 0.00029587 
0.7124 -0.22897 0.66337 -0.56788 0.36728 0.73663 -0.41231 -0.90148 0.13162 
-0.73304 -0.49307 -0.46854 0.34061 0.33016 -0.88033 0.58876 -0.80491 -0.074069 
0.79171 0.10467 0.60187 -0.61054 0.16916 0.77371 -0.020823 -0.98002 0.19783 
0.98343 -0.027459 0.17919 -0.17329 0.14779 0.97372 -0.053218 -0.98864 0.14058 
0.98493 0.016283 0.17219 -0.17287 0.12507 0.97697 -0.0056282 -0.99201 0.126 
0.99434 0.01698 0.10491 -0.10619 0.1968 0.97467 -0.0040961 -0.9803 0.19749 
-0.08831 -0.88398 -0.45911 0.99403 -0.048537 -0.097748 0.064124 -0.465 0.88299 
0.29056 0.47802 0.8289 -0.94251 0.29242 0.16175 -0.16507 -0.82824 0.5355 
0.29056 0.37847 0.87883 -0.94251 0.27164 0.19463 -0.16507 -0.88485 0.43564 
-0.38912 0.30923 -0.86773 0.91708 0.21885 -0.33326 0.086852 -0.92546 -0.36875 
-0.38912 0.61566 -0.68523 0.91708 0.32904 -0.22515 0.086852 -0.71602 -0.69265 
-0.64445 0.03395 0.7639 0.76418 -0.0062787 0.64497 0.026693 0.9994 -0.021898 
0.17998 -0.62726 0.75773 -0.10791 0.75307 0.64903 -0.97773 -0.19858 0.067845 
0.17998 0.95499 -0.23579 -0.10791 -0.21909 -0.96972 -0.97773 0.19997 0.063626 
0.53048 0.77199 -0.35016 -0.26225 -0.24335 -0.93381 -0.80611 0.5872 0.07336 
0.73559 0.3673 -0.56921 -0.49319 -0.28566 -0.82168 -0.4644 0.88515 -0.028987 
0.64388 0.42793 -0.63427 -0.66336 -0.10086 -0.74147 -0.38126 0.89817 0.21893 
0.57841 0.51281 -0.6344 -0.72139 -0.041523 -0.69128 -0.38084 0.8575 0.34592 
0.46103 0.43747 -0.77206 -0.83285 -0.086997 -0.54663 -0.3063 0.89501 0.32424 
0.34272 0.3424 -0.87482 -0.92823 -0.019963 -0.37146 -0.14465 0.93934 0.31099 
-0.14753 0.063676 -0.98701 -0.98616 0.066866 0.15172 0.075658 0.99573 0.05293 
0.09978 0.019324 -0.99482 -0.98482 0.14462 -0.095968 0.14202 0.9893 0.033461 
0.09978 -0.11376 -0.98849 -0.98482 0.1305 -0.11443 0.14202 0.9849 -0.09901 
0.26596 0.013148 -0.9639 -0.91736 0.31065 -0.24888 0.29616 0.95043 0.09468 
-0.17688 -0.11844 -0.97708 -0.4957 0.86836 -0.015523 0.85029 0.48159 -0.21231 
0.14616 0.26561 -0.95294 -0.40328 0.8956 0.18778 0.90333 0.35686 0.23801 
-0.08831 -0.53605 -0.83956 0.99403 0.0068333 -0.10892 0.064124 -0.84416 0.53224 
0.26253 0.8956 0.35914 -0.92552 0.339 -0.16882 -0.27294 -0.28807 0.91789 
0.29056 0.91391 0.28345 -0.94251 0.32446 -0.079986 -0.16507 -0.24392 0.95564 
0.23 0.94653 0.22622 -0.95293 0.26623 -0.14509 -0.19756 -0.18221 0.96321 
-0.38912 0.86165 0.32578 0.91708 0.32901 0.22519 0.086852 0.3864 -0.91823 
-0.17144 0.6974 0.69588 0.98167 0.061278 0.18045 0.0832 0.71406 -0.69512 
-0.61569 0.35217 0.70491 0.7875 0.24357 0.56614 0.027688 0.90369 -0.4273 
0.17998 0.97515 -0.12921 -0.10791 -0.11099 -0.98794 -0.97773 0.19175 0.085255 
0.75222 0.64414 -0.13878 -0.39834 0.27676 -0.87449 -0.52488 0.71309 0.46477 
0.75222 0.63047 -0.19153 -0.39834 0.20356 -0.89436 -0.52488 0.74905 0.40426 
0.73559 0.36669 -0.5696 -0.49319 -0.28654 -0.82138 -0.4644 0.88512 -0.029927 
0.63755 0.34905 -0.6868 -0.71724 -0.056516 -0.69453 -0.28124 0.9354 0.21432 
0.53359 0.52825 -0.66048 -0.8024 0.069379 -0.59275 -0.2673 0.84625 0.46089 
0.46103 0.47153 -0.75174 -0.83285 -0.06249 -0.54997 -0.3063 0.87963 0.3639 
0.34272 0.47761 -0.80897 -0.92823 0.039564 -0.36989 -0.14465 0.87768 0.45689 
0.26713 0.47629 -0.83773 -0.96362 0.12382 -0.23688 -0.0090964 0.87052 0.49204 
0.17749 0.39262 -0.90241 -0.98411 0.065378 -0.16511 -0.0058289 0.91737 0.39799 
0.09978 0.14333 -0.98463 -0.98482 0.15547 -0.077168 0.14202 0.97739 0.15667 
0.26596 -0.20074 -0.94285 -0.91736 0.24778 -0.31152 0.29616 0.94779 -0.11825 
-0.20985 -0.27985 -0.93683 -0.68702 0.72395 -0.062363 0.69567 0.63054 -0.34419 
0.63755 0.47828 -0.60396 -0.71724 0.082303 -0.69195 -0.28124 0.87434 0.39552 
0.53359 0.50132 -0.68115 -0.8024 0.045537 -0.59505 -0.2673 0.86406 0.42656 
0.46348 0.51875 -0.71838 -0.82716 -0.037459 -0.56071 -0.31778 0.8541 0.41173 
0.46348 0.74693 -0.47674 -0.82716 0.17175 -0.53508 -0.31778 0.64234 0.69743 
0.26713 0.44944 -0.85243 -0.96362 0.11623 -0.24069 -0.0090964 0.88571 0.46414 
0.1373 0.20025 -0.97008 -0.99052 0.022887 -0.13547 -0.0049255 0.97948 0.2015 
0.1373 -0.031562 -0.99003 -0.99052 -0.0093448 -0.13707 -0.0049255 0.99946 -0.032545 
0.34406 -0.27926 -0.89646 -0.93887 -0.11491 -0.32454 -0.01238 0.95332 -0.30172 
-0.20985 0.64911 -0.73118 -0.68702 0.43419 0.58264 0.69567 0.62461 0.35484 
0.14616 -0.37514 -0.91537 -0.40328 0.82233 -0.40141 0.90333 0.42782 -0.0311 
0.14616 0.98267 -0.114 -0.40328 0.16441 0.90018 0.90333 -0.085594 0.42032 
0.26253 0.95267 0.15327 -0.92552 0.29354 -0.23927 -0.27294 -0.079039 0.95878 
0.29056 0.95595 0.041687 -0.94251 0.29344 -0.15988 -0.16507 0.007163 0.98626 
0.23 0.97271 0.03056 -0.95293 0.23147 -0.19583 -0.19756 0.01592 0.98016 
-0.38912 0.80741 0.44347 0.91708 0.29416 0.26913 0.086852 0.51143 -0.85493 
-0.46248 0.54078 0.70261 0.87446 0.14733 0.46219 0.14643 0.82816 -0.54103 
-0.61569 0.32122 0.71954 0.7875 0.21874 0.57619 0.027688 0.9214 -0.38764 
0.17998 0.91821 -0.35284 -0.10791 -0.33811 -0.9349 -0.97773 0.20634 0.038236 
0.75222 0.62916 -0.1958 -0.39834 0.1975 -0.89572 -0.52488 0.75177 0.39918 
0.75222 0.65866 0.018311 -0.39834 0.4767 -0.78363 -0.52488 0.58217 0.62095 
0.70285 0.28337 -0.65245 -0.59147 -0.27673 -0.75735 -0.39517 0.91822 -0.026893 
0.63755 0.45462 -0.62197 -0.71724 0.055541 -0.69461 -0.28124 0.88895 0.36148 
0.53359 0.63069 -0.56349 -0.8024 0.16694 -0.57297 -0.2673 0.75787 0.59514 
0.46348 0.66804 -0.58216 -0.82716 0.090568 -0.55462 -0.31778 0.73859 0.59455 
0.46348 0.76712 -0.44351 -0.82716 0.19506 -0.52703 -0.31778 0.61113 0.72494 
0.40103 0.7002 -0.59068 -0.89087 0.1479 -0.42952 -0.21339 0.69846 0.68309 
0.1373 0.11671 -0.98363 -0.99052 0.011239 -0.13693 -0.0049255 0.9931 0.11714 
0.1373 0.11141 -0.98424 -0.99052 0.010502 -0.13698 -0.0049255 0.99372 0.1118 
0.34406 0.74566 -0.57063 -0.93887 0.26519 -0.21955 -0.01238 0.61129 0.79131 
0.41045 0.86159 -0.29865 -0.91071 0.37065 -0.1823 -0.046378 0.3468 0.93679 
-0.059298 0.94352 0.32598 0.9943 0.084804 -0.064587 -0.088584 0.32029 -0.94317 
0.72641 0.2769 -0.62901 -0.64325 0.59618 -0.48041 0.24198 0.75359 0.61119 
-0.17952 0.65781 -0.73148 0 -0.74356 -0.66867 -0.98376 -0.12004 0.13348 
-0.62106 -0.20472 -0.75655 0.78376 -0.16222 -0.5995 0 -0.96528 0.2612 
-0.64026 0.19507 -0.74297 0.76501 0.24938 -0.59378 0.069454 -0.94855 -0.3089 
-0.6173 0.24006 -0.74921 0.77326 0.36059 -0.52158 0.14495 -0.9013 -0.40822 
0.32088 0.5935 0.7381 -0.88686 -0.085255 0.45411 0.33244 -0.80031 0.49899 
0.61657 0.48559 0.61971 -0.78609 0.33598 0.51883 0.04373 -0.80704 0.58887 
0.53873 0.51884 0.66376 -0.84143 0.29206 0.45463 0.042021 -0.80343 0.59391 
0.33057 0.438 0.83599 -0.93911 0.064621 0.33749 0.093799 -0.89665 0.43269 
-0.17123 0.73351 -0.65776 0.12219 -0.64665 -0.75293 -0.97762 -0.2093 0.021102 
0.036343 0.67574 -0.73624 0 -0.73673 -0.67619 -0.99934 0.024575 -0.026775 
0.59377 0.72051 0.3582 -0.71109 0.6782 -0.18545 -0.37654 -0.1446 0.91504 
0.59377 0.77071 0.23117 -0.71109 0.63707 -0.29748 -0.37654 0.012247 0.92632 
-0.58471 0.5731 -0.57417 0.78701 0.57243 -0.23009 0.19681 -0.58642 -0.78574 
0.30791 0.7346 -0.6046 0 -0.63548 -0.77212 -0.95141 0.23774 -0.19567 
0.59377 0.80461 0.0064908 -0.71109 0.5285 -0.46372 -0.37654 0.27073 0.88596 
0.7648 0.64055 0.069053 -0.60321 0.74959 -0.27248 -0.2263 0.16674 0.95968 
0.0012756 0.97591 0.21818 -0.99995 -0.00081473 0.0094903 0.0094394 -0.21819 0.97586 
0.34036 0.91133 0.2316 -0.90647 0.25254 0.33843 0.24993 -0.32513 0.91205 
0.91446 -0.2691 -0.30223 -0.32211 -0.031947 -0.94616 0.24496 0.96258 -0.11589 
0.71629 0.22804 -0.6595 -0.66363 0.51477 -0.54278 0.21571 0.82645 0.52005 
0.84482 -0.052002 -0.53251 -0.50951 0.22564 -0.83035 0.16334 0.97282 0.16413 
0.72139 0.33839 -0.60423 -0.67291 0.54872 -0.49609 0.16368 0.76446 0.62354 
0.66107 0.39364 -0.63878 -0.70975 0.60422 -0.36218 0.24339 0.6928 0.67881 
-0.054498 0.68915 0.72257 0.1449 -0.71052 0.68859 0.98794 0.14223 -0.061135 
-0.21144 0.66761 0.71386 0.30933 -0.64712 0.69682 0.92715 0.36815 -0.069681 
0.0546 0.86554 0.49786 -0.20688 -0.47798 0.85366 0.97684 -0.14961 0.15297 
0.3126 0.70012 -0.64196 0 -0.67583 -0.73706 -0.94989 0.2304 -0.21126 
0.24819 0.26136 -0.93279 -0.26591 -0.90755 -0.32504 -0.9315 0.32871 -0.15574 
-0.74303 0.5591 0.36786 0 -0.54965 0.8354 0.66926 0.62072 0.40841 
-0.74303 0.56936 0.35177 0 -0.5256 0.85073 0.66926 0.63212 0.39054 
-0.74303 0.63096 0.22316 0 -0.33344 0.94277 0.66926 0.70051 0.24776 
-0.74303 0.65669 0.12909 0 -0.19289 0.98122 0.66926 0.72907 0.14332 
0.8168 0.28032 0.50423 -0.31957 0.94752 -0.0090994 -0.48032 -0.1537 0.86352 
0.8168 -0.52607 -0.23681 -0.31957 -0.75432 0.57348 -0.48032 -0.39274 -0.78425 
-0.56461 0.71103 0.41911 0 -0.50779 0.86148 0.82536 0.4864 0.28671 
-0.56461 0.72223 0.39949 0 -0.48402 0.87506 0.82536 0.49407 0.27328 
0.36219 0.87659 0.31688 -0.91133 0.26165 0.31783 0.19569 -0.4039 0.89363 
0.48484 0.85735 0.17284 -0.85755 0.42718 0.28658 0.17187 -0.28717 0.94234 
0.8168 0.44701 -0.36471 -0.31957 -0.17576 -0.93112 -0.48032 0.87709 -0.00071321 
0.8168 0.52991 0.2281 -0.31957 0.74477 -0.58583 -0.48032 0.40562 0.77767 
0.36219 0.6513 0.6668 -0.91133 0.097248 0.40003 0.19569 -0.75256 0.62877 
0.36219 0.7307 0.5787 -0.91133 0.14726 0.38444 0.19569 -0.66663 0.71924 
0.48484 0.69597 0.52967 -0.85755 0.25928 0.44428 0.17187 -0.66962 0.72254 
0.36219 0.25467 0.89664 -0.91133 -0.10521 0.39801 0.19569 -0.96129 0.19398 
0.48484 0.40543 0.77495 -0.85755 0.046249 0.51232 0.17187 -0.91295 0.3701 
0.48484 0.43651 0.75788 -0.85755 0.066979 0.51002 0.17187 -0.8972 0.40681 
-0.10578 -0.17847 0.97824 -0.99404 -0.0071844 -0.1088 0.026445 -0.98392 -0.17664 
0.32013 -0.14408 0.93635 -0.93018 0.13963 0.33951 -0.17966 -0.97966 -0.089324 
0.32013 0.11997 0.93975 -0.93018 0.22792 0.28778 -0.17966 -0.96626 0.18456 
0.57294 0.19327 0.79649 -0.81721 0.060612 0.57314 0.062491 -0.97927 0.19267 
-0.10578 -0.11744 0.98743 -0.99404 -0.013919 -0.10814 0.026445 -0.99298 -0.11527 
0.32013 -0.28507 0.90347 -0.93018 0.086273 0.35682 -0.17966 -0.95462 -0.23754 
0.32013 -0.10318 0.94174 -0.93018 0.15428 0.33311 -0.17966 -0.98262 -0.046581 
0.44023 -0.16673 0.88227 -0.82506 0.31254 0.47074 -0.35423 -0.93516 2.8658e-005 
-0.30487 -0.46391 -0.83177 0.91162 0.11068 -0.39586 0.27571 -0.87894 0.38916 
0.32013 -0.41104 0.85356 -0.93018 0.034484 0.36548 -0.17966 -0.91096 -0.3713 
0.32013 -0.24254 0.9158 -0.93018 0.10285 0.3524 -0.17966 -0.96467 -0.19268 
0.44023 -0.33523 0.83296 -0.82506 0.21496 0.52256 -0.35423 -0.91729 -0.18196 
0.44875 -0.75125 0.48398 -0.7262 0.0090755 0.68742 -0.52082 -0.65995 -0.54149 
-0.30487 -0.34388 -0.88815 0.91162 0.1646 -0.37665 0.27571 -0.92448 0.2633 
-0.30487 -0.46277 -0.83241 0.91162 0.11122 -0.39571 0.27571 -0.87947 0.38796 
-0.39738 -0.46819 -0.78924 0.85289 0.12895 -0.50592 0.33864 -0.87417 0.34807 
-0.56749 -0.54392 -0.61815 0.63272 0.19234 -0.75011 0.52689 -0.8168 0.235 
-0.30487 -0.38849 -0.86956 0.91162 0.14528 -0.38452 0.27571 -0.90993 0.30986 
-0.30487 -0.33885 -0.89008 0.91162 0.16672 -0.37571 0.27571 -0.92595 0.25807 
-0.4484 -0.69022 -0.56791 0.69454 0.13088 -0.70745 0.56263 -0.71166 0.4207 
-0.5817 -0.55277 -0.59672 0.54901 0.27448 -0.78946 0.60018 -0.78683 0.14381 
0.20813 -0.25076 0.94541 -0.9781 -0.053359 0.20117 0 -0.96658 -0.25637 
-0.4484 -0.56203 -0.69502 0.69454 0.27036 -0.66672 0.56263 -0.78168 0.26912 
-0.4484 -0.59176 -0.66989 0.69454 0.24108 -0.67786 0.56263 -0.76922 0.30289 
-0.5817 -0.35506 -0.73182 0.54901 0.49247 -0.67532 0.60018 -0.79461 -0.091544 
0.20813 -0.3218 0.92365 -0.9781 -0.068475 0.19654 0 -0.94433 -0.329 
0.36836 -0.18815 0.91045 -0.92968 -0.074547 0.36074 0 -0.97931 -0.20238 
-0.42701 -0.52002 -0.73975 0.70924 0.31487 -0.63074 0.56093 -0.794 0.23437 
-0.59556 -0.27536 -0.75465 0.5842 0.49634 -0.64215 0.55138 -0.8233 -0.13474 
0.23733 -0.20495 0.94956 -0.97143 -0.05007 0.23199 0 -0.97749 -0.21097 
0.46724 -0.38802 0.79443 -0.77985 0.24247 0.57709 -0.41655 -0.88918 -0.18931 
-0.42701 -0.64832 -0.63036 0.70924 0.1923 -0.67823 0.56093 -0.73669 0.3777 
0.23733 -0.14299 0.96085 -0.97143 -0.034935 0.23474 0 -0.98911 -0.1472 
0.35144 -0.0099615 0.93616 -0.93621 -0.0037394 0.35142 0 -0.99994 -0.01064 
0.73194 -0.36771 0.57363 -0.5239 0.23457 0.81885 -0.43565 -0.89987 -0.020952 
0.21205 -0.011082 0.9772 -0.97726 -0.0024046 0.21204 0 -0.99994 -0.01134 
0.3702 0.20309 0.90648 -0.92895 0.080932 0.36124 0 -0.97581 0.21862 
0.73194 -0.36256 0.57689 -0.5239 0.24188 0.81672 -0.43565 -0.90002 -0.012902 
0.05676 0.57974 0.81282 -0.99434 0.1061 -0.0062361 -0.089852 -0.80787 0.58248 
0.018571 0.47192 0.88144 -0.9575 0.26221 -0.12021 -0.28785 -0.84175 0.45674 
0.082487 0.25767 0.96271 -0.92453 0.38045 -0.022611 -0.37209 -0.88818 0.2696 
0.05676 0.35889 0.93165 -0.99434 0.1043 0.0204 -0.089852 -0.92753 0.36278 
0.018571 0.14761 0.98887 -0.9575 0.28737 -0.024914 -0.28785 -0.94638 0.14667 
0.082487 0.14589 0.98586 -0.92453 0.38054 0.021042 -0.37209 -0.91318 0.16627 
0.0027893 0.21281 0.97709 -0.99709 0.075085 -0.013507 -0.07624 -0.97421 0.2124 
0.1495 0.064728 0.98664 -0.93128 0.34449 0.11851 -0.33222 -0.93656 0.11178 
0.22279 0.24492 0.9436 -0.84641 0.52885 0.062579 -0.48369 -0.81261 0.32512 
0.029274 0.48019 0.87668 -0.99245 -0.090551 0.082737 0.11911 -0.87248 0.47391 
0.41045 0.62092 0.66783 -0.91071 0.31637 0.26557 -0.046378 -0.7172 0.69533 
0.1373 0.67637 0.72366 -0.99052 0.097383 0.09691 -0.0049255 -0.7301 0.68332 
0.17749 0.69375 0.69801 -0.98411 0.12932 0.12171 -0.0058289 -0.70851 0.70567 
0.26713 0.62015 0.7376 -0.96362 0.17913 0.19838 -0.0090964 -0.76376 0.64544 
0.34272 0.7644 0.54611 -0.92823 0.36505 0.07156 -0.14465 -0.53144 0.83465 
0.46103 0.61616 0.63859 -0.83285 0.54884 0.071709 -0.3063 -0.56491 0.7662 
0.57841 0.575 0.57863 -0.72139 0.69171 0.033748 -0.38084 -0.43694 0.81489 
0.35118 0.61746 0.70386 -0.92908 0.32305 0.18015 -0.11614 -0.7172 0.68712 
0.40103 0.49708 0.76947 -0.89087 0.40728 0.20119 -0.21339 -0.76618 0.60616 
0.46348 0.53295 0.70791 -0.82716 0.54673 0.12995 -0.31778 -0.64579 0.69424 
-0.50933 0.17895 0.84176 0.16877 0.97992 -0.1062 -0.84386 0.087975 -0.5293 
-0.08831 -0.87108 -0.48314 0.99403 -0.045843 -0.09904 0.064124 -0.489 0.86993 
0.29056 -0.42148 0.85903 -0.94251 0.028805 0.33293 -0.16507 -0.90638 -0.38888 
0.29056 -0.55261 0.78115 -0.94251 -0.024454 0.33328 -0.16507 -0.83308 -0.52794 
-0.38912 -0.49239 -0.77854 0.91708 -0.12739 -0.3778 0.086852 -0.861 0.50113 
-0.38912 -0.40485 -0.82745 0.91708 -0.085566 -0.38941 0.086852 -0.91037 0.40458 
-0.17144 0.19034 -0.96663 0.98167 0.11586 -0.1513 0.0832 -0.97486 -0.20672 
-0.64445 -0.15022 -0.74975 0.76418 -0.092299 -0.63836 0.026693 -0.98433 0.17428 
0.17998 0.71027 -0.68053 -0.10791 -0.6734 -0.73136 -0.97773 0.20507 -0.044547 
0.17998 0.87523 -0.44899 -0.10791 -0.43612 -0.8934 -0.97773 0.20924 0.015957 
0.70012 0.49339 -0.51614 -0.45212 -0.25317 -0.85528 -0.55266 0.83215 0.045824 
0.70012 0.67121 -0.24355 -0.45212 0.15271 -0.87879 -0.55266 0.72537 0.41038 
0.66727 0.44734 -0.59551 -0.63401 -0.078446 -0.76934 -0.39087 0.89092 0.23127 
0.5988 0.16502 -0.78371 -0.77412 -0.13167 -0.6192 -0.20538 0.97746 0.048899 
0.382 0.33215 -0.86241 -0.88364 -0.14202 -0.44611 -0.27065 0.93247 0.23925 
0.21256 0.24349 -0.94632 -0.9595 -0.13123 -0.24928 -0.18489 0.96098 0.20573 
-0.0069401 -0.11067 -0.99383 -0.99937 0.035256 0.0030527 0.0347 0.99323 -0.11085 
-0.14753 -0.27801 -0.94918 -0.98616 0.11476 0.11967 0.075658 0.9537 -0.29109 
0.09978 -0.14899 -0.98379 -0.98482 0.12633 -0.11902 0.14202 0.98074 -0.13412 
0.26596 -0.0054295 -0.96397 -0.91736 0.30579 -0.25482 0.29616 0.95208 0.076348 
-0.17688 -0.08507 -0.98055 -0.4957 0.86838 0.01408 0.85029 0.48855 -0.19577 
-0.08831 -0.88896 -0.4494 0.99403 -0.049605 -0.097211 0.064124 -0.4553 0.88803 
0.36983 -0.35681 0.85785 -0.79988 0.34746 0.48936 -0.47268 -0.86715 -0.15691 
-0.31182 -0.4028 -0.86054 0.91934 0.10083 -0.38032 0.23996 -0.90972 0.33887 
0.30569 -0.89866 0.31458 -0.91747 -0.18968 0.34968 -0.25458 -0.39551 -0.88248 
0.23 0.90604 -0.35523 -0.95293 0.13557 -0.2712 -0.19756 0.40088 0.89457 
0.38057 0.75515 -0.53377 -0.91214 0.21154 -0.35106 -0.15219 0.62048 0.76932 
0.38057 0.88455 -0.26971 -0.91214 0.31106 -0.2669 -0.15219 0.34759 0.92521 
-0.17144 0.88666 0.42947 0.98167 0.11693 0.15047 0.0832 0.4474 -0.89045 
-0.6094 0.23826 0.75622 0.79238 0.14975 0.59136 0.027651 0.95959 -0.28005 
0.17998 0.84594 -0.50199 -0.10791 -0.49026 -0.86487 -0.97773 0.20983 0.0030536 
0.75222 0.4404 -0.49012 -0.39834 -0.28858 -0.87066 -0.52488 0.85016 -0.041648 
0.53048 0.70111 -0.47648 -0.26225 -0.39878 -0.87875 -0.80611 0.59112 -0.027684 
0.70012 0.58824 0.40473 -0.45212 0.80393 -0.38637 -0.55266 0.087518 0.8288 
0.66727 0.65892 -0.34724 -0.63401 0.25784 -0.72907 -0.39087 0.70665 0.58981 
0.5988 0.24248 -0.76331 -0.77412 -0.069168 -0.62925 -0.20538 0.96769 0.14629 
0.382 0.16239 -0.90978 -0.88364 -0.22413 -0.41103 -0.27065 0.96094 0.057873 
0.21256 -0.077506 -0.97407 -0.9595 -0.20517 -0.19305 -0.18489 0.97565 -0.11798 
-0.0069401 -0.53603 -0.84417 -0.99937 0.033012 -0.012746 0.0347 0.84355 -0.53592 
-0.14753 -0.576 -0.80403 -0.98616 0.14785 0.075033 0.075658 0.80397 -0.58984 
0.09978 -0.52375 -0.84601 -0.98482 0.069373 -0.1591 0.14202 0.84904 -0.50888 
0.26596 -0.51047 -0.81773 -0.91736 0.12659 -0.37738 0.29616 0.85053 -0.43462 
-0.20985 -0.63466 -0.74375 -0.68702 0.63696 -0.34969 0.69567 0.43759 -0.5697 
0.64388 0.54246 -0.53958 -0.66336 0.044373 -0.74698 -0.38126 0.83891 0.38842 
0.5988 0.27002 -0.754 -0.77412 -0.046284 -0.63135 -0.20538 0.96174 0.18131 
0.382 0.19719 -0.90288 -0.88364 -0.20819 -0.41933 -0.27065 0.95801 0.094716 
0.21256 -0.21401 -0.95343 -0.9595 -0.23033 -0.16221 -0.18489 0.94929 -0.2543 
-0.0069401 -0.63209 -0.77487 -0.99937 0.031274 -0.01656 0.0347 0.77427 -0.63191 
0.17749 -0.25352 -0.95091 -0.98411 -0.051445 -0.16997 -0.0058289 0.96596 -0.25862 
0.1373 -0.7057 -0.69508 -0.99052 -0.10131 -0.092802 -0.0049255 0.70123 -0.71292 
0.26596 -0.28362 -0.92132 -0.91736 0.21916 -0.33228 0.29616 0.93356 -0.2019 
-0.20985 0.82991 0.51693 -0.68702 -0.50134 0.52598 0.69567 -0.24476 0.67538 
0.14616 -0.96879 -0.20023 -0.40328 0.12648 -0.90629 0.90333 0.21321 -0.37221 
0.5618 -0.65472 0.5057 -0.39109 0.32847 0.85974 -0.72899 -0.68077 -0.071522 
0.36983 -0.32295 0.87117 -0.79988 0.36636 0.47537 -0.47268 -0.87263 -0.12283 
-0.31182 0.11558 -0.94309 0.91934 0.28737 -0.26875 0.23996 -0.95082 -0.19586 
0.30569 -0.039617 -0.95131 -0.91747 -0.2794 -0.28318 -0.25458 0.95936 -0.12176 
0.42645 0.30044 -0.85316 -0.8217 -0.26559 -0.50425 -0.37809 0.91608 0.13361 
0.49056 0.59363 -0.63793 -0.83241 0.10266 -0.54457 -0.25778 0.79817 0.5445 
0.38057 0.85865 -0.34334 -0.91214 0.28745 -0.29218 -0.15219 0.42437 0.89261 
-0.46248 0.67594 0.57377 0.87446 0.24086 0.42108 0.14643 0.69648 -0.70248 
-0.6094 0.31392 0.72807 0.79238 0.20911 0.57307 0.027651 0.92613 -0.37618 
0.17998 0.88659 -0.42611 -0.10791 -0.41277 -0.90442 -0.97773 0.20876 0.021386 
0.75222 0.48793 -0.44283 -0.39834 -0.1986 -0.89548 -0.52488 0.84999 0.044968 
0.75222 0.48331 -0.44786 -0.39834 -0.20788 -0.89337 -0.52488 0.85041 0.036151 
0.73559 0.41451 -0.5358 -0.49319 -0.21454 -0.84305 -0.4644 0.8844 0.046614 
0.64388 0.39451 -0.65557 -0.66336 -0.13912 -0.73525 -0.38126 0.9083 0.17213 
0.57841 0.80519 0.1308 -0.72139 0.57975 -0.3788 -0.38084 0.12474 0.91619 
0.46103 0.56147 -0.68717 -0.83285 0.006487 -0.55347 -0.3063 0.82747 0.47061 
0.34272 0.33835 -0.87639 -0.92823 -0.021683 -0.37136 -0.14465 0.94077 0.30664 
0.26713 0.0099882 -0.96361 -0.96362 -0.0066703 -0.2672 -0.0090964 0.99993 0.0078429 
0.17749 -0.25824 -0.94964 -0.98411 -0.052289 -0.16971 -0.0058289 0.96466 -0.26342 
0.1373 -0.51361 -0.84697 -0.99052 -0.075443 -0.11482 -0.0049255 0.8547 -0.5191 
0.34406 0.87773 0.33349 -0.93887 0.32628 0.10986 -0.01238 -0.3509 0.93633 
0.41045 0.16245 0.8973 -0.91071 0.12307 0.3943 -0.046378 -0.97901 0.19846 
0.56543 0.82059 0.083146 -0.82479 0.56255 0.057001 0 -0.10081 0.99491 
0.44617 0.87907 0.16784 -0.89357 0.42716 0.1381 0.049708 -0.21159 0.97609 
0.44617 0.8676 0.21954 -0.89357 0.41824 0.16313 0.049708 -0.26896 0.96187 
0.24032 0.967 -0.084635 -0.4568 0.035731 -0.88885 -0.85649 0.25227 0.45031 
0.30916 0.82195 -0.47836 0 -0.503 -0.86429 -0.95101 0.2672 -0.15551 
0.21367 0.79378 -0.56944 0 -0.5829 -0.81254 -0.97691 0.17361 -0.12455 
0.12586 0.76331 -0.63365 0 -0.63873 -0.76943 -0.99205 0.096841 -0.08039 
0.034374 0.83187 -0.5539 0 -0.55423 -0.83237 -0.99941 0.028611 -0.019051 
0.60171 0.78335 -0.1559 -0.79871 0.59014 -0.11745 0 0.19519 0.98077 
0.50403 0.71214 -0.48868 -0.86368 0.41559 -0.28519 0 0.56581 0.82453 
0.51855 0.57776 -0.63032 -0.85505 0.35039 -0.38226 0 0.73717 0.6757 
0.2581 0.57087 -0.77942 -0.96612 0.15251 -0.20822 0 0.80675 0.59089 
0.2581 0.62828 -0.73393 -0.96612 0.16784 -0.19607 0 0.75967 0.65031 
0.021613 0.7304 -0.68268 -0.99977 0.01579 -0.014758 0 0.68284 0.73057 
0.04636 0.89996 -0.43351 0 -0.43398 -0.90092 -0.99892 0.041767 -0.020119 
0.15575 0.86335 -0.47996 0 -0.48589 -0.87402 -0.9878 0.13613 -0.075678 
0.15575 0.94544 -0.28616 0 -0.2897 -0.95712 -0.9878 0.14907 -0.04512 
0.6015 0.587 -0.54188 0 -0.6783 -0.73478 -0.79888 0.44197 -0.408 
0.6054 0.79589 0.0070827 -0.75017 0.5676 0.33922 0.26596 -0.21068 0.94068 
-0.53593 0.48201 0.69315 -0.65935 -0.75172 0.012944 0.52729 -0.45009 0.72068 
-0.78599 0.26609 -0.55805 0.61727 0.28721 -0.73245 -0.034621 -0.92017 -0.38999 
-0.78155 0.58515 -0.21631 0.62347 0.74473 -0.23806 0.02179 -0.32091 -0.94686 
