0.47194 -0.44879 0.75885 -0.42771 0.63612 0.6422 -0.77094 -0.62765 0.10826 
-0.32067 0.8257 0.46411 0.79503 0.50098 -0.34197 -0.51487 0.25932 -0.81711 
0.40173 -0.43922 0.80355 -0.73226 0.37286 0.56989 -0.54992 -0.81735 -0.17184 
0.26851 0.94298 -0.19669 -0.080059 -0.18164 -0.9801 -0.95995 0.27891 0.026723 
0.35586 0.56414 -0.74506 -0.058295 -0.7823 -0.62017 -0.93272 0.26413 -0.2455 
0.25873 0.84519 -0.46766 0.073994 -0.50007 -0.86282 -0.96311 0.18864 -0.19192 
0.25873 0.94502 -0.19999 0.073994 -0.22582 -0.97136 -0.96311 0.23652 -0.12835 
0.51846 0.82791 -0.21391 0 -0.25015 -0.96821 -0.8551 0.50198 -0.12969 
0.51846 0.85213 -0.071235 0 -0.083306 -0.99652 -0.8551 0.51666 -0.043191 
0.4588 0.88814 -0.026683 0 -0.03003 -0.99955 -0.88854 0.45859 -0.013778 
0.18757 0.96287 0.19418 0 0.19768 -0.98027 -0.98225 0.18387 0.037079 
0.18757 0.94567 0.26558 0 0.27038 -0.96275 -0.98225 0.18058 0.050715 
0.21055 0.53682 0.817 0.088557 0.82183 -0.56281 -0.97356 0.19085 0.1255 
0.21055 0.66849 0.7133 0.088557 0.71361 -0.69492 -0.97356 0.20948 0.091052 
0.32663 0.76739 0.55175 0 0.58377 -0.81192 -0.94515 0.2652 0.19067 
0.32663 0.84086 0.43158 0 0.45662 -0.88966 -0.94515 0.29059 0.14915 
0.32663 0.88754 0.32494 0 0.3438 -0.93904 -0.94515 0.30672 0.11229 
0.6268 0.7233 0.28976 0 0.37188 -0.92828 -0.77918 0.58184 0.23309 
0.6268 0.72027 0.29722 0 0.38145 -0.92439 -0.77918 0.5794 0.23909 
0.6268 0.74887 0.21523 0 0.27622 -0.96109 -0.77918 0.60241 0.17314 
0.3044 0.72275 0.62046 0.0079707 0.64942 -0.76039 -0.95251 0.23641 0.19192 
0.29375 0.8182 -0.49423 0.15721 -0.55135 -0.81933 -0.94287 0.16297 -0.29059 
0.29375 0.93856 -0.18114 0.15721 -0.23435 -0.95936 -0.94287 0.25333 -0.21639 
0.51846 0.83919 -0.16418 0 -0.192 -0.9814 -0.8551 0.50882 -0.099542 
0.51846 0.84912 -0.10098 0 -0.11809 -0.993 -0.8551 0.51483 -0.061227 
0.4588 0.88836 -0.017629 0 -0.01984 -0.9998 -0.88854 0.45871 -0.0091028 
0.18757 0.97374 0.129 0 0.13133 -0.99134 -0.98225 0.18594 0.024633 
0.18757 0.95231 0.24067 0 0.24502 -0.96952 -0.98225 0.18185 0.045959 
0.2019 0.63844 0.74272 0.046684 0.7512 -0.65842 -0.97829 0.16761 0.12186 
0.2019 0.66704 0.71714 0.046684 0.72484 -0.68734 -0.97829 0.17225 0.11521 
0.16161 0.37794 0.91161 0.070247 0.91701 -0.39263 -0.98435 0.12749 0.12165 
0.16161 0.74884 0.64274 0.070247 0.64092 -0.76439 -0.98435 0.16869 0.050977 
0.16161 0.8506 0.50036 0.070247 0.49582 -0.86558 -0.98435 0.17504 0.020379 
0.24953 0.88852 0.38505 0 0.39763 -0.91755 -0.96837 0.22895 0.099219 
0.24953 0.91048 0.32978 0 0.34055 -0.94023 -0.96837 0.23461 0.084977 
0.39586 0.88836 0.23264 0.010366 0.249 -0.96845 -0.91825 0.38578 0.089359 
0.39586 0.49354 0.77442 0.010366 0.84085 -0.54117 -0.91825 0.22225 0.32774 
0.29375 0.85432 -0.42877 0.15721 -0.48563 -0.85991 -0.94287 0.18519 -0.27696 
0.29375 0.94316 -0.15547 0.15721 -0.2081 -0.96539 -0.94287 0.25914 -0.2094 
0.51846 0.84266 -0.14532 0 -0.16995 -0.98545 -0.8551 0.51092 -0.088112 
0.51846 0.84553 -0.12758 0 -0.14919 -0.98881 -0.8551 0.51266 -0.077351 
0.50923 0.85997 -0.033724 0 -0.039185 -0.99923 -0.86063 0.50884 -0.019954 
0.18757 0.97667 -0.10455 0 -0.10644 -0.99432 -0.98225 0.1865 -0.019964 
0.18757 0.98139 0.041135 0 0.041878 -0.99912 -0.98225 0.1874 0.007855 
0.18757 0.97925 -0.076719 0 -0.078105 -0.99695 -0.98225 0.187 -0.01465 
0.18757 0.037649 0.98153 0 0.99927 -0.03833 -0.98225 0.0071895 0.18743 
0.18757 -0.68415 0.70481 0 0.71754 0.69651 -0.98225 -0.13064 0.13459 
0.50923 -0.49239 0.70586 0 0.82017 0.57212 -0.86063 -0.29134 0.41766 
0.50923 0.75317 0.41643 0 0.48387 -0.87514 -0.86063 0.44565 0.2464 
0.16665 0.69164 0.70275 0.13945 0.68902 -0.7112 -0.9761 0.21652 0.018377 
0.16665 0.44868 0.87802 0.13945 0.8708 -0.47145 -0.9761 0.20101 0.082552 
0.16205 0.63001 0.75949 0.070309 0.76034 -0.64571 -0.98428 0.15803 0.078914 
0.16205 0.76755 0.62017 0.070309 0.61789 -0.78311 -0.98428 0.1705 0.046162 
0.51379 0.64637 0.56412 0.013453 0.65139 -0.75862 -0.85781 0.39736 0.32598 
0.5475 0.78602 0.28708 0 0.34306 -0.93931 -0.83681 0.51427 0.18783 
0.47646 0.79784 0.36938 0.05158 0.39404 -0.91764 -0.87768 0.45628 0.14659 
0.47646 0.72049 0.50387 0.05158 0.54921 -0.83409 -0.87768 0.42341 0.22451 
0.16798 0.8744 -0.45521 0.0043976 -0.46243 -0.88664 -0.98578 0.14694 -0.081525 
0.16798 0.88008 -0.44413 0.0043976 -0.45119 -0.89241 -0.98578 0.14796 -0.079663 
0.16798 0.8484 -0.502 0.0043976 -0.50988 -0.86024 -0.98578 0.1423 -0.089381 
0.25873 0.81794 -0.51385 0.073994 -0.54718 -0.83374 -0.96311 0.17769 -0.2021 
0.25873 0.88353 -0.39042 0.073994 -0.42113 -0.90398 -0.96311 0.205 -0.17434 
0.44853 0.83544 -0.31758 0 -0.35533 -0.93474 -0.89377 0.41926 -0.15938 
0.44853 0.87156 -0.198 0 -0.22153 -0.97515 -0.89377 0.43739 -0.099364 
0.51846 0.74134 -0.42616 0 -0.49838 -0.86696 -0.8551 0.44949 -0.25839 
0.4588 0.81926 -0.34398 0 -0.38713 -0.92203 -0.88854 0.42303 -0.17761 
0.18757 0.81006 -0.55554 0 -0.56557 -0.8247 -0.98225 0.15469 -0.10608 
0.50253 0.64928 -0.57088 -0.095375 -0.61465 -0.78302 -0.85928 0.44794 -0.24695 
0.2019 0.16355 0.96565 0.046684 0.98323 -0.17629 -0.97829 0.080673 0.19088 
0.16161 0.30052 0.93998 0.070247 0.94658 -0.31471 -0.98435 0.11689 0.13187 
0.32663 0.48732 0.80983 0 0.85683 -0.5156 -0.94515 0.16841 0.27987 
0.32663 0.66679 0.66986 0 0.70873 -0.70548 -0.94515 0.23043 0.23149 
0.48833 0.73475 0.47082 0 0.53953 -0.84197 -0.87266 0.41115 0.26346 
0.48833 0.75652 0.43498 0 0.49845 -0.86692 -0.87266 0.42334 0.24341 
0.48833 0.78103 0.38927 0 0.44608 -0.89499 -0.87266 0.43705 0.21783 
0.24953 0.90097 0.35496 0 0.36655 -0.9304 -0.96837 0.23216 0.091464 
0.3044 0.90631 0.29316 0.0079707 0.30534 -0.95221 -0.95251 0.29219 0.085721 
0.4188 0.80805 -0.41433 0.01097 -0.46074 -0.88747 -0.90801 0.36712 -0.20182 
0.4188 0.78868 -0.45011 0.01097 -0.50003 -0.86594 -0.90801 0.35772 -0.21806 
0.4188 0.7645 -0.49005 0.01097 -0.54387 -0.8391 -0.90801 0.34604 -0.23616 
0.29375 0.78636 -0.54346 0.15721 -0.60055 -0.78398 -0.94287 0.14485 -0.30003 
0.29375 0.89447 -0.3371 0.15721 -0.39307 -0.90597 -0.94287 0.21313 -0.25608 
0.29375 0.89176 -0.34421 0.15721 -0.40026 -0.90282 -0.94287 0.21108 -0.25777 
0.51846 0.82576 -0.22209 0 -0.25972 -0.96568 -0.8551 0.50067 -0.13465 
0.51846 0.79257 -0.32098 0 -0.37537 -0.92688 -0.8551 0.48055 -0.19461 
0.4588 0.86521 -0.20228 0 -0.22765 -0.97374 -0.88854 0.44675 -0.10445 
0.18757 0.89748 -0.39918 0 -0.40639 -0.9137 -0.98225 0.17138 -0.076227 
0.18757 0.50062 0.8451 0 0.86037 -0.50966 -0.98225 0.095597 0.16138 
0.2019 0.30278 0.93143 0.046684 0.94696 -0.31795 -0.97829 0.10768 0.17706 
0.34368 0.35448 0.86961 0.062415 0.91535 -0.39779 -0.93701 0.19099 0.29246 
0.16161 0.53609 0.82854 0.070247 0.8312 -0.55151 -0.98435 0.14733 0.096674 
0.16161 0.69024 0.7053 0.070247 0.70484 -0.70588 -0.98435 0.16363 0.065423 
0.24953 0.85267 0.45901 0 0.474 -0.88052 -0.96837 0.21972 0.11828 
0.24953 0.86962 0.42603 0 0.43994 -0.89803 -0.96837 0.22408 0.10978 
0.16205 0.89487 0.41586 0.070309 0.40989 -0.90942 -0.98428 0.17661 0.0035035 
0.16205 0.92162 0.35265 0.070309 0.34568 -0.93571 -0.98428 0.17642 -0.0087813 
0.51379 0.80131 0.30648 0.013453 0.34967 -0.93678 -0.85781 0.48543 0.16887 
0.4188 0.77029 -0.4809 0.01097 -0.53384 -0.84552 -0.90801 0.34883 -0.23202 
0.4188 0.70879 -0.56765 0.01097 -0.62901 -0.77732 -0.90801 0.31931 -0.2712 
0.4188 0.47804 -0.77207 0.01097 -0.85282 -0.52209 -0.90801 0.21018 -0.3624 
0.29375 0.74102 -0.60383 0.15721 -0.66054 -0.73414 -0.94287 0.12072 -0.31053 
0.29375 0.88105 -0.37077 0.15721 -0.42713 -0.89042 -0.94287 0.20327 -0.26398 
0.29375 0.88985 -0.34912 0.15721 -0.40523 -0.9006 -0.94287 0.20966 -0.25893 
0.51846 0.80477 -0.28903 0 -0.338 -0.94115 -0.8551 0.48795 -0.17524 
0.51846 0.83813 -0.1695 0 -0.19822 -0.98016 -0.8551 0.50817 -0.10277 
0.4588 0.8746 -0.15678 0 -0.17645 -0.98431 -0.88854 0.4516 -0.080956 
0.18757 0.98171 0.032693 0 0.033283 -0.99945 -0.98225 0.18746 0.0062429 
0.18757 0.17487 0.96656 0 0.98403 -0.17803 -0.98225 0.033393 0.18457 
0.50923 0.48228 0.7128 0 0.82823 -0.56038 -0.86063 0.28537 0.42176 
0.50923 0.67482 0.53413 0 0.62063 -0.7841 -0.86063 0.39929 0.31605 
0.50923 0.65822 0.55447 0 0.64426 -0.76481 -0.86063 0.38947 0.32808 
0.16665 0.82284 0.54329 0.13945 0.52579 -0.83911 -0.9761 0.2156 -0.02712 
0.16665 0.73337 0.65909 0.13945 0.64418 -0.75205 -0.9761 0.21724 0.005086 
0.16665 0.62059 0.76622 0.13945 0.75445 -0.64138 -0.9761 0.21374 0.039189 
0.16665 0.53944 0.82537 0.13945 0.81577 -0.56132 -0.9761 0.20864 0.060725 
0.51379 0.72516 0.45844 0.013453 0.52749 -0.84945 -0.85781 0.44261 0.26126 
0.6268 0.66881 0.39978 0 0.51307 -0.85834 -0.77918 0.53801 0.32159 
0.6268 0.60305 0.49342 0 0.63325 -0.77395 -0.77918 0.48511 0.39692 
0.47646 0.50195 0.72182 0.05158 0.80363 -0.59289 -0.87768 0.31972 0.35701 
0.25873 0.84609 -0.46604 0.073994 -0.49841 -0.86378 -0.96311 0.189 -0.19156 
-0.049706 0.70071 -0.71171 0.36201 -0.65149 -0.66671 -0.93085 -0.29078 -0.22128 
0.41412 0.83737 -0.3568 0.12301 -0.43988 -0.88959 -0.90187 0.32451 -0.28517 
-0.42063 0.81397 -0.40065 0 -0.44162 -0.8972 -0.90723 -0.37739 0.18576 
-0.42063 0.66882 -0.61298 0 -0.67566 -0.73721 -0.90723 -0.31009 0.2842 
-0.035258 0.7504 -0.66004 0.037439 -0.659 -0.75121 -0.99868 -0.051198 -0.004859 
0.19307 0.55081 -0.812 -0.2624 -0.76844 -0.58365 -0.94545 0.32576 -0.0038291 
-0.061543 0.61007 -0.78995 0 -0.79145 -0.61123 -0.9981 -0.037617 0.048709 
-0.32634 0.47833 0.81529 0 -0.86251 0.50604 0.94525 0.16514 0.28147 
0.096677 0.85497 -0.5096 0.073684 -0.51674 -0.85297 -0.99258 0.044913 -0.11295 
0.48775 0.672 0.55723 0.10207 0.59003 -0.8009 -0.86699 0.44752 0.2192 
0.48775 0.78221 0.38761 0.10207 0.38986 -0.9152 -0.86699 0.48595 0.11032 
0.5475 0.80425 0.23116 0 0.27624 -0.96109 -0.83681 0.52619 0.15124 
0.33453 0.91156 -0.23905 0 -0.25367 -0.96729 -0.94238 0.32359 -0.084861 
0.4588 0.88783 0.035447 0 0.039893 -0.9992 -0.88854 0.45843 0.018303 
0.084786 0.97285 0.21536 0.28634 0.18323 -0.94044 -0.95437 0.1414 -0.26303 
0.13871 0.98949 -0.040793 0.28446 -0.079263 -0.95541 -0.9486 0.12092 -0.29247 
-0.18556 0.905 -0.38282 0.13899 -0.36149 -0.92196 -0.97275 -0.22428 -0.058704 
0.28379 0.91102 -0.29916 0 -0.31199 -0.95009 -0.95889 0.26963 -0.088541 
0.086445 0.92354 -0.37363 0.062142 -0.3793 -0.92318 -0.99432 0.056587 -0.09018 
0.4632 0.87541 0.1382 -0.10359 0.20834 -0.97255 -0.88018 0.43617 0.18719 
0.25808 0.96574 -0.027261 -0.064468 -0.01094 -0.99786 -0.96397 0.25928 0.059436 
0.12199 0.9898 -0.073605 0 -0.074159 -0.99725 -0.99253 0.12165 -0.0090466 
0.066671 0.97403 -0.2164 0.040198 -0.21933 -0.97482 -0.99696 0.056294 -0.053777 
-0.19041 0.98027 0.052966 0.91087 0.19654 -0.3629 -0.36615 -0.020856 -0.93032 
-0.26377 0.69189 0.6721 0.37146 0.7159 -0.59119 -0.89019 0.093721 -0.44584 
-0.25964 0.92621 0.27334 0.45438 0.36693 -0.81173 -0.85213 -0.086551 -0.51612 
0.11995 0.69977 0.70422 -0.17987 0.71292 -0.67778 -0.97635 -0.045367 0.21139 
-0.032017 0.20964 -0.97725 -0.19844 0.95696 0.21178 0.97959 0.20071 0.010961 
-0.11733 0.31909 0.94043 0.10091 0.9459 -0.30836 -0.98795 0.058715 -0.14319 
0.17967 0.73194 0.65725 -0.27113 0.67909 -0.68215 -0.94562 -0.055641 0.32046 
-0.081015 0.31393 -0.94599 -0.040573 0.94728 0.31783 0.99589 0.06413 -0.064007 
0.01761 0.2815 0.9594 0.16032 0.94634 -0.28061 -0.98691 0.15876 -0.028467 
-0.08305 0.46139 0.8833 0.18871 0.87761 -0.44067 -0.97851 0.13009 -0.15996 
0.0237 0.998 -0.058538 0.99534 -0.018084 0.094671 0.093424 -0.060509 -0.99379 
-0.023324 0.9882 -0.15137 0.98777 0.046131 0.14897 0.15419 -0.14604 -0.97719 
-0.14945 0.9856 -0.079049 0.98674 0.15379 0.051993 0.063401 -0.07023 -0.99551 
-0.28589 0.89852 0.33307 0.95316 0.23083 0.19544 0.098725 0.37334 -0.92243 
-0.32823 0.87246 0.36205 0.92035 0.20911 0.33049 0.21263 0.44169 -0.8716 
0.46523 0.85905 -0.21354 -0.86371 0.3877 -0.32203 -0.19384 0.33425 0.92233 
0.49275 0.47894 -0.72651 -0.84053 0.045914 -0.53982 -0.22519 0.87664 0.42519 
0.049734 0.53446 -0.84373 0.99876 -0.026614 0.042014 0 -0.84478 -0.53512 
-0.074254 0.34223 -0.93668 0.99724 0.025482 -0.069744 0 -0.93927 -0.34318 
0.24883 0.49341 0.83345 -0.96102 0.23286 0.14906 -0.12053 -0.83805 0.53212 
0.33871 0.66687 0.66375 -0.93529 0.31552 0.16027 -0.10254 -0.67508 0.73058 
-0.49211 0.79785 -0.34822 0.84767 0.53025 0.016985 0.1982 -0.28682 -0.93726 
0.0077457 0.18753 -0.98223 0.99997 -0.0014526 0.0076083 0 -0.98226 -0.18753 
-0.034719 0.043846 -0.99843 0.99824 0.0496 -0.032534 0.048096 -0.99781 -0.04549 
0.27459 -0.12177 0.95382 -0.95747 0.056781 0.28289 -0.088605 -0.99093 -0.101 
0.78779 -0.3631 0.49754 -0.18155 0.63499 0.75088 -0.58858 -0.68187 0.43432 
0.81189 -0.36034 0.45935 -0.173 0.60298 0.77877 -0.5576 -0.71174 0.42721 
0.85725 -0.43339 0.27803 -0.019357 0.51246 0.85849 -0.51454 -0.74132 0.43091 
-0.18121 0.9253 -0.33313 0.037697 -0.33196 -0.94254 -0.98272 -0.18336 0.025274 
-0.18556 0.95894 -0.21447 0.13899 -0.19045 -0.97181 -0.97275 -0.21014 -0.097939 
-0.18556 0.97327 -0.1353 0.13899 -0.11031 -0.98413 -0.97275 -0.20142 -0.1148 
-0.035258 0.93206 -0.36059 0.037439 -0.35933 -0.93246 -0.99868 -0.046377 -0.022226 
-0.18556 0.96153 -0.20253 0.13899 -0.17836 -0.9741 -0.97275 -0.2089 -0.10054 
-0.18556 0.95585 -0.22784 0.13899 -0.20401 -0.96905 -0.97275 -0.21148 -0.094995 
0.13871 0.9831 -0.1195 0.28446 -0.15513 -0.94605 -0.9486 0.09723 -0.30117 
-0.21809 0.92887 -0.29941 -0.0057163 -0.308 -0.95137 -0.97591 -0.20578 0.072483 
-0.49817 0.84992 -0.17164 0.27416 -0.033396 -0.9611 -0.8226 -0.52584 -0.21638 
-0.18556 0.97378 -0.13163 0.13899 -0.1066 -0.98454 -0.97275 -0.20098 -0.11556 
0.47954 0.78483 -0.39254 0.6173 -0.61964 -0.48475 -0.62368 -0.0098528 -0.78162 
-0.22992 0.93232 -0.27912 0.84494 0.048911 -0.53262 -0.48292 -0.3583 -0.799 
-0.22302 0.96144 -0.16095 0.8484 0.11012 -0.51777 -0.48008 -0.25202 -0.84024 
-0.017025 0.95978 -0.28025 0.99942 0.0081054 -0.032955 -0.029358 -0.28065 -0.95936 
-0.22992 0.9688 -0.092583 0.84494 0.1515 -0.51296 -0.48292 -0.19617 -0.85341 
-0.19041 0.959 -0.20991 0.91087 0.092838 -0.40213 -0.36615 -0.26776 -0.8912 
-0.22166 0.93432 0.27915 0.89794 0.30719 -0.31518 -0.38023 0.1808 -0.90705 
-0.18284 0.91658 0.35559 0.98314 0.17046 0.066131 0 0.36168 -0.9323 
-0.29473 0.95345 0.063788 0.95558 0.29407 0.019674 0 0.066753 -0.99777 
-0.18284 0.8743 0.44963 0.98314 0.1626 0.083622 0 0.45734 -0.88929 
0.65366 0.63141 -0.4172 -0.66519 0.21644 -0.71462 -0.36091 0.74463 0.56148 
0.7107 0.70195 -0.046504 -0.5573 0.52144 -0.64616 -0.42932 0.48514 0.76179 
-0.082272 0.92821 0.36284 0.99562 0.060346 0.071375 0.044355 0.36713 -0.92911 
-0.082272 0.99232 0.092336 0.99562 0.077713 0.05193 0.044355 0.096204 -0.99437 
0.67971 0.73194 0.047592 -0.61575 0.60466 -0.50522 -0.39856 0.3141 0.86168 
-0.082272 0.96683 0.2418 0.99562 0.068937 0.063117 0.044355 0.24593 -0.96827 
-0.082272 0.99583 -0.039479 0.99562 0.083889 0.041215 0.044355 -0.035916 -0.99837 
0.69976 0.71158 0.063089 -0.46418 0.52004 -0.717 -0.54301 0.47245 0.69421 
-0.082272 0.98661 0.14083 0.99562 0.075076 0.055674 0.044355 0.1448 -0.98847 
-0.24233 0.94072 -0.23733 0.97019 0.23496 -0.059279 0 -0.24463 -0.96962 
0.69976 0.6849 0.20306 -0.46418 0.652 -0.59952 -0.54301 0.32527 0.77417 
-0.15288 0.97453 0.16406 0.97829 0.12574 0.16475 0.13992 0.18569 -0.9726 
-0.30657 0.92495 -0.22468 0.92348 0.34622 0.16527 0.23065 -0.15682 -0.96032 
-0.48278 0.80772 -0.33839 0.85229 0.52218 0.030448 0.20129 -0.2737 -0.94051 
-0.15288 0.98531 -0.076075 0.97829 0.16179 0.12951 0.13992 -0.054622 -0.98865 
-0.30657 0.93567 -0.17473 0.92348 0.33686 0.18361 0.23065 -0.10507 -0.96735 
-0.48278 0.86248 -0.15179 0.85229 0.50259 0.14493 0.20129 -0.059398 -0.97773 
-0.15288 0.98821 -0.0079505 0.97829 0.15248 0.14036 0.13992 0.013681 -0.99007 
-0.28589 0.91243 0.29282 0.95316 0.23928 0.18499 0.098725 0.33199 -0.9381 
-0.32823 0.89285 0.30834 0.92035 0.22881 0.31717 0.21263 0.38789 -0.89685 
-0.36911 0.75784 0.53799 0.89657 0.13789 0.4209 0.24479 0.63771 -0.73035 
-0.41598 0.64669 0.63934 0.87011 0.078691 0.48653 0.26432 0.75869 -0.59542 
-0.44148 0.52772 0.72568 0.86459 0.033913 0.50133 0.23995 0.84874 -0.47123 
-0.32823 0.82961 0.45168 0.92035 0.17324 0.35062 0.21263 0.53079 -0.8204 
-0.41598 0.74784 0.51739 0.87011 0.16194 0.46549 0.26432 0.64382 -0.71807 
0.49275 0.55285 -0.67198 -0.84053 0.10255 -0.53197 -0.22519 0.82695 0.51522 
0.072653 0.94444 0.32057 0.088518 0.31404 -0.94527 -0.99342 0.097053 -0.060784 
-0.039237 0.96968 -0.24121 0.13722 -0.23388 -0.96253 -0.98976 -0.070865 -0.12388 
-0.01019 0.97415 0.22568 0.27412 0.21976 -0.93625 -0.96164 0.052321 -0.26927 
0.0028569 0.93626 -0.3513 -0.29226 0.33674 0.89509 0.95634 0.10011 0.27459 
-0.071472 0.58984 0.80435 0.16962 0.80186 -0.57294 -0.98291 0.095487 -0.15736 
0.11995 0.67595 0.72712 -0.17987 0.73509 -0.65368 -0.97635 -0.052378 0.20976 
0.035784 0.82669 0.56153 -0.0051839 0.56203 -0.8271 -0.99935 0.026686 0.024397 
0.072482 0.93421 0.34928 0.016309 0.34905 -0.93696 -0.99724 0.07361 0.010064 
0.0015689 0.88146 -0.47226 -0.12975 0.46845 0.87391 0.99155 0.059903 0.1151 
-0.050272 0.72565 0.68622 0.15166 0.68467 -0.7129 -0.98715 0.068236 -0.14447 
0.0237 0.70669 -0.70712 0.99534 0.049419 0.082749 0.093424 -0.70579 -0.70223 
-0.023324 0.70147 -0.71231 0.98777 0.12606 0.091801 0.15419 -0.70146 -0.69583 
-0.14945 0.66882 -0.72825 0.98674 0.14811 -0.06647 0.063401 -0.72852 -0.68208 
-0.28589 0.8085 -0.51439 0.95316 0.29523 -0.065723 0.098725 -0.50909 -0.85503 
-0.32823 0.73483 -0.59354 0.92035 0.39023 -0.025842 0.21263 -0.55475 -0.80439 
-0.41598 0.36129 -0.83452 0.87011 0.42487 -0.24978 0.26432 -0.83003 -0.4911 
-0.44148 0.50308 -0.74297 0.86459 0.45995 -0.20231 0.23995 -0.73168 -0.63802 
0.66859 0.65283 0.35608 -0.68864 0.72427 -0.034831 -0.28064 -0.22192 0.93381 
0.0237 0.18105 -0.98319 0.99534 0.087631 0.04013 0.093424 -0.97956 -0.17813 
-0.023324 0.11255 -0.99337 0.98777 0.15585 -0.0055346 0.15419 -0.98135 -0.11481 
-0.14945 0.12833 -0.98041 0.98674 0.082935 -0.13955 0.063401 -0.98826 -0.13902 
-0.28589 0.14923 -0.94657 0.95316 0.14605 -0.26485 0.098725 -0.97796 -0.18399 
0.49275 0.013989 0.87006 -0.84053 0.2664 0.47174 -0.22519 -0.96376 0.14303 
0.66859 -0.024764 0.74321 -0.68864 0.35656 0.63138 -0.28064 -0.93394 0.22134 
-0.73643 -0.33137 -0.58981 0.53512 0.24808 -0.80753 0.4139 -0.9103 -0.0053691 
0.73986 -0.4357 0.51261 -0.38495 0.35072 0.85371 -0.55174 -0.82895 0.091763 
0.043062 -0.093199 -0.99472 0.9978 0.054313 0.038106 0.050475 -0.99416 0.095333 
-0.035206 -0.19266 -0.98063 0.99938 -0.006787 -0.034545 0 -0.98124 0.19278 
0.27459 -0.23814 0.93161 -0.95747 0.021562 0.28772 -0.088605 -0.97099 -0.22209 
0.68038 -0.3121 0.66309 -0.65076 0.15884 0.74249 -0.33705 -0.93668 -0.095029 
-0.85404 -0.31494 -0.41404 0.38062 0.16422 -0.91003 0.3546 -0.9348 -0.02038 
-0.82674 -0.35436 -0.43695 0.37223 0.23783 -0.89715 0.42183 -0.90436 -0.06472 
-0.76986 -0.3419 -0.53891 0.40022 0.39913 -0.82494 0.49714 -0.85077 -0.17044 
0.81189 -0.48957 0.31806 -0.173 0.31858 0.93197 -0.5576 -0.81168 0.17396 
0.8023 -0.51877 0.2953 -0.15682 0.29415 0.94281 -0.57596 -0.80272 0.15464 
0.85725 -0.49383 0.14581 -0.019357 0.25206 0.96752 -0.51454 -0.83222 0.20652 
0.54719 -0.65343 0.52308 -0.68861 0.0038262 0.72512 -0.47582 -0.75698 -0.44786 
0.20105 0.49249 0.84678 -0.96261 0.25953 0.077602 -0.18155 -0.83072 0.52626 
0.20105 0.42557 0.88231 -0.96261 0.25276 0.097428 -0.18155 -0.86891 0.46048 
0.1636 0.49945 0.85076 -0.97603 0.20741 0.065925 -0.14353 -0.84115 0.52141 
0.1636 0.82391 0.5426 -0.97603 0.2152 -0.032483 -0.14353 -0.52428 0.83937 
-0.62887 0.58923 -0.50728 -0.76668 -0.57847 0.27853 -0.12933 0.56408 0.81553 
-0.62887 -0.098014 0.77131 -0.76668 0.24318 -0.59419 -0.12933 -0.96502 -0.22807 
-0.69351 0.56586 0.44591 0.63952 0.19853 0.7427 0.33174 0.80024 -0.49956 
-0.69351 0.3315 0.63965 0.63952 -0.12556 0.75845 0.33174 0.93506 -0.12492 
-0.70967 0.1745 0.68258 0.64773 -0.21955 0.72956 0.27717 0.95987 0.042773 
-0.70967 0.36044 0.60535 0.64773 -0.0042294 0.76186 0.27717 0.93277 -0.23047 
-0.409 0.32612 0.85227 0.88988 -0.064275 0.45165 0.20207 0.94314 -0.26392 
-0.49608 0.45105 0.74193 0.80846 -0.071737 0.58417 0.31671 0.88961 -0.32907 
-0.19697 0.30847 0.93062 0.9614 -0.12523 0.245 0.19211 0.94296 -0.27189 
-0.12938 0.24584 0.96064 0.97821 -0.12699 0.16425 0.16237 0.96096 -0.22406 
0.014656 -0.040922 0.99905 0.99989 0.00059981 -0.014643 0 0.99916 0.040927 
-0.18624 -0.034981 0.98188 0.98251 -0.0066308 0.18612 0 0.99937 0.035604 
-0.52897 0.43847 0.72659 0.83823 0.13626 0.52802 0.13252 0.88836 -0.43962 
-0.52897 0.65504 0.53955 0.83823 0.304 0.45272 0.13252 0.69174 -0.70988 
0.54719 0.8333 -0.078675 -0.68861 0.39475 -0.60827 -0.47582 0.38701 0.78982 
0.54719 -0.1971 0.81347 -0.68861 0.44648 0.57138 -0.47582 -0.87282 0.10858 
0.20105 0.9136 0.35343 -0.96261 0.25112 -0.10157 -0.18155 -0.3198 0.92993 
0.20105 0.94046 0.27409 -0.96261 0.24153 -0.12265 -0.18155 -0.23918 0.95385 
0.1636 0.95564 0.24492 -0.97603 0.19291 -0.10075 -0.14353 -0.22257 0.96429 
0.1636 0.93604 -0.31156 -0.97603 0.10763 -0.18916 -0.14353 0.33504 0.93121 
-0.20282 0.69263 -0.69219 -0.89987 -0.41057 -0.14716 -0.38612 0.59304 0.70655 
-0.40988 0.55668 -0.72257 -0.88872 -0.42209 0.17895 -0.20537 0.71551 0.66773 
-0.62887 0.48932 -0.60423 -0.76668 -0.51952 0.37722 -0.12933 0.70047 0.70186 
-0.69351 0.60134 0.39678 0.63952 0.26024 0.72339 0.33174 0.75542 -0.56505 
-0.69351 0.51763 0.5011 0.63952 0.12204 0.75903 0.33174 0.84686 -0.41567 
-0.73702 0.26028 0.62374 0.5626 -0.27516 0.7796 0.37454 0.9255 0.056362 
-0.6191 0.40274 0.67418 0.70223 -0.10039 0.70483 0.35155 0.90979 -0.22067 
-0.52497 0.57286 0.62948 0.78539 0.041052 0.61764 0.32798 0.81863 -0.47147 
-0.49608 0.49346 0.71443 0.80846 -0.037627 0.58735 0.31671 0.86896 -0.38027 
-0.44148 0.5669 0.6955 0.86459 0.061484 0.4987 0.23995 0.82149 -0.51728 
-0.12938 0.47752 0.86905 0.97821 -0.082045 0.19071 0.16237 0.87478 -0.4565 
0.014656 0.20352 0.97896 0.99989 -0.0029831 -0.014349 0 0.97907 -0.20354 
-0.18624 0.28963 0.93885 0.98251 0.0549 0.17796 0 0.95556 -0.29479 
-0.52897 0.27874 0.80156 0.83823 0.024119 0.54478 0.13252 0.96006 -0.24641 
-0.52897 0.26086 0.80755 0.83823 0.012006 0.54518 0.13252 0.9653 -0.22501 
-0.6191 0.53691 0.5731 0.70223 0.051802 0.71006 0.35155 0.84205 -0.40911 
-0.52497 0.55045 0.64916 0.78539 0.019382 0.6187 0.32798 0.83465 -0.44249 
-0.49608 0.53625 0.6829 0.80846 -0.0016162 0.58855 0.31671 0.84406 -0.43273 
-0.44148 0.69824 0.56352 0.86459 0.16308 0.47528 0.23995 0.69704 -0.67569 
-0.41598 0.74007 0.52844 0.87011 0.15501 0.46784 0.26432 0.65442 -0.70843 
0.014656 -0.030638 0.99942 0.99989 0.00044908 -0.014649 0 0.99953 0.030642 
-0.18624 0.042447 0.98159 0.98251 0.0080459 0.18606 0 0.99907 -0.043203 
-0.52897 0.14777 0.83568 0.83823 -0.062792 0.54169 0.13252 0.98703 -0.090653 
-0.57304 0.81895 0.030556 0.81044 0.56076 0.16953 0.12171 0.12191 -0.98505 
0.54719 -0.064204 0.83454 -0.68861 0.53226 0.49245 -0.47582 -0.84414 0.24704 
0.54719 0.14943 0.82356 -0.68861 0.63971 0.34145 -0.47582 -0.75395 0.45294 
0.20105 0.96788 0.15095 -0.96261 0.22376 -0.15267 -0.18155 -0.11461 0.97668 
0.20105 0.97883 0.03825 -0.96261 0.20465 -0.17748 -0.18155 -0.0011387 0.98338 
0.1636 0.98505 0.053928 -0.97603 0.16957 -0.13642 -0.14353 -0.030317 0.98918 
0.1636 0.89114 -0.4232 -0.97603 0.083796 -0.20086 -0.14353 0.44592 0.88349 
-0.20282 0.67189 -0.71234 -0.89987 -0.41474 -0.13498 -0.38612 0.61364 0.68873 
-0.40988 0.60627 -0.68149 -0.88872 -0.43366 0.14872 -0.20537 0.66661 0.71655 
-0.40988 0.71668 -0.56425 -0.88872 -0.45306 0.070133 -0.20537 0.5302 0.82262 
-0.65584 0.64044 0.39965 0.63916 0.18939 0.74539 0.40169 0.74429 -0.53355 
-0.69351 0.67325 0.25646 0.63952 0.41137 0.64945 0.33174 0.61442 -0.71585 
-0.73702 0.29575 0.60772 0.5626 -0.22983 0.79414 0.37454 0.92721 0.0029972 
-0.6191 0.51429 0.59349 0.70223 0.024235 0.71153 0.35155 0.85728 -0.37615 
-0.52497 0.67955 0.51247 0.78539 0.15475 0.59935 0.32798 0.71713 -0.61495 
-0.49608 0.67408 0.54729 0.80846 0.12867 0.57432 0.31671 0.72737 -0.60879 
-0.44148 0.717 0.53945 0.86459 0.17916 0.46945 0.23995 0.67366 -0.69901 
-0.41598 0.76039 0.49877 0.87011 0.17339 0.46135 0.26432 0.6259 -0.73375 
-0.36911 0.67395 0.63996 0.89657 0.076849 0.43619 0.24479 0.73477 -0.6326 
-0.52897 0.498 0.68716 0.83823 0.18016 0.5147 0.13252 0.84826 -0.51274 
-0.57304 0.81872 0.036275 0.81044 0.55956 0.17345 0.12171 0.12879 -0.98417 
-0.57304 0.81425 0.092799 0.81044 0.54623 0.21172 0.12171 0.19653 -0.97291 
-0.19607 0.89706 0.39603 0.98041 0.17167 0.096542 0.018617 0.4072 -0.91315 
-0.3836 0.78048 0.49366 0.86311 0.49313 -0.10895 -0.32847 0.38428 -0.86281 
-0.20615 0.64508 -0.73578 0.043109 -0.74522 -0.66543 -0.97757 -0.1689 0.12582 
-0.39617 0.49871 -0.77093 0.15083 -0.79288 -0.59042 -0.9057 -0.35019 0.23889 
-0.45159 0.6811 -0.57634 0.22716 -0.53691 -0.81248 -0.86283 -0.49783 0.087743 
-0.4501 0.61353 -0.64884 0.42021 -0.4956 -0.76014 -0.78793 -0.61478 -0.034738 
-0.13615 0.59942 -0.78877 0.66045 -0.53853 -0.52326 -0.73843 -0.59218 -0.32257 
-0.49817 0.68374 -0.53323 0.27416 -0.45921 -0.84496 -0.8226 -0.56712 0.041312 
-0.58251 0.62797 -0.51608 0.11495 -0.5649 -0.81711 -0.80466 -0.5353 0.25687 
-0.28037 0.60656 -0.74396 0.063784 -0.76156 -0.64495 -0.95777 -0.22828 0.17483 
-0.13362 0.78063 -0.61054 -0.0035118 -0.61643 -0.7874 -0.99103 -0.10307 0.085112 
0.14963 0.63221 -0.76021 0.44233 -0.73044 -0.52038 -0.88428 -0.2584 -0.38894 
0.1576 0.6477 -0.74542 0.35466 -0.74161 -0.56941 -0.92162 -0.17463 -0.34659 
-0.45844 0.75899 -0.46235 0.51658 -0.19576 -0.83356 -0.72318 -0.62097 -0.30234 
-0.4501 0.64108 -0.62163 0.42021 -0.46218 -0.78091 -0.78793 -0.6127 -0.061359 
0.14963 0.80931 -0.56801 0.44233 -0.56858 -0.69359 -0.88428 -0.14746 -0.44306 
0.36853 0.8126 -0.45152 0.47843 -0.58224 -0.65735 -0.79705 0.026228 -0.60334 
-0.098698 0.97196 -0.21345 0.68701 -0.088621 -0.72122 -0.71991 -0.21782 -0.659 
0.47954 0.78655 -0.38906 0.6173 -0.61749 -0.48749 -0.62368 -0.0063979 -0.78165 
0.078325 0.96603 -0.24629 0.85384 -0.19253 -0.48362 -0.51461 -0.17241 -0.83991 
-0.39855 0.6545 0.64249 0.7971 0.59368 -0.11032 -0.45364 0.46816 -0.75831 
-0.30636 0.85282 0.42289 0.80289 0.47015 -0.3665 -0.51138 0.22726 -0.82876 
-0.3239 0.78785 0.52381 0.74294 0.5546 -0.37476 -0.58576 0.26777 -0.76497 
-0.34204 0.93823 0.052218 0.66765 0.28175 -0.6891 -0.66125 -0.20084 -0.72278 
-0.32067 0.91845 0.23154 0.79503 0.39387 -0.46129 -0.51487 0.036157 -0.85651 
0.46446 0.854 -0.23443 -0.70585 0.19711 -0.68038 -0.53484 0.48148 0.69435 
0.42715 0.60322 -0.67355 -0.57754 -0.39114 -0.71656 -0.69569 0.69508 0.18131 
0.47801 -0.36972 0.79675 -0.26195 0.80581 0.53109 -0.83838 -0.46258 0.28833 
-0.41712 0.52355 0.74291 0 -0.81741 0.57606 0.90885 0.24028 0.34095 
-0.41712 0.019499 0.90864 0 -0.99977 0.021455 0.90885 0.0089492 0.41702 
-0.76317 0.52982 0.36994 0 -0.57249 0.81991 0.64619 0.62574 0.43691 
-0.76317 0.54106 0.3533 0 -0.54673 0.83731 0.64619 0.63901 0.41725 
0.62439 0.74968 -0.21935 -0.35048 0.01792 -0.9364 -0.69807 0.66155 0.27394 
0.62439 0.76002 -0.18032 -0.35048 0.066285 -0.93422 -0.69807 0.64651 0.30776 
0.10299 0.94671 0.30518 -0.73258 -0.13535 0.66709 0.67285 -0.29227 0.6796 
0.33457 0.69631 0.63499 -0.53248 -0.41626 0.73702 0.77752 -0.5847 0.23151 
0.59643 0.71126 0.37199 -0.41326 0.66941 -0.61734 -0.68811 0.21447 0.69319 
0.59643 0.80234 0.022918 -0.41326 0.33143 -0.84816 -0.68811 0.4964 0.52924 
0.59643 0.80243 0.019397 -0.41326 0.3277 -0.84961 -0.68811 0.49872 0.52706 
0.60844 0.77304 -0.17945 -0.19322 -0.075014 -0.97828 -0.76972 0.6299 0.10373 
0.10299 0.8921 0.43994 -0.73258 -0.23116 0.64023 0.67285 -0.38822 0.62973 
0.66886 0.69731 0.25765 -0.38247 0.025602 0.92361 0.63745 -0.71631 0.28383 
0.51465 0.68443 0.51642 -0.56465 0.72381 -0.39659 -0.64522 -0.087491 0.75897 
0.45514 0.87568 0.16137 -0.43202 0.37563 -0.81991 -0.77859 0.30346 0.54928 
0.53813 0.84223 -0.032582 -0.34297 0.1835 -0.92125 -0.76992 0.50693 0.38761 
0.40824 0.015036 0.91275 -0.79817 0.49111 0.34891 -0.44301 -0.87097 0.21249 
0.33725 0.4977 0.7991 -0.56491 0.78601 -0.25114 -0.75309 -0.36672 0.54624 
-0.047702 0.98521 0.1646 -0.37026 0.1356 -0.91898 -0.9277 -0.10478 0.35832 
0.16256 -0.15539 -0.97439 0.9867 0.025601 0.16054 0 -0.98752 0.15748 
0.32597 -0.11751 0.93805 -0.93965 0.068862 0.33515 -0.10398 -0.99068 -0.087972 
0.38912 0.026377 0.92081 -0.86761 0.34642 0.35672 -0.30957 -0.93771 0.15768 
0.16693 0.52162 0.83668 -0.69678 0.6628 -0.2742 -0.69759 -0.53721 0.4741 
0.26084 -0.31548 0.91238 -0.93879 0.1374 0.3159 -0.22502 -0.93893 -0.26033 
0.26084 -0.27958 0.92401 -0.93879 0.14964 0.31029 -0.22502 -0.94839 -0.22343 
0.30261 -0.14481 0.94205 -0.9012 0.27828 0.33227 -0.31027 -0.94952 -0.046291 
0.40795 -0.20173 0.89044 -0.79088 0.40921 0.45504 -0.45617 -0.88986 0.0073937 
0.35449 -0.44064 0.82473 -0.91298 0.027419 0.40707 -0.20199 -0.89726 -0.39258 
0.35449 -0.43429 0.82809 -0.91298 0.030549 0.40685 -0.20199 -0.90026 -0.38567 
0.4167 -0.33332 0.84573 -0.86924 0.12618 0.47801 -0.26605 -0.93433 -0.23716 
0.54101 -0.4473 0.7122 -0.73906 0.15128 0.65643 -0.40137 -0.88149 -0.24874 
0.4503 -0.65941 0.60201 -0.76707 0.059384 0.63881 -0.45699 -0.74944 -0.47907 
0.18042 0.0094438 -0.98354 0.98204 0.054386 0.18067 0.055197 -0.99848 0.00053837 
0.4616 -0.51565 0.72183 -0.84408 -0.0050081 0.5362 -0.27287 -0.85679 -0.43756 
0.4167 -0.42417 0.80402 -0.86924 0.072929 0.48898 -0.26605 -0.90264 -0.33832 
0.61736 -0.35576 0.70164 -0.72709 0.082459 0.68157 -0.30033 -0.93093 -0.20776 
0.4616 -0.46855 0.75325 -0.84408 0.02921 0.53542 -0.27287 -0.88296 -0.38201 
0.4616 -0.43147 0.77509 -0.84408 0.05514 0.53338 -0.27287 -0.90044 -0.33874 
0.61736 -0.49312 0.61294 -0.72709 -0.060222 0.68389 -0.30033 -0.86787 -0.39572 
0.61736 -0.24154 0.74868 -0.72709 0.18813 0.66026 -0.30033 -0.95198 -0.059481 
-0.58026 0.13287 0.80352 -0.81443 -0.094663 -0.57248 0 -0.9866 0.16314 
-0.25 -0.049529 -0.96698 0.96825 -0.012788 -0.24967 0 -0.99869 0.051154 
0.61736 -0.43357 0.65641 -0.72709 0.0040648 0.68653 -0.30033 -0.90111 -0.31274 
0.85519 -0.32091 0.40701 -0.40228 0.084203 0.91164 -0.32683 -0.94336 -0.057086 
-0.056262 -0.21217 -0.97561 0.99842 -0.011956 -0.054977 0 -0.97716 0.21251 
-0.25 -0.13582 -0.95867 0.96825 -0.035067 -0.24753 0 -0.99011 0.14027 
0.59604 -0.46965 0.65128 -0.72107 0.043781 0.69148 -0.35327 -0.88176 -0.31256 
0.59604 -0.083853 0.79856 -0.72107 0.38166 0.57827 -0.35327 -0.92049 0.16702 
-0.25 -0.2142 -0.94426 0.96825 -0.055306 -0.24381 0 -0.97522 0.22123 
0.4752 -0.29445 0.82915 -0.82828 0.16827 0.53446 -0.29689 -0.94074 -0.16392 
0.59604 -0.52397 0.60843 -0.72107 -0.015905 0.69268 -0.35327 -0.85159 -0.3873 
-0.18284 -0.090086 -0.97901 0.98314 -0.016754 -0.18207 0 -0.99579 0.09163 
-0.29473 0.030699 -0.95509 0.95558 0.0094683 -0.29458 0 -0.99948 -0.032125 
0.65366 -0.16293 0.73904 -0.66519 0.34203 0.66374 -0.36091 -0.92546 0.11519 
-0.18284 0.025849 -0.9828 0.98314 0.0048074 -0.18278 0 -0.99965 -0.026292 
-0.29473 0.27368 -0.91555 0.95558 0.084411 -0.28238 0 -0.95811 -0.2864 
0.65366 -0.13026 0.7455 -0.66519 0.37089 0.64805 -0.36091 -0.91949 0.15579 
-0.18284 0.34105 -0.92209 0.98314 0.063428 -0.17149 0 -0.9379 -0.3469 
0.65366 -0.45099 0.60774 -0.66519 0.040596 0.74557 -0.36091 -0.89161 -0.27345 
0.65366 -0.29539 0.69676 -0.66519 0.21482 0.71511 -0.36091 -0.93091 -0.05607 
-0.082272 0.2846 -0.95511 0.99562 0.066124 -0.066058 0.044355 -0.95636 -0.2888 
-0.082272 0.071246 -0.99406 0.99562 0.050268 -0.078798 0.044355 -0.99619 -0.07507 
0.67971 -0.62121 0.38999 -0.61575 -0.19435 0.7636 -0.39856 -0.75916 -0.51461 
-0.082272 0.097618 -0.99182 0.99562 0.052343 -0.077436 0.044355 -0.99385 -0.1015 
-0.24233 0.050343 -0.96889 0.97019 0.012574 -0.242 0 -0.99865 -0.051889 
0.67971 -0.39731 0.61656 -0.61575 0.14768 0.77398 -0.39856 -0.90572 -0.14426 
-0.15288 0.47767 -0.86514 0.97829 0.1971 -0.064053 0.13992 -0.85615 -0.49743 
-0.28589 0.73061 -0.62006 0.95316 0.28347 -0.10545 0.098725 -0.62117 -0.77743 
-0.32823 0.60569 -0.72484 0.92035 0.3778 -0.10107 0.21263 -0.70029 -0.68146 
-0.36911 0.6606 -0.65373 0.89657 0.43837 -0.063252 0.24479 -0.60946 -0.75408 
-0.41598 0.62661 -0.65903 0.87011 0.4849 -0.088166 0.26432 -0.61011 -0.74693 
-0.44148 0.74307 -0.50293 0.86459 0.50219 -0.016979 0.23995 -0.44233 -0.86416 
-0.49608 0.5845 -0.64208 0.80846 0.58067 -0.096022 0.31671 -0.56673 -0.7606 
-0.52497 0.61945 -0.58368 0.78539 0.61684 -0.051755 0.32798 -0.48559 -0.81033 
-0.36911 0.74521 -0.55535 0.89657 0.4429 -0.001584 0.24479 -0.4985 -0.83161 
-0.41598 0.5175 -0.74777 0.87011 0.46551 -0.16188 0.26432 -0.71798 -0.64392 
-0.44148 0.47708 -0.75993 0.86459 0.45268 -0.2181 0.23995 -0.75331 -0.61233 
0.57659 -0.48856 0.65487 -0.44006 0.48962 0.75274 -0.6884 -0.72221 0.067311 
0.62433 -0.70045 0.34581 -0.6178 -0.17182 0.76734 -0.47806 -0.69271 -0.54001 
0.25818 -0.40638 0.87647 -0.95275 0.0432 0.30068 -0.16005 -0.91268 -0.37602 
0.33579 -0.58773 0.73609 -0.92208 -0.045501 0.38431 -0.19238 -0.80778 -0.55721 
0.33579 -0.54313 0.76958 -0.92208 -0.022676 0.38633 -0.19238 -0.83934 -0.50842 
0.1636 -0.20853 0.96424 -0.97603 0.10799 0.18895 -0.14353 -0.97204 -0.18586 
0.2944 -0.21109 0.93208 -0.89209 0.28912 0.34725 -0.34278 -0.93373 -0.1032 
-0.40988 -0.20704 0.88833 -0.88872 0.30992 -0.33783 -0.20537 -0.92795 -0.31103 
-0.40988 0.70815 -0.57491 -0.88872 -0.45196 0.076907 -0.20537 0.54246 0.81459 
-0.69351 0.35204 0.62858 0.63952 -0.10094 0.76212 0.33174 0.93053 -0.15513 
-0.70967 0.26971 0.65087 0.64773 -0.11367 0.75335 0.27717 0.95621 -0.094036 
-0.70967 0.36298 0.60383 0.64773 -0.0010298 0.76187 0.27717 0.9318 -0.23438 
-0.61623 0.20922 0.75926 0.73125 -0.20599 0.65026 0.29245 0.95592 -0.026056 
-0.61623 0.26565 0.74141 0.73125 -0.15658 0.66389 0.29245 0.95127 -0.097761 
-0.18251 0.07806 0.9801 0.98216 -0.031321 0.18539 0.04517 0.99646 -0.070952 
-0.19697 0.23109 0.95278 0.9614 -0.1449 0.2339 0.19211 0.96208 -0.19363 
-0.19697 0.19637 0.96054 0.9614 -0.15329 0.22849 0.19211 0.96847 -0.15859 
0.014656 -0.14667 0.98908 0.99989 0.0021498 -0.014497 0 0.98918 0.14669 
-0.18624 0.048031 0.98133 0.98251 0.0091043 0.18601 0 0.9988 -0.048886 
-0.18624 -0.26409 0.94635 0.98251 -0.050059 0.17938 0 0.9632 0.26879 
0.54719 0.65792 0.51742 -0.68861 0.70527 -0.16855 -0.47582 -0.26408 0.83897 
0.62433 -0.51948 0.5834 -0.6178 0.1287 0.77573 -0.47806 -0.84474 -0.24058 
0.62433 -0.28294 0.72812 -0.6178 0.39159 0.6819 -0.47806 -0.87556 0.069677 
0.34681 -0.4624 0.81604 -0.90172 0.075057 0.42575 -0.25812 -0.88349 -0.39092 
0.33579 -0.8302 0.44499 -0.92208 -0.19323 0.3353 -0.19238 -0.52291 -0.8304 
0.33579 -0.63969 -0.69141 -0.92208 -0.37315 -0.10259 -0.19238 0.67198 -0.71514 
0.44588 0.51214 -0.7341 -0.8274 -0.077052 -0.5563 -0.34147 0.85544 0.38939 
0.2944 0.85107 -0.43475 -0.89209 0.081566 -0.44443 -0.34278 0.51867 0.78325 
0.5674 0.5909 -0.57349 -0.77351 0.14365 -0.61729 -0.28237 0.79385 0.53858 
0.17565 0.60036 -0.7802 -0.92722 -0.1654 -0.33602 -0.33078 0.78244 0.52762 
-0.69351 0.38897 0.60642 0.63952 -0.055219 0.76679 0.33174 0.91959 -0.21046 
-0.69351 0.28078 0.66348 0.63952 -0.18414 0.7464 0.33174 0.94194 -0.051861 
-0.69351 0.22642 0.68394 0.63952 -0.24367 0.72914 0.33174 0.94306 0.024187 
-0.70967 0.46617 0.52825 0.64773 0.13673 0.7495 0.27717 0.87406 -0.39899 
-0.70967 0.52577 0.46897 0.64773 0.22502 0.72788 0.27717 0.82032 -0.50025 
-0.61623 0.36035 0.70029 0.73125 -0.068392 0.67867 0.29245 0.93031 -0.22136 
-0.409 0.16098 0.89822 0.88988 -0.14761 0.43166 0.20207 0.97586 -0.082879 
-0.18251 -0.13537 0.97384 0.98216 -0.070606 0.17426 0.04517 0.98828 0.14584 
-0.12938 -0.49886 0.85697 0.97821 -0.20573 0.027927 0.16237 0.84191 0.51461 
0.014656 -0.48397 0.87496 0.99989 0.0070937 -0.012825 0 0.87505 0.48402 
-0.18624 -0.49463 0.84892 0.98251 -0.093758 0.16091 0 0.86403 0.50344 
-0.52897 0.51531 -0.67428 0.83823 0.44133 -0.32031 0.13252 -0.73463 -0.6654 
-0.52897 0.5104 -0.678 0.83823 0.43899 -0.3235 0.13252 -0.73944 -0.66005 
-0.70967 0.46498 0.52931 0.64773 0.13504 0.74981 0.27717 0.87496 -0.39701 
-0.61623 0.39475 0.68149 0.73125 -0.034534 0.68123 0.29245 0.91814 -0.26738 
-0.409 0.1959 0.89126 0.88988 -0.13065 0.43709 0.20207 0.97188 -0.12089 
-0.18251 -0.23626 0.95439 0.98216 -0.088407 0.16594 0.04517 0.96766 0.24819 
-0.12938 -0.66259 0.73772 0.97821 -0.20711 -0.014461 0.16237 0.71977 0.67495 
0.014656 -0.63601 0.77154 0.99989 0.0093222 -0.011309 0 0.77162 0.63608 
-0.18624 -0.43288 0.882 0.98251 -0.082053 0.16719 0 0.89771 0.44059 
-0.52897 0.67409 -0.51555 0.83823 0.50988 -0.19337 0.13252 -0.53444 -0.83475 
-0.57304 0.55419 -0.60373 0.81044 0.49262 -0.31704 0.12171 -0.67096 -0.73143 
0.54719 -0.6067 0.57663 -0.68861 0.065326 0.72218 -0.47582 -0.79224 -0.38203 
0.58782 -0.48166 0.64998 -0.7262 0.039908 0.68632 -0.35652 -0.87545 -0.32633 
0.58782 -0.18897 0.78661 -0.7262 0.30525 0.616 -0.35652 -0.93334 0.042198 
0.34681 -0.031648 0.9374 -0.90172 0.26379 0.34251 -0.25812 -0.96406 0.062946 
0.34681 -0.31895 -0.88204 -0.90172 -0.37217 -0.21997 -0.25812 0.87164 -0.41667 
0.33579 0.71161 -0.61713 -0.92208 0.11453 -0.36966 -0.19238 0.69318 0.69462 
0.44588 0.61389 -0.6514 -0.8274 0.0050437 -0.56159 -0.34147 0.78937 0.51018 
0.3068 0.85772 -0.41254 -0.91163 0.14027 -0.38633 -0.2735 0.49461 0.82496 
0.39214 0.67463 -0.62538 -0.84845 0.0025374 -0.52927 -0.35548 0.73815 0.57338 
0.42713 0.5387 -0.72619 -0.79361 -0.16151 -0.5866 -0.43329 0.82687 0.35853 
0.71665 0.48773 -0.49853 -0.47667 -0.17926 -0.86061 -0.50911 0.85439 0.10402 
-0.65584 0.36827 0.65898 0.63916 -0.19361 0.7443 0.40169 0.90934 -0.10841 
-0.69351 0.26894 0.66837 0.63952 -0.19738 0.743 0.33174 0.94272 -0.035106 
-0.73702 0.28131 0.61454 0.5626 -0.24853 0.78849 0.37454 0.92688 0.024909 
-0.6191 0.31676 0.7186 0.70223 -0.18632 0.68713 0.35155 0.93002 -0.10709 
-0.52497 0.83251 0.17702 0.78539 0.39369 0.47767 0.32798 0.38979 -0.86052 
-0.409 0.28919 0.8655 0.88988 -0.083626 0.44847 0.20207 0.95361 -0.22314 
-0.44148 0.76118 0.47508 0.86459 0.21929 0.4521 0.23995 0.61034 -0.75492 
-0.12938 -0.49668 0.85824 0.97821 -0.20565 0.02845 0.16237 0.84322 0.51247 
0.014656 -0.62841 0.77775 0.99989 0.0092107 -0.0114 0 0.77783 0.62847 
-0.52897 0.66045 0.53291 0.83823 0.30856 0.44962 0.13252 0.68454 -0.71683 
-0.57304 0.73311 -0.36628 0.81044 0.57331 -0.12043 0.12171 -0.36586 -0.92268 
-0.55084 0.62862 -0.54901 0.82876 0.48972 -0.27078 0.098639 -0.60416 -0.79074 
0.38271 0.81552 -0.43412 0.061584 -0.49136 -0.86877 -0.92181 0.30576 -0.23827 
0.38271 0.82854 -0.40871 0.061584 -0.46429 -0.88354 -0.92181 0.31297 -0.22871 
0.3765 0.83975 -0.39124 0.054402 -0.44163 -0.89555 -0.92482 0.31589 -0.21196 
0.22153 0.93805 -0.26642 0.042169 -0.28217 -0.95844 -0.97424 0.20109 -0.10207 
0.25808 0.88 -0.39875 -0.064468 -0.39613 -0.91593 -0.96397 0.26209 -0.045499 
0.25808 0.79789 -0.54477 -0.064468 -0.54839 -0.83373 -0.96397 0.25029 -0.090089 
0.12199 0.76542 -0.63187 0 -0.63662 -0.77118 -0.99253 0.094075 -0.077661 
0.021741 0.81156 -0.58386 0.050496 -0.58414 -0.81008 -0.99849 -0.011871 -0.053681 
0.22808 -0.036956 0.97294 0.13144 0.9913 0.0068405 -0.96473 0.12632 0.23095 
0.48775 0.32871 0.80873 0.10207 0.89858 -0.42678 -0.86699 0.29071 0.40473 
0.48775 0.50118 0.71479 0.10207 0.78043 -0.61685 -0.86699 0.37383 0.32951 
0.48775 0.59228 0.64132 0.10207 0.69091 -0.7157 -0.86699 0.41454 0.27654 
0.5475 0.68218 0.48465 0 0.57916 -0.81521 -0.83681 0.44633 0.31709 
0.5475 0.78265 0.29615 0 0.3539 -0.93528 -0.83681 0.51206 0.19376 
0.054749 0.89982 -0.43282 0.0014316 -0.43354 -0.90113 -0.9985 0.048717 -0.025024 
0.16092 0.8626 -0.47962 0 -0.48595 -0.87399 -0.98697 0.14064 -0.078199 
0.29132 0.90088 -0.32179 0 -0.33638 -0.94173 -0.95663 0.27434 -0.097993 
0.41467 0.75093 -0.51395 -0.069589 -0.53697 -0.84072 -0.90731 0.38439 -0.17041 
-0.22992 0.9713 0.061017 0.84494 0.23033 -0.48273 -0.48292 -0.059433 -0.87364 
0.38818 0.19332 -0.90108 0.34896 -0.93578 -0.050435 -0.85296 -0.29486 -0.43071 
-0.25964 0.8573 -0.44455 0.45438 -0.29774 -0.83957 -0.85213 -0.41998 -0.31224 
-0.25829 0.80511 0.53394 0.70429 0.53524 -0.46636 -0.66126 0.25559 -0.70528 
